Code_Département;Nom_Département;E_0_19_ans;E_20_39_ans;E_40_59_ans;E_60_74_ans;E_75_et_plus;E_Total;F_0_19_ans;F_20_39_ans;F_40_59_ans;F_60_74_ans;F_75_et_plus;F_Total;H_0_19_ans;H_20_39_ans;H_40_59_ans;H_60_74_ans;H_75_et_plus;H_Total;Année;Code_Département_Num
2A;Corse-du-Sud;33264;45215;31582;20499;163955;33395;17286;23156;16283;11820;84737;16192;15978;22059;15299;8679;79218;17203;2023;
2B;Haute-Corse;42927;49963;36206;22027;187300;36177;21507;25820;18754;12484;95969;17404;21420;24143;17452;9543;91331;18773;2023;
01;Ain;149960;183127;109363;58760;671937;170727;74412;92184;56877;34452;340359;82434;75548;90943;52486;24308;331578;88293;2023;1.0
02;Aisne;113454;132390;98737;52526;522791;125684;56240;66518;51495;31827;267076;60996;57214;65872;47242;20699;255715;64688;2023;2.0
03;Allier;62147;83062;72415;48998;332443;65821;30104;42137;38447;29725;172511;32098;32043;40925;33968;19273;159932;33723;2023;3.0
04;Alpes-de-Haute-Provence;31074;43060;36122;22569;166654;33829;15436;22278;18750;13325;86165;16376;15638;20782;17372;9244;80489;17453;2023;4.0
05;Hautes-Alpes;26275;36517;30877;18078;139942;28195;12799;18522;16056;10709;71671;13585;13476;17995;14821;7369;68271;14610;2023;5.0
06;Alpes-Maritimes;237498;287295;203675;148963;1110328;232897;121470;150020;110846;89996;586031;113699;116028;137275;92829;58967;524297;119198;2023;6.0
07;Ardèche;61742;87158;70314;42922;332230;70094;30528;43940;36337;25230;169811;33776;31214;43218;33977;17692;162419;36318;2023;7.0
08;Ardennes;55376;68630;52860;27818;265417;60733;27062;34793;27501;16892;135682;29434;28314;33837;25359;10926;129735;31299;2023;8.0
09;Ariège;29168;39975;33862;20638;154581;30938;14023;20391;17451;12044;78896;14987;15145;19584;16411;8594;75685;15951;2023;9.0
10;Aube;70172;76731;55908;33874;312713;76028;34713;39046;29659;20344;160324;36562;35459;37685;26249;13530;152389;39466;2023;10.0
11;Aude;71694;97098;80916;51176;379775;78891;35895;50413;43020;30163;197578;38087;35799;46685;37896;21013;182197;40804;2023;11.0
12;Aveyron;52359;71383;60413;40621;279504;54728;24481;35454;30826;23904;141126;26461;27878;35929;29587;16717;138378;28267;2023;12.0
13;Bouches-du-Rhône;491568;527142;350716;220608;2069118;479084;253102;274329;188257;132080;1081424;233656;238466;252813;162459;88528;987694;245428;2023;13.0
14;Calvados;159523;172763;132798;74909;700595;160602;80271;88107;71409;45884;363550;77879;79252;84656;61389;29025;337045;82723;2023;14.0
15;Cantal;25546;37400;33086;20483;143639;27124;12389;18478;16767;12496;73493;13363;13157;18922;16319;7987;70146;13761;2023;15.0
16;Charente;69671;89892;74394;44985;351036;72094;34262;45867;39052;26936;180928;34811;35409;44025;35342;18049;170108;37283;2023;16.0
17;Charente-Maritime;123247;168391;150530;93602;665904;130134;61009;87109;80654;55456;347098;62870;62238;81282;69876;38146;318806;67264;2023;17.0
18;Cher;58379;74021;63615;39602;297274;61657;28555;37600;33592;23467;153290;30076;29824;36421;30023;16135;143984;31581;2023;18.0
19;Corrèze;44643;60149;52266;34052;237077;45967;21483;30033;27360;20656;121470;21938;23160;30116;24906;13396;115607;24029;2023;19.0
21;Côte-d'Or;130757;133149;96329;57338;536166;118593;65255;67870;51308;34560;277372;58379;65502;65279;45021;22778;258794;60214;2023;21.0
22;Côtes-d'Armor;112316;154041;130065;79392;607834;132020;55145;78013;68241;47886;313813;64528;57171;76028;61824;31506;294021;67492;2023;22.0
23;Creuse;18795;28721;28123;17273;113106;20194;8943;14389;14378;10478;58094;9906;9852;14332;13745;6795;55012;10288;2023;23.0
24;Dordogne;71425;104742;98395;60890;411382;75930;35252;53886;51237;36242;213275;36658;36173;50856;47158;24648;198107;39272;2023;24.0
25;Doubs;132459;138173;90978;54964;550112;133538;65630;69369;48173;32441;280909;65296;66829;68804;42805;22523;269203;68242;2023;25.0
26;Drôme;110832;134298;96727;59474;523185;121854;55199;68812;50918;35317;269360;59114;55633;65486;45809;24157;253825;62740;2023;26.0
27;Eure;126977;157983;108222;54784;596710;148744;63462;80242;57123;32875;306816;73114;63515;77741;51099;21909;289894;75630;2023;27.0
28;Eure-et-Loir;89256;113509;77332;42872;428994;106025;44608;57313;40420;25395;219172;51436;44648;56196;36912;17477;209822;54589;2023;28.0
29;Finistère;192902;237620;187803;109396;926065;198344;94045;119270;98409;67688;475817;96405;98857;118350;89394;41708;450248;101939;2023;29.0
30;Gard;153782;195819;150865;88767;757435;168202;77065;101464;79510;52833;392551;81679;76717;94355;71355;35934;364884;86523;2023;30.0
31;Haute-Garonne;410470;376818;213293;123851;1470367;345935;206589;190081;113413;74834;755496;170579;203881;186737;99880;49017;714871;175356;2023;31.0
32;Gers;33018;50510;43147;28207;192820;37938;16519;25790;22007;16330;98822;18176;16499;24720;21140;11877;93998;19762;2023;32.0
33;Gironde;426124;441875;277349;162476;1691437;383613;217202;226587;149902;98343;881431;189397;208922;215288;127447;64133;810006;194216;2023;33.0
34;Hérault;296912;305664;216240;134785;1232805;279204;151341;158337;117010;79933;644241;137620;145571;147327;99230;54852;588564;141584;2023;34.0
35;Ille-et-Vilaine;280111;286769;173226;103475;1118600;275019;140147;143705;91244;62737;572306;134473;139964;143064;81982;40738;546294;140546;2023;35.0
36;Indre;39054;54163;47959;31943;214914;41795;19252;27366;24796;19224;111083;20445;19802;26797;23163;12719;103831;21350;2023;36.0
37;Indre-et-Loire;142500;155727;110999;68130;618016;140660;72412;79523;58786;41048;320359;68590;70088;76204;52213;27082;297657;72070;2023;37.0
38;Isère;305761;337499;208839;120883;1294476;321494;151650;170146;110009;71999;660382;156578;154111;167353;98830;48884;634094;164916;2023;38.0
39;Jura;51233;67320;51014;31637;256814;55610;25109;34099;26395;18648;131501;27250;26124;33221;24619;12989;125313;28360;2023;39.0
40;Landes;79697;115466;91695;54631;428669;87180;39502;58905;48023;32192;220551;41929;40195;56561;43672;22439;208118;45251;2023;40.0
41;Loir-et-Cher;62216;83851;66643;41716;326465;72039;30736;42259;35082;24733;167695;34885;31480;41592;31561;16983;158770;37154;2023;41.0
42;Loire;169921;190728;137120;90079;772342;184494;84684;96437;72962;54266;397248;88899;85237;94291;64158;35813;375094;95595;2023;42.0
43;Haute-Loire;43467;59551;47197;27728;226878;48935;21118;29718;24078;16580;115100;23606;22349;29833;23119;11148;111778;25329;2023;43.0
44;Loire-Atlantique;370489;384727;240846;135143;1497313;366108;183703;193962;128991;82597;767483;178230;186786;190765;111855;52546;729830;187878;2023;44.0
45;Loiret;155434;173563;118062;69526;686615;170030;77608;88226;62566;41397;351959;82162;77826;85337;55496;28129;334656;87868;2023;45.0
46;Lot;29435;44213;42928;26441;175308;32291;14305;22445;22179;15303;89730;15498;15130;21768;20749;11138;85578;16793;2023;46.0
47;Lot-et-Garonne;62257;82480;69067;45583;328309;68922;31386;42473;36683;26751;170851;33558;30871;40007;32384;18832;157458;35364;2023;47.0
48;Lozère;14789;20043;16496;9487;76648;15833;7086;9843;8182;5582;38284;7591;7703;10200;8314;3905;38364;8242;2023;48.0
49;Maine-et-Loire;189238;205982;143062;86111;828269;203876;95308;103805;75475;51820;426181;99773;93930;102177;67587;34291;402088;104103;2023;49.0
50;Manche;97478;124502;104403;61403;492642;104856;47395;62434;53993;36957;251640;50861;50083;62068;50410;24446;241002;53995;2023;50.0
51;Marne;137618;141022;98390;53568;564108;133510;68485;71587;52914;32735;291380;65659;69133;69435;45476;20833;272728;67851;2023;51.0
52;Haute-Marne;34265;41984;35994;21295;167544;34006;16055;20980;18877;12932;85257;16413;18210;21004;17117;8363;82287;17593;2023;52.0
53;Mayenne;62892;78150;56087;34644;305452;73679;30178;38636;28899;20514;153917;35690;32714;39514;27188;14130;151535;37989;2023;53.0
54;Meurthe-et-Moselle;184253;182065;126567;70169;729477;166423;91470;92442;67357;43025;375324;81030;92783;89623;59210;27144;354153;85393;2023;54.0
55;Meuse;36624;45563;37415;20092;178010;38316;17308;22626;19098;12120;89700;18548;19316;22937;18317;7972;88310;19768;2023;55.0
56;Morbihan;148083;200127;166294;95928;777383;166951;72379;101788;87774;57659;399742;80142;75704;98339;78520;38269;377641;86809;2023;56.0
57;Moselle;245009;277466;197432;100982;1051456;230567;120111;139978;104624;61183;537778;111882;124898;137488;92808;39799;513678;118685;2023;57.0
58;Nièvre;34614;48548;46989;30282;197857;37424;16708;24649;24580;18606;102861;18318;17906;23899;22409;11676;94996;19106;2023;58.0
59;Nord;663901;649408;415646;214518;2606646;663173;335549;330888;224886;134583;1349571;323665;328352;318520;190760;79935;1257075;339508;2023;59.0
60;Oise;193427;221668;136484;66206;833259;215474;96989;111869;71528;39573;426274;106315;96438;109799;64956;26633;406985;109159;2023;60.0
61;Orne;51448;68035;58708;36816;272872;57865;25181;34094;30542;22125;139576;27634;26267;33941;28166;14691;133296;30231;2023;61.0
62;Pas-de-Calais;329976;372413;261967;130464;1453934;359114;164584;187507;140146;82403;749360;174720;165392;184906;121821;48061;704574;184394;2023;62.0
63;Puy-de-Dôme;155174;170398;122515;72218;669117;148812;77705;85302;64865;43684;345088;73532;77469;85096;57650;28534;324029;75280;2023;63.0
64;Pyrénées-Atlantiques;143895;183999;138172;87975;697899;143858;71969;94493;73261;53760;362719;69236;71926;89506;64911;34215;335180;74622;2023;64.0
65;Hautes-Pyrénées;45140;58712;50059;31560;230583;45112;21972;30236;26457;19055;119145;21425;23168;28476;23602;12505;111438;23687;2023;65.0
66;Pyrénées-Orientales;94374;124827;101841;65605;490594;103947;48414;65434;54511;39191;258271;50721;45960;59393;47330;26414;232323;53226;2023;66.0
67;Bas-Rhin;292820;305190;202364;106016;1168422;262032;148257;154783;105754;63004;600166;128368;144563;150407;96610;43012;568256;133664;2023;67.0
68;Haut-Rhin;171494;207843;142019;74968;769231;172907;84982;104964;73803;44352;391547;83446;86512;102879;68216;30616;377684;89461;2023;68.0
69;Rhône;534616;470912;265604;170769;1921014;479113;273141;240231;144393;103367;995677;234545;261475;230681;121211;67402;925337;244568;2023;69.0
70;Haute-Saône;45124;61781;47842;25389;231773;51637;22162;30966;24775;15017;118030;25110;22962;30815;23067;10372;113743;26527;2023;70.0
71;Saône-et-Loire;103840;139053;115474;73250;547362;115745;50431;70573;60194;43726;280640;55716;53409;68480;55280;29524;266722;60029;2023;71.0
72;Sarthe;119892;143551;105298;64090;567118;134287;59673;72207;55493;38395;290730;64962;60219;71344;49805;25695;276388;69325;2023;72.0
73;Savoie;99189;119792;80416;45834;447797;102566;49066;60162;42195;27642;228396;49331;50123;59630;38221;18192;219401;53235;2023;73.0
74;Haute-Savoie;212520;236605;129892;72789;862267;210461;105256;119113;68490;43371;437675;101445;107264;117492;61402;29418;424592;109016;2023;74.0
75;Paris;698264;526838;304526;185223;2102650;387799;369327;270398;168121;114196;1115855;193813;328937;256440;136405;71027;986795;193986;2023;75.0
76;Seine-Maritime;298797;307993;222941;125697;1254204;298776;149489;157266;119891;77037;649219;145536;149308;150727;103050;48660;604985;153240;2023;76.0
77;Seine-et-Marne;361803;386845;211974;103832;1452775;388321;184491;198537;111734;62301;746764;189701;177312;188308;100240;41531;706011;198620;2023;77.0
78;Yvelines;345419;394725;211976;124469;1461524;384935;175321;200494;114300;74069;751000;186816;170098;194231;97676;50400;710524;198119;2023;78.0
79;Deux-Sèvres;73610;98844;73953;43744;373899;83748;35768;49967;38592;25726;190328;40275;37842;48877;35361;18018;183571;43473;2023;79.0
80;Somme;133775;141794;100983;55465;564067;132050;67399;71621;53556;33758;290593;64259;66376;70173;47427;21707;273474;67791;2023;80.0
81;Tarn;75507;102427;79813;53051;394546;83748;37556;52436;41926;31708;204108;40482;37951;49991;37887;21343;190438;43266;2023;81.0
82;Tarn-et-Garonne;53165;70883;49876;29210;266039;62905;26396;35903;26031;16948;135680;30402;26769;34980;23845;12262;130359;32503;2023;82.0
83;Var;222944;280198;224818;156919;1110260;225381;111223;144500;120818;92596;577281;108144;111721;135698;104000;64323;532979;117237;2023;83.0
84;Vaucluse;117629;145261;105014;64946;563789;130939;59881;74798;56509;38575;293075;63312;57748;70463;48505;26371;270714;67627;2023;84.0
85;Vendée;134432;180700;148997;88765;709274;156380;66157;90738;78083;52151;362649;75520;68275;89962;70914;36614;346625;80860;2023;85.0
86;Vienne;103207;108004;80247;49290;441534;100786;52228;55340;41952;29346;228477;49611;50979;52664;38295;19944;213057;51175;2023;86.0
87;Haute-Vienne;79565;92345;74235;47209;370113;76759;40755;46916;39441;28563;193506;37831;38810;45429;34794;18646;176607;38928;2023;87.0
88;Vosges;70190;91912;76143;43027;355884;74612;34230;46020;39817;26115;182337;36155;35960;45892;36326;16912;173547;38457;2023;88.0
89;Yonne;63727;85107;67694;40385;329321;72408;31067;43057;35419;24229;168790;35018;32660;42050;32275;16156;160531;37390;2023;89.0
90;Territoire de Belfort;31285;35644;24339;13944;136891;31679;14449;17967;12840;8315;68826;15255;16836;17677;11499;5629;68065;16424;2023;90.0
91;Essonne;335513;343204;183690;101426;1316053;352220;167610;173268;97337;60389;670248;171644;167903;169936;86353;41037;645805;180576;2023;91.0
92;Hauts-de-Seine;458773;439264;220666;128017;1642002;395282;236357;229409;122470;78773;860491;193482;222416;209855;98196;49244;781511;201800;2023;92.0
93;Seine-Saint-Denis;474891;429520;206409;90696;1682806;481290;242333;212871;108171;53385;852401;235641;232558;216649;98238;37311;830405;245649;2023;93.0
94;Val-de-Marne;396508;370026;195871;106520;1426748;357823;203120;190347;104873;65554;738936;175042;193388;179679;90998;40966;687812;182781;2023;94.0
95;Val-d'Oise;329763;327655;175610;81632;1274374;359714;168566;166930;93859;48148;652916;175413;161197;160725;81751;33484;621458;184301;2023;95.0
971;Guadeloupe;71299;103413;77129;37066;375845;86938;39221;59351;41351;22037;204591;42631;32078;44062;35778;15029;171254;44307;2023;971.0
972;Martinique;65757;95769;75832;37455;347686;72873;36420;54403;40693;22164;189714;36034;29337;41366;35139;15291;157972;36839;2023;972.0
973;Guyane;82967;64088;23919;7352;301099;122773;44731;33979;12112;4154;156329;61353;38236;30109;11807;3198;144770;61420;2023;973.0
974;La Réunion;203823;236340;130915;50120;873102;251904;110363;125436;68464;29853;458301;124185;93460;110904;62451;20267;414801;127719;2023;974.0
976;Mayotte;82450;47554;10545;2782;310022;166691;47821;23682;5038;1468;162264;84255;34629;23872;5507;1314;147758;82436;2023;976.0
2A;Corse-du-Sud;33518;45062;31385;19938;162924;33021;17476;23005;16165;11549;84184;15989;16042;22057;15220;8389;78740;17032;2022;
2B;Haute-Corse;42869;49482;35934;21390;185906;36231;21507;25513;18561;12213;95236;17442;21362;23969;17373;9177;90670;18789;2022;
01;Ain;149381;182322;108338;56286;666971;170644;74242;91588;56384;33240;337889;82435;75139;90734;51954;23046;329082;88209;2022;1.0
02;Aisne;114151;133577;99174;50493;524723;127328;56645;67185;51759;30867;268287;61831;57506;66392;47415;19626;256436;65497;2022;2.0
03;Allier;62330;83969;73059;47435;333500;66707;30308;42641;38796;28902;173172;32525;32022;41328;34263;18533;160328;34182;2022;3.0
04;Alpes-de-Haute-Provence;30984;43372;35934;21823;166198;34085;15314;22472;18624;12906;85859;16543;15670;20900;17310;8917;80339;17542;2022;4.0
05;Hautes-Alpes;26531;36961;30567;17330;140078;28689;13010;18721;15870;10290;71697;13806;13521;18240;14697;7040;68381;14883;2022;5.0
06;Alpes-Maritimes;237601;287591;203151;145395;1106233;232495;121696;149821;110618;88190;583641;113316;115905;137770;92533;57205;522592;119179;2022;6.0
07;Ardèche;61678;87456;70096;41176;331214;70808;30560;44060;36142;24376;169331;34193;31118;43396;33954;16800;161883;36615;2022;7.0
08;Ardennes;55834;69516;52936;26857;266690;61547;27370;35172;27542;16479;136410;29847;28464;34344;25394;10378;130280;31700;2022;8.0
09;Ariège;29077;40257;33811;20081;154424;31198;14078;20501;17340;11835;78875;15121;14999;19756;16471;8246;75549;16077;2022;9.0
10;Aube;69895;77056;56340;32699;312183;76193;34639;39196;29762;19909;160166;36660;35256;37860;26578;12790;152017;39533;2022;10.0
11;Aude;71633;97400;81025;49109;378330;79163;35981;50505;42997;29017;196782;38282;35652;46895;38028;20092;181548;40881;2022;11.0
12;Aveyron;52285;71806;60503;39650;279639;55395;24640;35612;30868;23468;141327;26739;27645;36194;29635;16182;138312;28656;2022;12.0
13;Bouches-du-Rhône;491709;526834;350503;213539;2061919;479334;252923;274123;188016;128358;1077465;234045;238786;252711;162487;85181;984454;245289;2022;13.0
14;Calvados;159804;173061;133349;72068;699791;161509;80455;88309;71445;44624;363203;78370;79349;84752;61904;27444;336588;83139;2022;14.0
15;Cantal;25574;37824;33111;19971;143803;27323;12421;18740;16760;12251;73586;13414;13153;19084;16351;7720;70217;13909;2022;15.0
16;Charente;69842;90632;74528;43851;351283;72430;34441;46183;39161;26355;181093;34953;35401;44449;35367;17496;170190;37477;2022;16.0
17;Charente-Maritime;123392;168083;150972;89680;662822;130695;61207;86834;80995;53274;345498;63188;62185;81249;69977;36406;317324;67507;2022;17.0
18;Cher;58487;75150;64109;38187;298249;62316;28557;38145;33889;22788;153841;30462;29930;37005;30220;15399;144408;31854;2022;18.0
19;Corrèze;44830;60794;52562;33252;237790;46352;21529;30423;27505;20316;121955;22182;23301;30371;25057;12936;115835;24170;2022;19.0
21;Côte-d'Or;130925;133729;96708;55203;535786;119221;65499;68304;51293;33477;277153;58580;65426;65425;45415;21726;258633;60641;2022;21.0
22;Côtes-d'Armor;111937;154118;130813;76825;606868;133175;55065;77952;68566;46753;313408;65072;56872;76166;62247;30072;293460;68103;2022;22.0
23;Creuse;19002;29147;28488;17011;114142;20494;9044;14655;14479;10388;58606;10040;9958;14492;14009;6623;55536;10454;2022;23.0
24;Dordogne;71651;106115;98482;59137;411988;76603;35421;54487;51201;35403;213548;37036;36230;51628;47281;23734;198440;39567;2022;24.0
25;Doubs;132834;137493;91480;52905;548458;133746;65976;68948;48426;31410;280018;65258;66858;68545;43054;21495;268440;68488;2022;25.0
26;Drôme;110534;134384;96540;57357;521319;122504;55153;68936;50897;34103;268480;59391;55381;65448;45643;23254;252839;63113;2022;26.0
27;Eure;127745;158568;108443;52451;597425;150218;64146;80336;57183;31628;306916;73623;63599;78232;51260;20823;290509;76595;2022;27.0
28;Eure-et-Loir;89986;113656;77517;41553;429570;106858;45019;57280;40559;24738;219544;51948;44967;56376;36958;16815;210026;54910;2022;28.0
29;Finistère;192998;238154;186977;105389;923400;199882;93999;119351;98160;65825;474560;97225;98999;118803;88817;39564;448840;102657;2022;29.0
30;Gard;153954;195938;150502;85834;755497;169269;77384;101354;79370;51197;391527;82222;76570;94584;71132;34637;363970;87047;2022;30.0
31;Haute-Garonne;408104;372761;210603;118849;1452541;342224;205104;188387;111971;72031;746085;168592;203000;184374;98632;46818;706456;173632;2022;31.0
32;Gers;33056;51019;43037;27311;192553;38130;16547;25966;22055;15854;98696;18274;16509;25053;20982;11457;93857;19856;2022;32.0
33;Gironde;422968;437558;276750;155475;1673755;381004;215878;224063;149356;94789;871882;187796;207090;213495;127394;60686;801873;193208;2022;33.0
34;Hérault;294667;302678;215605;129183;1218474;276341;150395;156823;116534;76868;636743;136123;144272;145855;99071;52315;581731;140218;2022;34.0
35;Ille-et-Vilaine;278841;284713;171808;99143;1108972;274467;139398;142490;90690;60455;567345;134312;139443;142223;81118;38688;541627;140155;2022;35.0
36;Indre;39236;54950;48426;31232;216241;42397;19366;27755;25079;18867;111781;20714;19870;27195;23347;12365;104460;21683;2022;36.0
37;Indre-et-Loire;142478;155492;111153;65954;616107;141030;72301;79590;58779;39930;319501;68901;70177;75902;52374;26024;296606;72129;2022;37.0
38;Isère;305254;337021;207554;116520;1288501;322152;151573;169803;109200;69734;657219;156909;153681;167218;98354;46786;631282;165243;2022;38.0
39;Jura;51414;67751;51120;30548;257304;56471;25215;34251;26537;18139;131788;27646;26199;33500;24583;12409;125516;28825;2022;39.0
40;Landes;79525;114908;91168;52389;425229;87239;39493;58358;47851;31090;218807;42015;40032;56550;43317;21299;206422;45224;2022;40.0
41;Loir-et-Cher;62602;84550;66847;40693;327388;72696;30954;42578;35167;24228;168189;35262;31648;41972;31680;16465;159199;37434;2022;41.0
42;Loire;169719;190749;138030;87117;770678;185063;84612;96485;73422;52813;396714;89382;85107;94264;64608;34304;373964;95681;2022;42.0
43;Haute-Loire;43378;59875;47405;26825;227097;49614;21107;29836;24100;16244;115233;23946;22271;30039;23305;10581;111864;25668;2022;43.0
44;Loire-Atlantique;366542;380446;239070;128892;1480188;365238;181800;191745;128102;79487;759270;178136;184742;188701;110968;49405;720918;187102;2022;44.0
45;Loiret;155634;173456;118351;67138;685081;170502;77899;88121;62489;40191;351269;82569;77735;85335;55862;26947;333812;87933;2022;45.0
46;Lot;29408;44567;42951;25624;175196;32646;14365;22646;22156;14924;89780;15689;15043;21921;20795;10700;85416;16957;2022;46.0
47;Lot-et-Garonne;62484;83253;69306;44565;329180;69572;31548;42865;36692;26287;171225;33833;30936;40388;32614;18278;157955;35739;2022;47.0
48;Lozère;14886;20115;16512;9198;76572;15861;7218;9822;8220;5442;38288;7586;7668;10293;8292;3756;38284;8275;2022;48.0
49;Maine-et-Loire;189509;205615;142477;83201;825814;205012;95590;103465;75207;50313;424819;100244;93919;102150;67270;32888;400995;104768;2022;49.0
50;Manche;97664;125915;104324;59833;493646;105910;47525;63232;53905;36283;252299;51354;50139;62683;50419;23550;241347;54556;2022;50.0
51;Marne;138574;141572;99175;51547;565024;134156;69005;71826;53391;31716;291788;65850;69569;69746;45784;19831;273236;68306;2022;51.0
52;Haute-Marne;34445;42783;36189;20650;168881;34814;16149;21453;18952;12575;85984;16855;18296;21330;17237;8075;82897;17959;2022;52.0
53;Mayenne;62858;78582;56204;33639;305719;74436;30280;38895;29008;20019;154280;36078;32578;39687;27196;13620;151439;38358;2022;53.0
54;Meurthe-et-Moselle;185197;182518;127052;67773;730393;167853;91876;92661;67591;41795;375775;81852;93321;89857;59461;25978;354618;86001;2022;54.0
55;Meuse;37123;46186;37711;19376;179626;39230;17614;22922;19247;11833;90595;18979;19509;23264;18464;7543;89031;20251;2022;55.0
56;Morbihan;148022;199836;165900;91319;772967;167890;72414;101542;87557;55462;397689;80714;75608;98294;78343;35857;375278;87176;2022;56.0
57;Moselle;246513;278501;195422;98215;1050548;231897;120854;140602;103218;59857;537203;112672;125659;137899;92204;38358;513345;119225;2022;57.0
58;Nièvre;34950;49205;47841;29409;199379;37974;16907;25014;25004;18162;103609;18522;18043;24191;22837;11247;95770;19452;2022;58.0
59;Nord;665972;649527;416401;205627;2607165;669638;336636;330774;225160;130209;1349582;326803;329336;318753;191241;75418;1257583;342835;2022;59.0
60;Oise;193273;222004;135846;63566;831729;217040;97114;111740;71220;38369;425401;106958;96159;110264;64626;25197;406328;110082;2022;60.0
61;Orne;51880;68902;59175;35792;274595;58846;25441;34544;30707;21674;140519;28153;26439;34358;28468;14118;134076;30693;2022;61.0
62;Pas-de-Calais;332479;373320;261970;125336;1456588;363483;165859;187912;140448;79917;750918;176782;166620;185408;121522;45419;705670;186701;2022;62.0
63;Puy-de-Dôme;154943;170044;123117;69767;666796;148925;77471;85222;65118;42461;343897;73625;77472;84822;57999;27306;322899;75300;2022;63.0
64;Pyrénées-Atlantiques;143811;184255;137174;85250;694659;144169;71932;94539;72731;52361;361142;69579;71879;89716;64443;32889;333517;74590;2022;64.0
65;Hautes-Pyrénées;44901;58959;50145;31050;230404;45349;21881;30308;26471;18887;119149;21602;23020;28651;23674;12163;111255;23747;2022;65.0
66;Pyrénées-Orientales;94186;124651;102055;63175;488379;104312;48319;65214;54643;37826;256923;50921;45867;59437;47412;25349;231456;53391;2022;66.0
67;Bas-Rhin;293146;304864;199589;102561;1161777;261617;148539;154400;104159;61416;596622;128108;144607;150464;95430;41145;565155;133509;2022;67.0
68;Haut-Rhin;172261;208623;140417;72702;768496;174493;85660;105195;72946;43196;391229;84232;86601;103428;67471;29506;377267;90261;2022;68.0
69;Rhône;533360;466863;265641;164634;1908625;478127;272860;237835;144357;100080;989422;234290;260500;229028;121284;64554;919203;243837;2022;69.0
70;Haute-Saône;45431;62194;47976;24545;232619;52473;22253;31213;24853;14547;118355;25489;23178;30981;23123;9998;114264;26984;2022;70.0
71;Saône-et-Loire;104309;140320;115939;71048;548526;116910;50774;71137;60467;42703;281432;56351;53535;69183;55472;28345;267094;60559;2022;71.0
72;Sarthe;120024;144057;105646;62051;567053;135275;59784;72447;55601;37452;290853;65569;60240;71610;50045;24599;276200;69706;2022;72.0
73;Savoie;99237;119416;79699;44276;444872;102244;49047;59957;41742;26839;226848;49263;50190;59459;37957;17437;218024;52981;2022;73.0
74;Haute-Savoie;211357;234507;128343;69527;853015;209281;104916;117980;67802;41650;433148;100800;106441;116527;60541;27877;419867;108481;2022;74.0
75;Paris;704194;531569;308926;179301;2117702;393712;372380;272698;170909;110893;1123279;196399;331814;258871;138017;68408;994423;197313;2022;75.0
76;Seine-Maritime;300350;308809;223287;121510;1254286;300330;150578;157783;119856;75075;649675;146383;149772;151026;103431;46435;604611;153947;2022;76.0
77;Seine-et-Marne;360526;385885;210359;98096;1444389;389523;184453;197783;110586;59196;742075;190057;176073;188102;99773;38900;702314;199466;2022;77.0
78;Yvelines;344940;394538;211766;119878;1457312;386190;175112;200346;113858;71528;748679;187835;169828;194192;97908;48350;708633;198355;2022;78.0
79;Deux-Sèvres;73551;99339;73706;42831;374142;84715;35830;50138;38419;25324;190590;40879;37721;49201;35287;17507;183552;43836;2022;79.0
80;Somme;134036;142448;101454;53470;565278;133870;67413;71954;53844;32757;291110;65142;66623;70494;47610;20713;274168;68728;2022;80.0
81;Tarn;75368;102436;79714;51554;393436;84364;37596;52432;41838;30875;203555;40814;37772;50004;37876;20679;189881;43550;2022;81.0
82;Tarn-et-Garonne;52867;70807;49506;28592;264886;63114;26375;35845;25728;16749;135184;30487;26492;34962;23778;11843;129702;32627;2022;82.0
83;Var;222508;279694;224340;150991;1102074;224541;110976;144237;120505;89362;573082;108002;111532;135457;103835;61629;528992;116539;2022;83.0
84;Vaucluse;118455;145742;105182;62577;563315;131359;60219;75139;56453;37371;292799;63617;58236;70603;48729;25206;270516;67742;2022;84.0
85;Vendée;133999;179800;148136;84492;704121;157694;66014;90347;77411;50031;360064;76261;67985;89453;70725;34461;344057;81433;2022;85.0
86;Vienne;103220;108025;80703;47972;440868;100948;52281;55216;42249;28709;228190;49735;50939;52809;38454;19263;212678;51213;2022;86.0
87;Haute-Vienne;79748;93072;74823;45887;370726;77196;40769;47336;39705;27968;193832;38054;38979;45736;35118;17919;176894;39142;2022;87.0
88;Vosges;70996;92972;76494;41523;357864;75879;34711;46517;39914;25484;183388;36762;36285;46455;36580;16039;174476;39117;2022;88.0
89;Yonne;64256;85612;68261;39382;331017;73506;31479;43239;35620;23777;169689;35574;32777;42373;32641;15605;161328;37932;2022;89.0
90;Territoire de Belfort;31863;35730;24537;13568;137917;32219;14766;17983;12949;8191;69405;15516;17097;17747;11588;5377;68512;16703;2022;90.0
91;Essonne;335155;343667;183079;97820;1312419;352698;167939;173414;97057;58323;668791;172058;167216;170253;86022;39497;643628;180640;2022;91.0
92;Hauts-de-Seine;457931;437983;219125;123905;1637090;398146;235971;228571;121383;76750;857717;195042;221960;209412;97742;47155;779373;203104;2022;92.0
93;Seine-Saint-Denis;472292;426987;204532;87727;1673645;482107;241367;211688;106930;52041;848107;236081;230925;215299;97602;35686;825538;246026;2022;93.0
94;Val-de-Marne;394535;369562;194560;102827;1420404;358920;202579;190142;104241;63480;735889;175447;191956;179420;90319;39347;684515;183473;2022;94.0
95;Val-d'Oise;328905;326706;174280;77991;1266471;358589;168748;166631;92752;46362;649261;174768;160157;160075;81528;31629;617210;183821;2022;95.0
971;Guadeloupe;72234;106454;74734;35837;378476;89217;39856;60728;40132;21316;205809;43777;32378;45726;34602;14521;172667;45440;2022;971.0
972;Martinique;67122;99158;74089;36988;352205;74848;37091;56072;39747;21916;191853;37027;30031;43086;34342;15072;160352;37821;2022;972.0
973;Guyane;81428;62769;23074;6814;296058;121973;43683;33038;11640;3886;153230;60983;37745;29731;11434;2928;142828;60990;2022;973.0
974;La Réunion;204152;238208;126022;47991;869993;253620;110348;125930;65963;28809;456054;125004;93804;112278;60059;19182;413939;128616;2022;974.0
976;Mayotte;79525;45866;10172;2693;299022;160766;46124;22842;4859;1421;156507;81261;33401;23024;5313;1272;142515;79505;2022;976.0
2B;Haute-Corse;42620;49259;35458;20855;184485;36293;21391;25363;18240;11993;94483;17496;21229;23896;17218;8862;90002;18797;2021;
2A;Corse-du-Sud;33905;44734;31065;19460;161872;32708;17605;22819;15990;11341;83611;15856;16300;21915;15075;8119;78261;16852;2021;
01;Ain;149203;181355;107080;54123;662032;170271;74301;90992;55670;32128;335417;82326;74902;90363;51410;21995;326615;87945;2021;1.0
02;Aisne;114953;134760;99463;48658;526983;129149;57076;67788;51961;30026;269647;62796;57877;66972;47502;18632;257336;66353;2021;2.0
03;Allier;62460;85010;73343;46008;334381;67560;30498;43223;38879;28279;173754;32875;31962;41787;34464;17729;160627;34685;2021;3.0
04;Alpes-de-Haute-Provence;30769;43593;35918;21162;165830;34388;15296;22554;18581;12499;85572;16642;15473;21039;17337;8663;80258;17746;2021;4.0
05;Hautes-Alpes;26792;37359;30250;16677;140230;29152;13200;18930;15647;9948;71742;14017;13592;18429;14603;6729;68488;15135;2021;5.0
06;Alpes-Maritimes;237952;287232;203211;141947;1102251;231909;121633;149695;110418;86425;581259;113088;116319;137537;92793;55522;520992;118821;2021;6.0
07;Ardèche;61488;87895;69618;39427;330012;71584;30390;44349;35848;23430;168716;34699;31098;43546;33770;15997;161296;36885;2021;7.0
08;Ardennes;56391;70458;52830;26111;268216;62426;27737;35567;27481;16154;137229;30290;28654;34891;25349;9957;130987;32136;2021;8.0
09;Ariège;28949;40526;33648;19551;154222;31548;14127;20652;17175;11600;78807;15253;14822;19874;16473;7951;75415;16295;2021;9.0
10;Aube;69833;77493;56670;31574;311831;76261;34725;39240;30009;19400;160065;36691;35108;38253;26661;12174;151766;39570;2021;10.0
11;Aude;71582;97627;80850;47365;376885;79461;36131;50450;42699;28168;195966;38518;35451;47177;38151;19197;180919;40943;2021;11.0
12;Aveyron;52231;72293;60398;38692;279571;55957;24826;35801;30800;23012;141387;26948;27405;36492;29598;15680;138184;29009;2021;12.0
13;Bouches-du-Rhône;491440;526916;348873;207728;2055002;480045;252783;273713;187377;125310;1073640;234457;238657;253203;161496;82418;981362;245588;2021;13.0
14;Calvados;159461;173842;133257;69398;698670;162712;80330;88762;71283;43232;362642;79035;79131;85080;61974;26166;336028;83677;2021;14.0
15;Cantal;25833;38238;33057;19636;144123;27359;12577;18911;16739;12069;73732;13436;13256;19327;16318;7567;70391;13923;2021;15.0
16;Charente;69774;91525;74444;42817;351576;73016;34405;46682;39006;25943;181286;35250;35369;44843;35438;16874;170290;37766;2021;16.0
17;Charente-Maritime;123379;167662;150729;86089;659379;131520;61452;86466;80620;51551;343731;63642;61927;81196;70109;34538;315648;67878;2021;17.0
18;Cher;58642;76348;64183;37252;299546;63121;28719;38728;33885;22412;154565;30821;29923;37620;30298;14840;144981;32300;2021;18.0
19;Corrèze;44873;61621;52629;32463;238576;46990;21633;30836;27570;19958;122449;22452;23240;30785;25059;12505;116127;24538;2021;19.0
21;Côte-d'Or;130591;134406;96547;53290;535275;120441;65471;68651;51146;32402;276804;59134;65120;65755;45401;20888;258471;61307;2021;21.0
22;Côtes-d'Armor;112010;154101;130784;74487;605211;133829;55193;77900;68484;45712;312669;65380;56817;76201;62300;28775;292542;68449;2021;22.0
23;Creuse;19153;29673;28624;16833;115050;20767;9154;14888;14501;10349;59050;10158;9999;14785;14123;6484;56000;10609;2021;23.0
24;Dordogne;71845;107147;98608;57554;412686;77532;35483;55039;51278;34465;213831;37566;36362;52108;47330;23089;198855;39966;2021;24.0
25;Doubs;133237;137322;91212;50994;546630;133865;66291;68820;48191;30519;279022;65201;66946;68502;43021;20475;267608;68664;2021;25.0
26;Drôme;110117;134437;96296;55184;519421;123387;55130;68845;50800;32975;267544;59794;54987;65592;45496;22209;251877;63593;2021;26.0
27;Eure;128628;159329;108131;50543;598404;151773;64787;80537;56778;30793;307136;74241;63841;78792;51353;19750;291268;77532;2021;27.0
28;Eure-et-Loir;90822;113954;77551;40445;430512;107740;45609;57280;40505;24298;220098;52406;45213;56674;37046;16147;210414;55334;2021;28.0
29;Finistère;192878;238701;185388;101615;920279;201697;93837;119508;97534;64006;473006;98121;99041;119193;87854;37609;447273;103576;2021;29.0
30;Gard;153873;196154;149974;82801;753509;170707;77499;101325;79132;49475;390390;82959;76374;94829;70842;33326;363119;87748;2021;30.0
31;Haute-Garonne;406177;368411;207645;114232;1434268;337803;204103;186055;110578;69358;736419;166325;202074;182356;97067;44874;697849;171478;2021;31.0
32;Gers;32894;51431;42935;26435;192159;38464;16454;26200;21979;15424;98506;18449;16440;25231;20956;11011;93653;20015;2021;32.0
33;Gironde;419828;432657;274672;149497;1655325;378671;214493;221525;148074;91605;861946;186249;205335;211132;126598;57892;793379;192422;2021;33.0
34;Hérault;292841;299789;214337;123620;1203908;273321;149711;155502;115776;73759;629128;134380;143130;144287;98561;49861;574780;138941;2021;34.0
35;Ille-et-Vilaine;277789;282012;170272;95253;1099074;273748;139073;141046;89864;58439;562249;133827;138716;140966;80408;36814;536825;139921;2021;35.0
36;Indre;39429;55809;48740;30475;217378;42925;19509;28183;25195;18508;112356;20961;19920;27626;23545;11967;105022;21964;2021;36.0
37;Indre-et-Loire;142231;155422;110962;64071;614119;141433;72396;79406;58779;38867;318587;69139;69835;76016;52183;25204;295532;72294;2021;37.0
38;Isère;304848;335835;206185;112530;1282526;323128;151390;169257;108274;67580;653999;157498;153458;166578;97911;44950;628527;165630;2021;38.0
39;Jura;51692;68202;50904;29770;257991;57423;25413;34478;26406;17791;132155;28067;26279;33724;24498;11979;125836;29356;2021;39.0
40;Landes;79286;114411;90268;50123;421672;87584;39431;58058;47448;29863;216956;42156;39855;56353;42820;20260;204716;45428;2021;40.0
41;Loir-et-Cher;62934;85184;67115;39506;328271;73532;31146;42946;35286;23613;168661;35670;31788;42238;31829;15893;159610;37862;2021;41.0
42;Loire;169429;191017;138498;84253;769112;185915;84705;96632;73650;51407;396163;89769;84724;94385;64848;32846;372949;96146;2021;42.0
43;Haute-Loire;43408;60174;47322;25956;227111;50251;21180;29939;24042;15834;115234;24239;22228;30235;23280;10122;111877;26012;2021;43.0
44;Loire-Atlantique;362426;376706;236062;123622;1462506;363690;180021;190252;126083;76794;750655;177505;182405;186454;109979;46828;711851;186185;2021;44.0
45;Loiret;155409;173823;118443;65149;683940;171116;77846;88160;62558;39089;350774;83121;77563;85663;55885;26060;333166;87995;2021;45.0
46;Lot;29406;44971;42810;24868;174907;32852;14336;22831;22107;14586;89757;15897;15070;22140;20703;10282;85150;16955;2021;46.0
47;Lot-et-Garonne;62922;83839;69572;43396;329989;70260;31740;43100;36818;25715;171554;34181;31182;40739;32754;17681;158435;36079;2021;47.0
48;Lozère;14950;20285;16412;9016;76593;15930;7299;9909;8122;5381;38322;7611;7651;10376;8290;3635;38271;8319;2021;48.0
49;Maine-et-Loire;189823;205531;141369;80301;823052;206028;95806;103421;74488;48890;423316;100711;94017;102110;66881;31411;399736;105317;2021;49.0
50;Manche;98074;127166;103639;58578;494474;107017;47669;63839;53561;35867;252877;51941;50405;63327;50078;22711;241597;55076;2021;50.0
51;Marne;139329;142179;99459;49663;565685;135055;69306;72152;53476;30857;292072;66281;70023;70027;45983;18806;273613;68774;2021;51.0
52;Haute-Marne;34728;43486;36452;20114;170280;35500;16315;21844;19066;12272;86731;17234;18413;21642;17386;7842;83549;18266;2021;52.0
53;Mayenne;62979;78825;56032;32891;306043;75316;30526;38968;28951;19693;154649;36511;32453;39857;27081;13198;151394;38805;2021;53.0
54;Meurthe-et-Moselle;186579;183135;126753;65879;731390;169044;92676;92846;67419;40840;376238;82457;93903;90289;59334;25039;355152;86587;2021;54.0
55;Meuse;37696;46846;37644;18858;181165;40121;17965;23262;19207;11648;91441;19359;19731;23584;18437;7210;89724;20762;2021;55.0
56;Morbihan;147984;199926;164315;87360;768617;169032;72512;101398;86776;53539;395601;81376;75472;98528;77539;33821;373016;87656;2021;56.0
57;Moselle;247861;279896;192594;96015;1049612;233246;121729;141228;101624;58723;536584;113280;126132;138668;90970;37292;513028;119966;2021;57.0
58;Nièvre;35414;49881;48260;28854;201017;38608;17170;25333;25158;17932;104392;18799;18244;24548;23102;10922;96625;19809;2021;58.0
59;Nord;669093;649383;416384;197284;2607335;675191;338474;330508;225201;125903;1349220;329134;330619;318875;191183;71381;1258115;346057;2021;59.0
60;Oise;193419;222339;135462;61051;830560;218289;97385;111745;70988;37163;424699;107418;96034;110594;64474;23888;405861;110871;2021;60.0
61;Orne;52320;69753;59525;35019;276600;59983;25728;34976;30877;21291;141606;28734;26592;34777;28648;13728;134994;31249;2021;61.0
62;Pas-de-Calais;334864;374466;261667;120490;1459338;367851;166855;188592;140338;77663;752487;179039;168009;185874;121329;42827;706851;188812;2021;62.0
63;Puy-de-Dôme;154432;170172;123301;67340;664189;148944;77252;85410;65070;41312;342544;73500;77180;84762;58231;26028;321645;75444;2021;63.0
64;Pyrénées-Atlantiques;143847;183943;135799;82749;690920;144582;71970;94294;72112;51002;359278;69900;71877;89649;63687;31747;331642;74682;2021;64.0
65;Hautes-Pyrénées;44606;59515;49862;30494;230143;45666;21774;30592;26208;18682;119079;21823;22832;28923;23654;11812;111064;23843;2021;65.0
66;Pyrénées-Orientales;94162;124250;101387;61265;485651;104587;48280;64903;54274;36836;255330;51037;45882;59347;47113;24429;230321;53550;2021;66.0
67;Bas-Rhin;292893;304599;196163;99569;1154712;261488;148621;153864;102289;60074;592833;127985;144272;150735;93874;39495;561879;133503;2021;67.0
68;Haut-Rhin;172984;209331;138704;70385;767636;176232;86173;105484;71877;42053;390795;85208;86811;103847;66827;28332;376841;91024;2021;68.0
69;Rhône;531700;463313;264271;159403;1895426;476739;272397;235844;143486;97351;982652;233574;259303;227469;120785;62052;912774;243165;2021;69.0
70;Haute-Saône;45739;62761;47939;23826;233493;53228;22445;31493;24754;14206;118680;25782;23294;31268;23185;9620;114813;27446;2021;70.0
71;Saône-et-Loire;104809;141508;116196;68925;549467;118029;51098;71640;60602;41758;282119;57021;53711;69868;55594;27167;267348;61008;2021;71.0
72;Sarthe;120276;144768;105275;60621;567068;136128;60085;72709;55254;36853;290996;66095;60191;72059;50021;23768;276072;70033;2021;72.0
73;Savoie;99061;119271;78791;42738;441899;102038;49031;59776;41295;25951;225247;49194;50030;59495;37496;16787;216652;52844;2021;73.0
74;Haute-Savoie;210399;232276;126761;66629;843675;207610;104465;116888;66925;40052;428484;100154;105934;115388;59836;26577;415191;107456;2021;74.0
75;Paris;708931;536725;312543;173842;2131104;399063;374958;275158;172988;107799;1129683;198780;333973;261567;139555;66043;1001421;200283;2021;75.0
76;Seine-Maritime;300835;310669;222948;117096;1254334;302786;151086;158907;119648;72863;650048;147544;149749;151762;103300;44233;604286;155242;2021;76.0
77;Seine-et-Marne;359555;385073;207929;93293;1436079;390229;184298;196873;109152;56528;737316;190465;175257;188200;98777;36765;698763;199764;2021;77.0
78;Yvelines;344871;394424;211896;115192;1452852;386469;175222;200255;113557;69080;746228;188114;169649;194169;98339;46112;706624;198355;2021;78.0
79;Deux-Sèvres;73728;99686;73475;42126;374428;85413;36062;50160;38210;25072;190847;41343;37666;49526;35265;17054;183581;44070;2021;79.0
80;Somme;134732;143210;101843;51559;566872;135528;67729;72213;54029;31829;291775;65975;67003;70997;47814;19730;275097;69553;2021;80.0
81;Tarn;75254;102554;79333;50229;392328;84958;37606;52414;41637;30193;203005;41155;37648;50140;37696;20036;189323;43803;2021;81.0
82;Tarn-et-Garonne;52530;70575;49193;27832;263504;63374;26268;35671;25604;16396;134554;30615;26262;34904;23589;11436;128950;32759;2021;82.0
83;Var;221506;279358;223713;145274;1094127;224276;110714;143978;120029;86199;568889;107969;110792;135380;103684;59075;525238;116307;2021;83.0
84;Vaucluse;119015;146375;104824;60632;562700;131854;60661;75328;56267;36335;292420;63829;58354;71047;48557;24297;270280;68025;2021;84.0
85;Vendée;133939;178793;146973;80269;698570;158596;66167;89767;76822;47755;357230;76719;67772;89026;70151;32514;341340;81877;2021;85.0
86;Vienne;102990;108269;80586;46813;440161;101503;52265;55226;42178;28191;227845;49985;50725;53043;38408;18622;212316;51518;2021;86.0
87;Haute-Vienne;79992;93672;75325;44465;371487;78033;40903;47624;40004;27201;194185;38453;39089;46048;35321;17264;177302;39580;2021;87.0
88;Vosges;71723;94149;76681;40123;359915;77239;35112;47149;39941;24860;184472;37410;36611;47000;36740;15263;175443;39829;2021;88.0
89;Yonne;64891;86127;68743;38171;332620;74688;31925;43476;35812;23141;170509;36155;32966;42651;32931;15030;162111;38533;2021;89.0
90;Territoire de Belfort;32186;36149;24484;13168;138976;32989;15062;18184;12930;8009;69974;15789;17124;17965;11554;5159;69002;17200;2021;90.0
91;Essonne;334605;344646;181855;94557;1308892;353229;168084;174106;96198;56513;667341;172440;166521;170540;85657;38044;641551;180789;2021;91.0
92;Hauts-de-Seine;457441;436639;217222;120098;1631170;399770;235683;227965;120236;74497;854349;195968;221758;208674;96986;45601;776821;203802;2021;92.0
93;Seine-Saint-Denis;469947;423951;202924;85743;1664856;482291;240582;210246;105856;50949;843851;236218;229365;213705;97068;34794;821005;246073;2021;93.0
94;Val-de-Marne;392985;368442;193539;99786;1413781;359029;201733;189613;103764;61814;732551;175627;191252;178829;89775;37972;681230;183402;2021;94.0
95;Val-d'Oise;328166;325143;172902;74830;1258517;357476;168660;165926;91621;44976;645492;174309;159506;159217;81281;29854;613025;183167;2021;95.0
971;Guadeloupe;72827;108736;73329;35070;381606;91644;40443;61600;39360;20930;207271;44938;32384;47136;33969;14140;174335;46706;2021;971.0
972;Martinique;68143;102686;72467;36996;357191;76899;37487;57761;38933;21992;194245;38072;30656;44925;33534;15004;162946;38827;2021;972.0
973;Guyane;79784;61941;22262;6416;290714;120311;42764;32287;11171;3688;149985;60075;37020;29654;11091;2728;140729;60236;2021;973.0
974;La Réunion;204903;239185;121001;45919;866669;255661;110705;125823;63524;27822;453685;125811;94198;113362;57477;18097;412984;129850;2021;974.0
976;Mayotte;76788;44285;9822;2606;288725;155224;44537;22054;4691;1375;151118;78461;32251;22231;5131;1231;137607;76763;2021;976.0
2B;Haute-Corse;42626;48880;34619;20443;182887;36319;21370;25106;17873;11768;93609;17492;21256;23774;16746;8675;89278;18827;2020;
2A;Corse-du-Sud;34415;44280;30336;19178;160814;32605;17925;22573;15659;11103;83057;15797;16490;21707;14677;8075;77757;16808;2020;
01;Ain;149199;180000;104799;53638;657856;170220;74388;90278;54433;31796;333265;82370;74811;89722;50366;21842;324591;87850;2020;1.0
02;Aisne;115693;135894;97798;48734;529374;131255;57443;68548;50954;30272;271001;63784;58250;67346;46844;18462;258373;67471;2020;2.0
03;Allier;62570;86107;72513;45799;335628;68639;30665;43782;38438;28179;174480;33416;31905;42325;34075;17620;161148;35223;2020;3.0
04;Alpes-de-Haute-Provence;30655;43729;35364;20999;165451;34704;15298;22607;18290;12381;85317;16741;15357;21122;17074;8618;80134;17963;2020;4.0
05;Hautes-Alpes;27101;37723;29585;16514;140605;29682;13355;19144;15238;9883;71932;14312;13746;18579;14347;6631;68673;15370;2020;5.0
06;Alpes-Maritimes;238190;286952;200202;140201;1097410;231865;121726;149412;108788;85539;578550;113085;116464;137540;91414;54662;518860;118780;2020;6.0
07;Ardèche;61483;88061;68701;38838;329325;72242;30528;44307;35417;23089;168435;35094;30955;43754;33284;15749;160890;37148;2020;7.0
08;Ardennes;57010;71450;51785;26254;269701;63202;28080;36017;27012;16249;138016;30658;28930;35433;24773;10005;131685;32544;2020;8.0
09;Ariège;28877;40807;32967;19461;153954;31842;14205;20731;16839;11577;78674;15322;14672;20076;16128;7884;75280;16520;2020;9.0
10;Aube;69712;77760;56161;31494;311435;76308;34717;39457;29541;19437;159863;36711;34995;38303;26620;12057;151572;39597;2020;10.0
11;Aude;71304;97644;79649;46590;375217;80030;36132;50379;41925;27717;194994;38841;35172;47265;37724;18873;180223;41189;2020;11.0
12;Aveyron;52232;72656;59408;38728;279554;56530;24959;35953;30270;23111;141478;27185;27273;36703;29138;15617;138076;29345;2020;12.0
13;Bouches-du-Rhône;492111;525822;343846;205433;2048070;480858;253215;273130;184380;124250;1069828;234853;238896;252692;159466;81183;978242;246005;2020;13.0
14;Calvados;159750;174111;131070;68754;697547;163862;80672;88770;69886;43174;362072;79570;79078;85341;61184;25580;335475;84292;2020;14.0
15;Cantal;25970;38682;32473;19765;144379;27489;12708;19046;16477;12102;73829;13496;13262;19636;15996;7663;70550;13993;2020;15.0
16;Charente;69854;92170;73292;42673;351718;73729;34530;47011;38392;25795;181250;35522;35324;45159;34900;16878;170468;38207;2020;16.0
17;Charente-Maritime;122763;167092;147994;84835;655709;133025;61393;85992;79173;50801;341711;64352;61370;81100;68821;34034;313998;68673;2020;17.0
18;Cher;59086;77303;63609;37187;300933;63748;28977;39234;33396;22432;155185;31146;30109;38069;30213;14755;145748;32602;2020;18.0
19;Corrèze;44920;62169;51819;32567;239190;47715;21663;31100;27163;20059;122820;22835;23257;31069;24656;12508;116370;24880;2020;19.0
21;Côte-d'Or;130590;134840;95117;53140;535078;121391;65519;68760;50248;32438;276753;59788;65071;66080;44869;20702;258325;61603;2020;21.0
22;Côtes-d'Armor;111650;154303;128600;74071;603640;135016;55213;77955;67281;45675;312023;65899;56437;76348;61319;28396;291617;69117;2020;22.0
23;Creuse;19333;30267;28255;17063;115995;21077;9297;15213;14300;10520;59575;10245;10036;15054;13955;6543;56420;10832;2020;23.0
24;Dordogne;71907;108152;97034;57177;412807;78537;35596;55514;50444;34278;213933;38101;36311;52638;46590;22899;198874;40436;2020;24.0
25;Doubs;133374;136952;90093;50541;545209;134249;66340;68639;47575;30359;278302;65389;67034;68313;42518;20182;266907;68860;2020;25.0
26;Drôme;109858;134309;94958;54211;517709;124373;55171;68769;49944;32489;266589;60216;54687;65540;45014;21722;251120;64157;2020;26.0
27;Eure;129760;159746;106165;50546;599668;153451;65536;80629;55641;30908;307665;74951;64224;79117;50524;19638;292003;78500;2020;27.0
28;Eure-et-Loir;91490;114316;76406;40413;431443;108818;45999;57409;39878;24324;220537;52927;45491;56907;36528;16089;210906;55891;2020;28.0
29;Finistère;192640;239130;180934;100540;917179;203935;93879;119527;95179;63712;471386;99089;98761;119603;85755;36828;445793;104846;2020;29.0
30;Gard;154370;196244;147375;81468;751457;172000;77816;101435;77735;48694;389343;83663;76554;94809;69640;32774;362114;88337;2020;30.0
31;Haute-Garonne;404123;363352;201899;112041;1415757;334342;203140;183340;107821;68025;726614;164288;200983;180012;94078;44016;689143;170054;2020;31.0
32;Gers;32745;51902;42023;26292;191819;38857;16387;26356;21574;15381;98355;18657;16358;25546;20449;10911;93464;20200;2020;32.0
33;Gironde;416214;427660;268466;146883;1636391;377168;212750;219130;144600;90153;851902;185269;203464;208530;123866;56730;784489;191899;2020;33.0
34;Hérault;291020;296380;210451;120707;1188973;270415;148937;153817;113715;71990;621309;132850;142083;142563;96736;48717;567664;137565;2020;34.0
35;Ille-et-Vilaine;276346;279244;165901;93643;1088855;273721;138371;139723;87737;57484;557093;133778;137975;139521;78164;36159;531762;139943;2020;35.0
36;Indre;39250;56768;48357;30572;218707;43760;19465;28700;24957;18593;113090;21375;19785;28068;23400;11979;105617;22385;2020;36.0
37;Indre-et-Loire;141670;155330;109147;63739;612119;142233;72272;79054;57955;38722;317588;69585;69398;76276;51192;25017;294531;72648;2020;37.0
38;Isère;304085;334922;202600;111689;1277513;324217;151287;168657;106294;67160;651309;157911;152798;166265;96306;44529;626204;166306;2020;38.0
39;Jura;51821;68534;50324;29657;258798;58462;25484;34693;25983;17836;132596;28600;26337;33841;24341;11821;126202;29862;2020;39.0
40;Landes;79002;113677;87980;49362;418122;88101;39364;57656;46207;29578;215255;42450;39638;56021;41773;19784;202867;45651;2020;40.0
41;Loir-et-Cher;63270;85889;66189;39642;329357;74367;31396;43321;34679;23765;169269;36108;31874;42568;31510;15877;160088;38259;2020;41.0
42;Loire;168982;191050;137388;84337;768508;186751;84666;96724;72811;51813;396297;90283;84316;94326;64577;32524;372211;96468;2020;42.0
43;Haute-Loire;43404;60562;46456;26155;227489;50912;21174;30086;23623;16040;115530;24607;22230;30476;22833;10115;111959;26305;2020;43.0
44;Loire-Atlantique;359109;371254;230164;121901;1445171;362743;178632;187477;123041;75940;742144;177054;180477;183777;107123;45961;703027;185689;2020;44.0
45;Loiret;155521;174099;116614;64536;682304;171534;78139;88192;61409;38844;350023;83439;77382;85907;55205;25692;332281;88095;2020;45.0
46;Lot;29574;45217;42034;24791;174670;33054;14461;23024;21636;14648;89788;16019;15113;22193;20398;10143;84882;17035;2020;46.0
47;Lot-et-Garonne;63346;84532;68778;43368;330844;70820;32052;43389;36385;25692;171919;34401;31294;41143;32393;17676;158925;36419;2020;47.0
48;Lozère;14981;20490;16035;9101;76633;16026;7353;9993;7960;5438;38375;7631;7628;10497;8075;3663;38258;8395;2020;48.0
49;Maine-et-Loire;189876;205145;138103;79909;820713;207680;95666;103366;72650;48712;421933;101539;94210;101779;65453;31197;398780;106141;2020;49.0
50;Manche;98580;128269;101478;58523;495093;108243;48070;64299;52539;35909;253270;52453;50510;63970;48939;22614;241823;55790;2020;50.0
51;Marne;139751;143029;97985;49515;566659;136379;69630;72625;52497;30891;292462;66819;70121;70404;45488;18624;274197;69560;2020;51.0
52;Haute-Marne;34986;44203;36032;20287;171798;36290;16532;22191;18725;12468;87553;17637;18454;22012;17307;7819;84245;18653;2020;52.0
53;Mayenne;63013;78871;54922;33293;306538;76439;30717;39039;28299;19980;155090;37055;32296;39832;26623;13313;151448;39384;2020;53.0
54;Meurthe-et-Moselle;187468;183737;124651;66288;732590;170446;93137;93047;66307;41278;376825;83056;94331;90690;58344;25010;355765;87390;2020;54.0
55;Meuse;38111;47662;37014;19180;183001;41034;18222;23607;18914;11901;92454;19810;19889;24055;18100;7279;90547;21224;2020;55.0
56;Morbihan;148181;199749;159944;86168;764161;170119;72776;101203;84522;52953;393415;81961;75405;98546;75422;33215;370746;88158;2020;56.0
57;Moselle;248658;281406;187284;97063;1049155;234744;122304;142194;98372;59489;536287;113928;126354;139212;88912;37574;512868;120816;2020;57.0
58;Nièvre;35870;50694;47807;29050;202670;39249;17450;25718;24889;18099;105238;19082;18420;24976;22918;10951;97432;20167;2020;58.0
59;Nord;670937;649696;409543;196541;2607746;681029;339490;330421;221319;126068;1349395;332097;331447;319275;188224;70473;1258351;348932;2020;59.0
60;Oise;193935;222628;133072;60824;829699;219240;97644;111711;69837;37075;424177;107910;96291;110917;63235;23749;405522;111330;2020;60.0
61;Orne;52770;70712;58705;35164;278475;61124;25995;35416;30380;21447;142607;29369;26775;35296;28325;13717;135868;31755;2020;61.0
62;Pas-de-Calais;336837;376108;256550;120338;1462167;372334;167767;189604;137393;77994;754021;181263;169070;186504;119157;42344;708146;191071;2020;62.0
63;Puy-de-Dôme;154149;170049;122037;66703;661852;148914;77228;85238;64359;41183;341413;73405;76921;84811;57678;25520;320439;75509;2020;63.0
64;Pyrénées-Atlantiques;143772;183720;132502;82017;687240;145229;72201;94028;70334;50665;357418;70190;71571;89692;62168;31352;329822;75039;2020;64.0
65;Hautes-Pyrénées;44216;59781;49010;30701;229788;46080;21596;30737;25681;18863;118961;22084;22620;29044;23329;11838;110827;23996;2020;65.0
66;Pyrénées-Orientales;94208;123424;99498;60501;482765;105134;48423;64374;53319;36377;253636;51143;45785;59050;46179;24124;229129;53991;2020;66.0
67;Bas-Rhin;291811;304346;189691;100226;1148073;261999;148292;153616;98738;60665;589417;128106;143519;150730;90953;39561;558656;133893;2020;67.0
68;Haut-Rhin;173599;210065;135009;71246;767842;177923;86911;105644;69837;42657;391111;86062;86688;104421;65172;28589;376731;91861;2020;68.0
69;Rhône;529554;459354;260079;158666;1883437;475784;271411;233667;141282;97039;976618;233219;258143;225687;118797;61627;906819;242565;2020;69.0
70;Haute-Saône;46060;63152;47276;23887;234601;54226;22706;31657;24285;14278;119143;26217;23354;31495;22991;9609;115458;28009;2020;70.0
71;Saône-et-Loire;105136;142651;114830;69082;551063;119364;51381;72142;59913;41976;283126;57714;53755;70509;54917;27106;267937;61650;2020;71.0
72;Sarthe;120127;145416;103365;60440;566993;137645;60209;72800;54244;36821;291035;66961;59918;72616;49121;23619;275958;70684;2020;72.0
73;Savoie;99305;118813;77117;42781;439750;101734;49232;59445;40386;26001;224090;49026;50073;59368;36731;16780;215660;52708;2020;73.0
74;Haute-Savoie;209281;229535;124221;65489;835206;206680;104070;115392;65519;39559;424442;99902;105211;114143;58702;25930;410764;106778;2020;74.0
75;Paris;715136;539898;312314;173278;2145906;405280;377847;276948;173010;107603;1137017;201609;337289;262950;139304;65675;1008889;203671;2020;75.0
76;Seine-Maritime;300887;312908;219642;116030;1254739;305272;151442;159949;117772;72700;650572;148709;149445;152959;101870;43330;604167;156563;2020;76.0
77;Seine-et-Marne;358578;384056;202623;91948;1428636;391431;184194;195876;106002;55917;733192;191203;174384;188180;96621;36031;695444;200228;2020;77.0
78;Yvelines;345225;394362;208723;114354;1449723;387059;175682;199863;111709;68623;744333;188456;169543;194499;97014;45731;705390;198603;2020;78.0
79;Deux-Sèvres;74110;100068;71867;42227;374481;86209;36423;50392;37219;25171;190934;41729;37687;49676;34648;17056;183547;44480;2020;79.0
80;Somme;135172;144084;100895;51325;568748;137272;67999;72620;53485;31839;292714;66771;67173;71464;47410;19486;276034;70501;2020;80.0
81;Tarn;75277;102743;77679;49791;391066;85576;37704;52316;40798;29949;202361;41594;37573;50427;36881;19842;188705;43982;2020;81.0
82;Tarn-et-Garonne;52594;70262;48084;27768;262316;63608;26311;35546;24958;16404;133989;30770;26283;34716;23126;11364;128327;32838;2020;82.0
83;Var;219523;278463;220155;141805;1085189;225243;109706;143724;117848;84192;564138;108668;109817;134739;102307;57613;521051;116575;2020;83.0
84;Vaucluse;119523;146620;103815;59566;561941;132417;60973;75473;55561;35850;292078;64221;58550;71147;48254;23716;269863;68196;2020;84.0
85;Vendée;133938;177826;142876;78521;692705;159544;66213;89343;74476;46928;354187;77227;67725;88483;68400;31593;338518;82317;2020;85.0
86;Vienne;103292;108502;79214;46731;439332;101593;52315;55391;41345;28241;227452;50160;50977;53111;37869;18490;211880;51433;2020;86.0
87;Haute-Vienne;80301;94461;74243;44355;372123;78763;41088;48108;39355;27253;194498;38694;39213;46353;34888;17102;177625;40069;2020;87.0
88;Vosges;72253;95255;75560;40417;362397;78912;35429;47770;39285;25127;185878;38267;36824;47485;36275;15290;176519;40645;2020;88.0
89;Yonne;65474;86749;68033;38110;334156;75790;32418;43901;35211;23191;171343;36622;33056;42848;32822;14919;162813;39168;2020;89.0
90;Territoire de Belfort;32571;36345;24233;13241;140120;33730;15391;18302;12705;8111;70575;16066;17180;18043;11528;5130;69545;17664;2020;90.0
91;Essonne;334377;345360;178127;94330;1306118;353924;168550;174064;94248;56559;666291;172870;165827;171296;83879;37771;639827;181054;2020;91.0
92;Hauts-de-Seine;457041;434343;212763;119965;1626213;402101;235587;226886;117416;74603;851590;197098;221454;207457;95347;45362;774623;205003;2020;92.0
93;Seine-Saint-Denis;468566;421163;198676;85691;1655422;481326;240089;209251;103110;51028;839098;235620;228477;211912;95566;34663;816324;245706;2020;93.0
94;Val-de-Marne;391400;367580;189325;100054;1407972;359613;201223;188973;101226;62363;729925;176140;190177;178607;88099;37691;678047;183473;2020;94.0
95;Val-d'Oise;327413;323792;169170;74495;1251804;356934;168578;165217;89356;45010;642283;174122;158835;158575;79814;29485;609521;182812;2020;95.0
971;Guadeloupe;73301;111300;71453;33806;383559;93699;40816;62782;38364;20304;208281;46015;32485;48518;33089;13502;175278;47684;2020;971.0
972;Martinique;68673;106060;70684;36214;361225;79594;37612;59307;38056;21619;196127;39533;31061;46753;32628;14595;165098;40061;2020;972.0
973;Guyane;78568;60584;21073;5921;285133;118987;41916;31406;10583;3409;146667;59353;36652;29178;10490;2512;138466;59634;2020;973.0
974;La Réunion;206054;239355;115742;44131;863083;257801;111233;125594;60596;26809;451066;126834;94821;113761;55146;17322;412017;130967;2020;974.0
976;Mayotte;74388;42900;9513;2528;279696;150367;43145;21364;4543;1332;146392;76008;31243;21536;4970;1196;133304;74359;2020;976.0
2A;Corse-du-Sud;34039;43830;29552;18725;158507;32361;17821;22355;15368;10916;81976;15516;16218;21475;14184;7809;76531;16845;2019;
2B;Haute-Corse;42502;48796;33595;20065;181933;36975;21441;24773;17310;11602;92819;17693;21061;24023;16285;8463;89114;19282;2019;
01;Ain;148849;178829;102281;52844;652432;169629;74399;89607;52993;31548;330575;82028;74450;89222;49288;21296;321857;87601;2019;1.0
02;Aisne;115580;137655;95956;48566;531345;133588;57517;69523;49961;30360;272216;64855;58063;68132;45995;18206;259129;68733;2019;2.0
03;Allier;62465;87252;71240;45531;335975;69487;30909;44293;37833;28041;174782;33706;31556;42959;33407;17490;161193;35781;2019;3.0
04;Alpes-de-Haute-Provence;30297;43729;34647;20804;164308;34831;15165;22515;17886;12264;84465;16635;15132;21214;16761;8540;79843;18196;2019;4.0
05;Hautes-Alpes;27481;38222;28898;16024;141220;30595;13642;19380;14950;9559;72262;14731;13839;18842;13948;6465;68958;15864;2019;5.0
06;Alpes-Maritimes;239709;287563;197248;136574;1094283;233189;122510;149434;107295;83592;576683;113852;117199;138129;89953;52982;517600;119337;2019;6.0
07;Ardèche;61548;88431;67049;38208;328278;73042;30626;44354;34463;22904;168029;35682;30922;44077;32586;15304;160249;37360;2019;7.0
08;Ardennes;57208;72468;50655;26475;270582;63776;28296;36413;26394;16394;138427;30930;28912;36055;24261;10081;132155;32846;2019;8.0
09;Ariège;28930;41128;32096;19555;153287;31578;14110;20870;16336;11653;78238;15269;14820;20258;15760;7902;75049;16309;2019;9.0
10;Aube;69695;78270;55651;30863;310242;75763;34486;39774;29167;19232;159345;36686;35209;38496;26484;11631;150897;39077;2019;10.0
11;Aude;71161;97666;78470;45555;374070;81218;35981;50357;41198;27216;194205;39453;35180;47309;37272;18339;179865;41765;2019;11.0
12;Aveyron;52295;73157;58276;38636;279595;57231;24971;36322;29718;23112;141564;27441;27324;36835;28558;15524;138031;29790;2019;12.0
13;Bouches-du-Rhône;491519;527109;338373;200771;2043110;485338;252136;273748;181769;121898;1066931;237380;239383;253361;156604;78873;976179;247958;2019;13.0
14;Calvados;160230;174958;128048;69078;694905;162591;81153;89148;68225;43457;360852;78869;79077;85810;59823;25621;334053;83722;2019;14.0
15;Cantal;25953;39101;32032;19964;144692;27642;12657;19244;16207;12211;73949;13630;13296;19857;15825;7753;70743;14012;2019;15.0
16;Charente;70185;93083;72137;42833;352015;73777;34693;47629;37613;25911;181614;35768;35492;45454;34524;16922;170401;38009;2019;16.0
17;Charente-Maritime;122894;166669;144367;84103;651358;133325;61364;85816;77279;50601;339805;64745;61530;80853;67088;33502;311553;68580;2019;17.0
18;Cher;59382;79185;62735;36984;302306;64020;29141;40112;32871;22396;155819;31299;30241;39073;29864;14588;146487;32721;2019;18.0
19;Corrèze;44534;62906;51304;32478;240073;48851;21626;31658;26892;20035;123531;23320;22908;31248;24412;12443;116542;25531;2019;19.0
21;Côte-d'Or;131123;135882;93345;52455;534124;121319;66067;69486;49189;32114;276452;59596;65056;66396;44156;20341;257672;61723;2019;21.0
22;Côtes-d'Armor;110460;154801;125800;74001;600582;135520;54680;77962;65862;45875;310372;65993;55780;76839;59938;28126;290210;69527;2019;22.0
23;Creuse;19407;30818;27751;17291;116617;21350;9385;15444;13985;10722;59946;10410;10022;15374;13766;6569;56671;10940;2019;23.0
24;Dordogne;71872;109005;95062;57377;413223;79907;35526;56009;49388;34464;214272;38885;36346;52996;45674;22913;198951;41022;2019;24.0
25;Doubs;133859;137043;89019;49764;543974;134289;66471;68879;46905;30031;277827;65541;67388;68164;42114;19733;266147;68748;2019;25.0
26;Drôme;109862;134688;93255;53077;516762;125880;55116;68849;49137;31966;266436;61368;54746;65839;44118;21111;250326;64512;2019;26.0
27;Eure;129469;160800;104372;50381;599507;154485;65265;81148;54554;30938;307220;75315;64204;79652;49818;19443;292287;79170;2019;27.0
28;Eure-et-Loir;91478;114712;75040;40611;431575;109734;45848;57728;38965;24538;220519;53440;45630;56984;36075;16073;211056;56294;2019;28.0
29;Finistère;193345;240737;176336;99620;915090;205052;94188;120130;93000;63357;470380;99705;99157;120607;83336;36263;444710;105347;2019;29.0
30;Gard;155037;197144;144276;79077;748437;172903;78466;101904;76012;47358;387752;84012;76571;95240;68264;31719;360685;88891;2019;30.0
31;Haute-Garonne;400154;360448;197529;109309;1400039;332599;200753;181717;105386;66508;717847;163483;199401;178731;92143;42801;682192;169116;2019;31.0
32;Gers;33029;51989;41172;26223;191377;38964;16459;26403;21098;15386;98066;18720;16570;25586;20074;10837;93311;20244;2019;32.0
33;Gironde;413300;426496;263610;143728;1623749;376615;211786;218427;141671;88566;844992;184542;201514;208069;121939;55162;778757;192073;2019;33.0
34;Hérault;288803;294040;206870;117424;1175623;268486;148236;152288;111804;70174;613932;131430;140567;141752;95066;47250;561691;137056;2019;34.0
35;Ille-et-Vilaine;273977;278649;161130;92071;1079498;273671;137109;139369;85290;56709;552401;133924;136868;139280;75840;35362;527097;139747;2019;35.0
36;Indre;39202;57644;47502;30444;219316;44524;19431;29149;24533;18512;113373;21748;19771;28495;22969;11932;105943;22776;2019;36.0
37;Indre-et-Loire;140671;156061;107358;62842;610079;143147;72011;79271;56957;38268;316815;70308;68660;76790;50401;24574;293264;72839;2019;37.0
38;Isère;304113;334609;198715;109290;1271166;324439;151833;168456;104436;65714;648434;157995;152280;166153;94279;43576;622732;166444;2019;38.0
39;Jura;51802;69256;49491;29251;259199;59399;25488;34938;25586;17712;132713;28989;26314;34318;23905;11539;126486;30410;2019;39.0
40;Landes;78391;113329;85564;48081;413690;88325;39224;57454;44985;28898;213174;42613;39167;55875;40579;19183;200516;45712;2019;40.0
41;Loir-et-Cher;63363;86581;65014;39743;329470;74769;31635;43649;33948;23908;169502;36362;31728;42932;31066;15835;159968;38407;2019;41.0
42;Loire;169748;191521;134956;82996;765634;186413;85092;96915;71480;51388;395143;90268;84656;94606;63476;31608;370491;96145;2019;42.0
43;Haute-Loire;43342;61421;45228;25936;227570;51643;21112;30593;22993;15964;115714;25052;22230;30828;22235;9972;111856;26591;2019;43.0
44;Loire-Atlantique;354475;369175;223700;119157;1429272;362765;176827;186616;119491;74755;734583;176894;177648;182559;104209;44402;694689;185871;2019;44.0
45;Loiret;156257;174058;114381;63348;680434;172390;78640;87935;60121;38309;349018;84013;77617;86123;54260;25039;331416;88377;2019;45.0
46;Lot;29811;45498;40876;25236;174094;32673;14678;23113;21052;14959;89611;15809;15133;22385;19824;10277;84483;16864;2019;46.0
47;Lot-et-Garonne;64030;85274;67537;43065;331271;71365;32470;43797;35665;25506;172093;34655;31560;41477;31872;17559;159178;36710;2019;47.0
48;Lozère;15037;20579;15754;9441;76604;15793;7355;10031;7770;5571;38311;7584;7682;10548;7984;3870;38293;8209;2019;48.0
49;Maine-et-Loire;190480;205971;134876;80205;818273;206741;95942;103698;70833;48864;420330;100993;94538;102273;64043;31341;397943;105748;2019;49.0
50;Manche;98363;129122;98778;59904;495045;108878;47772;64628;51118;36872;253570;53180;50591;64494;47660;23032;241475;55698;2019;50.0
51;Marne;140530;144293;96048;49427;566855;136557;69969;73248;51452;30985;292528;66874;70561;71045;44596;18442;274327;69683;2019;51.0
52;Haute-Marne;35189;45251;35135;20299;172512;36638;16590;22795;18255;12508;88012;17864;18599;22456;16880;7791;84500;18774;2019;52.0
53;Mayenne;63144;79650;53681;33629;307062;76958;30884;39488;27676;20229;155694;37417;32260;40162;26005;13400;151368;39541;2019;53.0
54;Meurthe-et-Moselle;188939;185508;122274;66379;733760;170660;93748;93823;64891;41408;377144;83274;95191;91685;57383;24971;356616;87386;2019;54.0
55;Meuse;38281;48494;36090;19188;184083;42030;18281;24016;18410;11943;92975;20325;20000;24478;17680;7245;91108;21705;2019;55.0
56;Morbihan;147814;200366;154824;85803;759684;170877;72385;101453;81630;53077;391263;82718;75429;98913;73194;32726;368421;88159;2019;56.0
57;Moselle;248242;284029;181955;97088;1046543;235229;122526;143234;95316;59531;534646;114039;125716;140795;86639;37557;511897;121190;2019;57.0
58;Nièvre;36327;51697;47059;29118;204452;40251;17671;26192;24565;18143;106077;19506;18656;25505;22494;10975;98375;20745;2019;58.0
59;Nord;675244;652471;401458;195558;2608346;683615;341351;331377;216997;126051;1349863;334087;333893;321094;184461;69507;1258483;349528;2019;59.0
60;Oise;194990;223576;131226;60554;829419;219073;98278;112391;68781;36933;424025;107642;96712;111185;62445;23621;405394;111431;2019;60.0
61;Orne;53416;71794;57641;35156;279942;61935;26285;36065;29763;21521;143609;29975;27131;35729;27878;13635;136333;31960;2019;61.0
62;Pas-de-Calais;340065;378410;250437;120583;1465278;375783;167787;190762;134006;78530;754288;183203;172278;187648;116431;42053;710990;192580;2019;62.0
63;Puy-de-Dôme;156611;171427;120192;66340;662152;147582;78283;85969;63355;41212;341519;72700;78328;85458;56837;25128;320633;74882;2019;63.0
64;Pyrénées-Atlantiques;143567;183835;128566;81614;682621;145039;71978;94017;68440;50363;355483;70685;71589;89818;60126;31251;327138;74354;2019;64.0
65;Hautes-Pyrénées;43590;60592;48227;30561;229567;46597;21256;31134;25350;18877;119031;22414;22334;29458;22877;11684;110536;24183;2019;65.0
66;Pyrénées-Orientales;94518;122835;96735;60689;479979;105202;48452;63945;51704;36481;251845;51263;46066;58890;45031;24208;228134;53939;2019;66.0
67;Bas-Rhin;290095;304896;183997;99038;1140057;262031;147386;154140;95660;60161;585438;128091;142709;150756;88337;38877;554619;133940;2019;67.0
68;Haut-Rhin;173820;211031;131260;71401;767086;179574;87333;106064;67893;42878;391158;86990;86487;104967;63367;28523;375928;92584;2019;68.0
69;Rhône;529610;457565;256446;155098;1875747;477028;272357;232314;139253;95113;973442;234405;257253;225251;117193;59985;902305;242623;2019;69.0
70;Haute-Saône;46341;63626;46454;24328;235313;54564;22965;31780;23845;14618;119483;26275;23376;31846;22609;9710;115830;28289;2019;70.0
71;Saône-et-Loire;105652;143671;113018;68547;551493;120605;51959;72544;58792;41922;283817;58600;53693;71127;54226;26625;267676;62005;2019;71.0
72;Sarthe;119787;146120;101358;60263;566412;138884;60103;73422;52999;36741;290796;67531;59684;72698;48359;23522;275616;71353;2019;72.0
73;Savoie;98123;118933;75402;42577;436434;101399;48691;59559;39339;25978;222711;49144;49432;59374;36063;16599;213723;52255;2019;73.0
74;Haute-Savoie;205916;228638;121974;63567;826094;205999;102366;114928;64354;38384;419566;99534;103550;113710;57620;25183;406528;106465;2019;74.0
75;Paris;726942;545962;311637;170196;2165423;410686;383095;280780;172088;106037;1145830;203830;343847;265182;139549;64159;1019593;206856;2019;75.0
76;Seine-Maritime;301326;316697;215524;114679;1255633;307407;152069;162064;115347;72389;651447;149578;149257;154633;100177;42290;604186;157829;2019;76.0
77;Seine-et-Marne;356822;383444;197468;90017;1421197;393446;183713;195305;103217;54828;729170;192107;173109;188139;94251;35189;692027;201339;2019;77.0
78;Yvelines;343618;396389;206302;111832;1448207;390066;174747;201252;110013;67173;742887;189702;168871;195137;96289;44659;705320;200364;2019;78.0
79;Deux-Sèvres;74183;100485;70169;43056;374878;86985;36676;50566;36259;25720;191399;42178;37507;49919;33910;17336;183479;44807;2019;79.0
80;Somme;136707;145971;99162;51332;570559;137387;68594;73827;52336;32032;293680;66891;68113;72144;46826;19300;276879;70496;2019;80.0
81;Tarn;75570;103443;75826;48796;389844;86209;37990;52696;39811;29385;201842;41960;37580;50747;36015;19411;188002;44249;2019;81.0
82;Tarn-et-Garonne;52408;70092;46997;27560;260669;63612;26211;35436;24375;16359;132992;30611;26197;34656;22622;11201;127677;33001;2019;82.0
83;Var;216973;278856;216148;137915;1076711;226819;108098;144080;115886;81847;559576;109665;108875;134776;100262;56068;517135;117154;2019;83.0
84;Vaucluse;119385;147008;102496;58662;561469;133918;61014;76111;54535;35427;292163;65076;58371;70897;47961;23235;269306;68842;2019;84.0
85;Vendée;134440;177039;137950;76524;685442;159489;66374;88884;72219;45755;350791;77559;68066;88155;65731;30769;334651;81930;2019;85.0
86;Vienne;102996;109135;78127;47018;438435;101159;52110;55550;40741;28499;226642;49742;50886;53585;37386;18519;211793;51417;2019;86.0
87;Haute-Vienne;80241;95361;73010;44503;372359;79244;41255;48569;38728;27403;194947;38992;38986;46792;34282;17100;177412;40252;2019;87.0
88;Vosges;72727;97115;73794;40516;364499;80347;35618;48829;38181;25351;186935;38956;37109;48286;35613;15165;177564;41391;2019;88.0
89;Yonne;65694;87604;67386;38241;335707;76782;32824;44308;34763;23345;172228;36988;32870;43296;32623;14896;163479;39794;2019;89.0
90;Territoire de Belfort;33142;36926;23880;13003;141318;34367;15725;18575;12504;8002;71044;16238;17417;18351;11376;5001;70274;18129;2019;90.0
91;Essonne;332142;346586;175448;91157;1301659;356326;168391;174640;92456;54887;664210;173836;163751;171946;82992;36270;637449;182490;2019;91.0
92;Hauts-de-Seine;456431;433477;209354;117350;1624357;407745;236117;226878;114758;73663;851149;199733;220314;206599;94596;43687;773208;208012;2019;92.0
93;Seine-Saint-Denis;466414;418395;193328;84510;1644903;482256;240036;207907;100410;50913;835909;236643;226378;210488;92918;33597;808994;245613;2019;93.0
94;Val-de-Marne;391237;368834;185187;98192;1407124;363674;201833;189210;99380;61362;730164;178379;189404;179624;85807;36830;676960;185295;2019;94.0
95;Val-d'Oise;327422;324670;164650;72895;1249674;360037;169273;165998;86594;44568;642358;175925;158149;158672;78056;28327;607316;184112;2019;95.0
971;Guadeloupe;74175;112954;68569;32822;384239;95719;40871;63365;36964;19882;208513;47431;33304;49589;31605;12940;175726;48288;2019;971.0
972;Martinique;69074;108914;68640;35735;364508;82145;37831;60709;36952;21468;197563;40603;31243;48205;31688;14267;166945;41542;2019;972.0
973;Guyane;77788;59911;20301;5510;281678;118168;41476;30579;10159;3199;144418;59005;36312;29332;10142;2311;137260;59163;2019;973.0
974;La Réunion;207824;239477;110591;42371;861210;260947;111382;125475;58325;25951;449817;128684;96442;114002;52266;16420;411393;132263;2019;974.0
976;Mayotte;71696;41350;9172;2441;269579;144920;41583;20591;4380;1286;141097;73257;30113;20759;4792;1155;128482;71663;2019;976.0
2A;Corse-du-Sud;34697;43747;29209;18306;157853;31894;18177;22333;15141;10698;81628;15279;16520;21414;14068;7608;76225;16615;2018;
2B;Haute-Corse;42227;48631;33288;19429;180701;37126;21357;24662;17092;11294;92221;17816;20870;23969;16196;8135;88480;19310;2018;
01;Ain;150262;178340;99851;51728;647634;167453;75212;89269;51624;31070;328226;81051;75050;89071;48227;20658;319408;86402;2018;1.0
02;Aisne;116346;139838;94077;48652;533316;134403;58130;70557;48851;30668;273448;65242;58216;69281;45226;17984;259868;69161;2018;2.0
03;Allier;62473;88566;70752;45355;337171;70025;31051;44957;37584;27994;175459;33873;31422;43609;33168;17361;161712;36152;2018;3.0
04;Alpes-de-Haute-Provence;30670;44276;34197;20341;164068;34584;15434;22787;17550;12079;84286;16436;15236;21489;16647;8262;79782;18148;2018;4.0
05;Hautes-Alpes;27833;38543;28270;15711;140698;30341;13886;19542;14559;9418;71987;14582;13947;19001;13711;6293;68711;15759;2018;5.0
06;Alpes-Maritimes;239120;285842;195649;134574;1086219;231034;122257;148632;106388;82631;572601;112693;116863;137210;89261;51943;513618;118341;2018;6.0
07;Ardèche;61951;89001;65918;37417;326606;72319;30989;44465;33940;22502;167252;35356;30962;44536;31978;14915;159354;36963;2018;7.0
08;Ardennes;57851;73710;49775;26458;271845;64051;28677;36982;25918;16473;139080;31030;29174;36728;23857;9985;132765;33021;2018;8.0
09;Ariège;29180;41437;31611;19384;153066;31454;14342;20970;16031;11611;78146;15192;14838;20467;15580;7773;74920;16262;2018;9.0
10;Aube;69747;78955;54638;30822;310020;75858;34687;40104;28622;19345;159433;36675;35060;38851;26016;11477;150587;39183;2018;10.0
11;Aude;71508;98189;77756;44314;372806;81039;36297;50585;40740;26590;193628;39416;35211;47604;37016;17724;179178;41623;2018;11.0
12;Aveyron;52269;73851;57338;38515;279274;57301;25186;36720;29102;23145;141502;27349;27083;37131;28236;15370;137772;29952;2018;12.0
13;Bouches-du-Rhône;490502;527275;333387;196514;2034357;486679;251520;273960;178919;119710;1062716;238607;238982;253315;154468;76804;971641;248072;2018;13.0
14;Calvados;159104;176277;125642;68412;694056;164621;80364;89892;66967;43224;360598;80151;78740;86385;58675;25188;333458;84470;2018;14.0
15;Cantal;26084;39623;31574;19883;144765;27601;12772;19451;16020;12182;74033;13608;13312;20172;15554;7701;70732;13993;2018;15.0
16;Charente;70259;94263;70889;42460;351778;73907;34810;48153;36973;25737;181489;35816;35449;46110;33916;16723;170289;38091;2018;16.0
17;Charente-Maritime;122247;167238;142525;82175;646932;132747;61240;86255;76059;49604;337459;64301;61007;80983;66466;32571;309473;68446;2018;17.0
18;Cher;59829;80545;62058;36703;303408;64273;29513;40767;32426;22389;156437;31342;30316;39778;29632;14314;146971;32931;2018;18.0
19;Corrèze;44760;63724;50647;32400;240583;49052;21863;32124;26513;20051;123885;23334;22897;31600;24134;12349;116698;25718;2018;19.0
21;Côte-d'Or;129273;136741;91590;52131;533220;123485;64961;69850;48190;32110;276017;60906;64312;66891;43400;20021;257203;62579;2018;21.0
22;Côtes-d'Armor;110570;156760;123667;73184;599584;135403;54891;78938;64615;45691;310026;65891;55679;77822;59052;27493;289558;69512;2018;22.0
23;Creuse;19576;31653;27399;17474;117503;21401;9514;15848;13813;10928;60500;10397;10062;15805;13586;6546;57003;11004;2018;23.0
24;Dordogne;72172;110612;93765;56720;413418;80149;35764;56811;48598;34173;214302;38956;36408;53801;45167;22547;199116;41193;2018;24.0
25;Doubs;133044;136886;87227;49296;541454;135001;65968;68882;45862;29876;276535;65947;67076;68004;41365;19420;264919;69054;2018;25.0
26;Drôme;110592;135259;91694;51882;514732;125305;55663;69152;48233;31330;265372;60994;54929;66107;43461;20552;249360;64311;2018;26.0
27;Eure;131241;162318;102304;49744;599962;154355;66397;81894;53446;30649;307507;75121;64844;80424;48858;19095;292455;79234;2018;27.0
28;Eure-et-Loir;92652;115433;73809;40923;431997;109180;46537;58049;38301;24808;220890;53195;46115;57384;35508;16115;211107;55985;2018;28.0
29;Finistère;192667;242379;172354;98132;911735;206203;93858;121171;90807;62783;468842;100223;98809;121208;81547;35349;442893;105980;2018;29.0
30;Gard;155052;198358;142084;77110;745458;172854;78676;102529;74610;46339;386286;84132;76376;95829;67474;30771;359172;88722;2018;30.0
31;Haute-Garonne;392831;354905;191581;106546;1380672;334809;196174;179329;102157;65064;707951;165227;196657;175576;89424;41482;672721;169582;2018;31.0
32;Gers;33263;52691;40492;26058;191283;38779;16647;26693;20706;15330;98005;18629;16616;25998;19786;10728;93278;20150;2018;32.0
33;Gironde;407185;420836;256861;140411;1601845;376552;208328;215762;137895;86974;833936;184977;198857;205074;118966;53437;767909;191575;2018;33.0
34;Hérault;283928;290753;203414;113294;1159220;267831;145454;150861;109415;68082;605544;131732;138474;139892;93999;45212;553676;136099;2018;34.0
35;Ille-et-Vilaine;270249;276079;156750;91156;1069228;274994;135006;137932;83132;56277;547092;134745;135243;138147;73618;34879;522136;140249;2018;35.0
36;Indre;39446;58871;47188;30376;220595;44714;19563;29808;24341;18547;114089;21830;19883;29063;22847;11829;106506;22884;2018;36.0
37;Indre-et-Loire;138953;156620;105350;62197;607760;144640;70990;79585;55915;37973;315594;71131;67963;77035;49435;24224;292166;73509;2018;37.0
38;Isère;302743;333755;194621;106897;1263563;325547;151569;167833;102099;64626;644669;158542;151174;165922;92522;42271;618894;167005;2018;38.0
39;Jura;52372;70048;48809;29065;259746;59452;25842;35300;25254;17681;133003;28926;26530;34748;23555;11384;126743;30526;2018;39.0
40;Landes;79027;113146;83798;46934;410355;87450;39578;57421;43941;28362;211449;42147;39449;55725;39857;18572;198906;45303;2018;40.0
41;Loir-et-Cher;63857;87797;64089;39786;330248;74719;32002;44201;33451;23981;169893;36258;31855;43596;30638;15805;160355;38461;2018;41.0
42;Loire;168755;192450;133076;82505;763441;186655;84675;97417;70250;51558;394434;90534;84080;95033;62826;30947;369007;96121;2018;42.0
43;Haute-Loire;43703;62106;44555;25832;227552;51356;21468;30829;22661;15994;115787;24835;22235;31277;21894;9838;111765;26521;2018;43.0
44;Loire-Atlantique;351986;365159;217315;117178;1412502;360864;175865;184498;116277;73792;726311;175879;176121;180661;101038;43386;686191;184985;2018;44.0
45;Loiret;156517;175101;112334;62664;678845;172229;79014;88431;58975;38050;348324;83854;77503;86670;53359;24614;330521;88375;2018;45.0
46;Lot;30008;46319;40203;24890;173929;32509;14808;23503;20653;14795;89481;15722;15200;22816;19550;10095;84448;16787;2018;46.0
47;Lot-et-Garonne;64486;86302;67081;42683;331970;71418;32713;44373;35290;25372;172608;34860;31773;41929;31791;17311;159362;36558;2018;47.0
48;Lozère;15040;20843;15453;9344;76520;15840;7377;10164;7582;5570;38297;7604;7663;10679;7871;3774;38223;8236;2018;48.0
49;Maine-et-Loire;188167;206621;131502;79890;815883;209703;94544;104088;68947;48825;419022;102618;93623;102533;62555;31065;396861;107085;2018;49.0
50;Manche;98932;131144;96835;59765;495983;109307;48124;65664;50039;36920;254114;53367;50808;65480;46796;22845;241869;55940;2018;50.0
51;Marne;139628;145671;94146;49140;567462;138877;69617;74033;50285;30945;292777;67897;70011;71638;43861;18195;274685;70980;2018;51.0
52;Haute-Marne;35772;46339;34634;20329;174069;36995;16985;23334;17966;12570;88791;17936;18787;23005;16668;7759;85278;19059;2018;52.0
53;Mayenne;63339;80136;52628;33901;307084;77080;30997;39700;27134;20515;155794;37448;32342;40436;25494;13386;151290;39632;2018;53.0
54;Meurthe-et-Moselle;186560;186852;119096;66326;733469;174635;92593;94615;63088;41551;377328;85481;93967;92237;56008;24775;356141;89154;2018;54.0
55;Meuse;38754;49560;35401;19271;185355;42369;18533;24502;18089;12051;93560;20385;20221;25058;17312;7220;91795;21984;2018;55.0
56;Morbihan;147676;201790;150923;84329;754867;170149;72568;102126;79583;52342;388839;82220;75108;99664;71340;31987;366028;87929;2018;56.0
57;Moselle;249415;286633;176226;95508;1043524;235742;123473;144545;92270;58727;532991;113976;125942;142088;83956;36781;510533;121766;2018;57.0
58;Nièvre;36498;53009;46751;29172;205828;40398;17912;26789;24443;18232;106775;19399;18586;26220;22308;10940;99053;20999;2018;58.0
59;Nord;673277;655256;390899;194131;2606234;692671;340148;333320;211297;125614;1349179;338800;333129;321936;179602;68517;1257055;353871;2018;59.0
60;Oise;197245;224255;127588;59722;827153;218343;99691;112690;66600;36761;422795;107053;97554;111565;60988;22961;404358;111290;2018;60.0
61;Orne;53506;73312;56993;35274;281593;62508;26403;36783;29412;21659;144544;30287;27103;36529;27581;13615;137049;32221;2018;61.0
62;Pas-de-Calais;341727;382408;243716;119515;1466743;379377;169393;192448;130792;78218;755519;184668;172334;189960;112924;41297;711224;194709;2018;62.0
63;Puy-de-Dôme;155024;171835;118028;65293;659048;148868;77238;86233;62094;40880;340082;73637;77786;85602;55934;24413;318966;75231;2018;63.0
64;Pyrénées-Atlantiques;143878;184189;125785;80644;679810;145314;72326;94224;66880;49967;353997;70600;71552;89965;58905;30677;325813;74714;2018;64.0
65;Hautes-Pyrénées;43322;61371;47449;30376;229191;46673;21300;31552;24864;18879;119019;22424;22022;29819;22585;11497;110172;24249;2018;65.0
66;Pyrénées-Orientales;94292;122865;95475;59285;476357;104440;48451;63973;50902;35748;249939;50865;45841;58892;44573;23537;226418;53575;2018;66.0
67;Bas-Rhin;287419;305980;178528;97122;1133552;264503;145813;154582;92641;59437;582359;129886;141606;151398;85887;37685;551193;134617;2018;67.0
68;Haut-Rhin;174826;212390;127960;70371;764981;179434;87854;106774;66031;42506;390281;87116;86972;105616;61929;27865;374700;92318;2018;68.0
69;Rhône;522227;452894;251471;152621;1859524;480311;267923;229938;136186;94277;965415;237091;254304;222956;115285;58344;894109;243220;2018;69.0
70;Haute-Saône;46897;64494;45797;24207;236018;54623;23358;32190;23524;14575;119850;26203;23539;32304;22273;9632;116168;28420;2018;70.0
71;Saône-et-Loire;106092;145993;111543;68033;552185;120524;52342;73766;57923;41811;284108;58266;53750;72227;53620;26222;268077;62258;2018;71.0
72;Sarthe;119741;147316;99654;59960;565963;139292;60207;74047;52120;36667;290602;67561;59534;73269;47534;23293;275361;71731;2018;72.0
73;Savoie;98419;118863;73569;41789;433724;101084;48942;59463;38356;25637;221380;48982;49477;59400;35213;16152;212344;52102;2018;73.0
74;Haute-Savoie;208236;225818;118565;61848;816699;202232;103721;113576;62530;37517;414968;97624;104515;112242;56035;24331;401731;104608;2018;74.0
75;Paris;733438;545609;309851;169441;2175601;417262;384710;281444;171261;105914;1151751;208422;348728;264165;138590;63527;1023850;208840;2018;75.0
76;Seine-Maritime;300839;319410;211282;113752;1255883;310600;151807;163460;112908;72158;651929;151596;149032;155950;98374;41594;603954;159004;2018;76.0
77;Seine-et-Marne;358280;382008;191412;87773;1412516;393043;184785;194358;99978;53793;724753;191839;173495;187650;91434;33980;687763;201204;2018;77.0
78;Yvelines;346011;395070;201779;109703;1441398;388835;176206;200467;107417;66260;739807;189457;169805;194603;94362;43443;701591;199378;2018;78.0
79;Deux-Sèvres;74876;101341;68935;43008;374799;86639;37113;51015;35590;25728;191394;41948;37763;50326;33345;17280;183405;44691;2018;79.0
80;Somme;135482;147183;97084;50807;570662;140106;68021;74258;51195;31803;293796;68519;67461;72925;45889;19004;276866;71587;2018;80.0
81;Tarn;75557;104029;74408;48452;388596;86150;38086;53090;38926;29226;201279;41951;37471;50939;35482;19226;187317;44199;2018;81.0
82;Tarn-et-Garonne;52871;69860;46167;27318;259124;62908;26497;35290;23961;16267;132300;30285;26374;34570;22206;11051;126824;32623;2018;82.0
83;Var;216657;278368;213976;133130;1067697;225566;108371;143872;114297;79302;554714;108872;108286;134496;99679;53828;512983;116694;2018;83.0
84;Vaucluse;120181;147575;101238;57297;559793;133502;61585;76459;53680;34739;291332;64869;58596;71116;47558;22558;268461;68633;2018;84.0
85;Vendée;135542;176879;135253;74864;679991;157453;67018;88855;70622;44994;347985;76496;68524;88024;64631;29870;332006;80957;2018;85.0
86;Vienne;101295;109725;76662;46870;437586;103034;51068;55823;39899;28523;226302;50989;50227;53902;36763;18347;211284;52045;2018;86.0
87;Haute-Vienne;79497;96567;72226;44381;373199;80528;40603;49187;38290;27419;195521;40022;38894;47380;33936;16962;177678;40506;2018;87.0
88;Vosges;73383;99007;72239;40494;366112;80989;36077;49837;37265;25495;187907;39233;37306;49170;34974;14999;178205;41756;2018;88.0
89;Yonne;66591;89056;66656;38235;337504;76966;33395;45095;34279;23457;173255;37029;33196;43961;32377;14778;164249;39937;2018;89.0
90;Territoire de Belfort;33435;37453;23425;13011;141852;34528;15925;18895;12215;8060;71352;16257;17510;18558;11210;4951;70500;18271;2018;90.0
91;Essonne;334101;346512;170319;89469;1296641;356240;169887;174532;89588;54044;661629;173578;164214;171980;80731;35425;635012;182662;2018;91.0
92;Hauts-de-Seine;463749;429758;203771;116949;1619120;404893;239594;225241;111438;73852;848836;198711;224155;204517;92333;43097;770284;206182;2018;92.0
93;Seine-Saint-Denis;472117;413404;187119;83008;1632677;477029;242852;205420;96846;50339;830035;234578;229265;207984;90273;32669;802642;242451;2018;93.0
94;Val-de-Marne;392938;366200;179117;96919;1396913;361739;202959;187999;96228;60746;725295;177363;189979;178201;82889;36173;671618;184376;2018;94.0
95;Val-d'Oise;328957;322940;158350;71737;1238581;356597;170111;165353;82966;44094;637194;174670;158846;157587;75384;27643;601387;181927;2018;95.0
971;Guadeloupe;74670;115667;66687;32250;387629;98355;41506;64607;36003;19456;210119;48547;33164;51060;30684;12794;177510;49808;2018;971.0
972;Martinique;69595;112262;66981;35819;368783;84126;38205;62416;36147;21523;199743;41452;31390;49846;30834;14296;169040;42674;2018;972.0
973;Guyane;77055;58397;19069;5240;276128;116367;41193;29762;9496;3030;141413;57932;35862;28635;9573;2210;134715;58435;2018;973.0
974;La Réunion;208297;238761;105448;40325;855961;263130;111848;124831;55619;24830;446589;129461;96449;113930;49829;15495;409372;133669;2018;974.0
976;Mayotte;69047;39823;8836;2357;259621;139558;40047;19832;4219;1241;135885;70546;29000;19991;4617;1116;123736;69012;2018;976.0
2A;Corse-du-Sud;34842;44325;29237;17674;157249;31171;18183;22606;15121;10315;81097;14872;16659;21719;14116;7359;76152;16299;2017;
2B;Haute-Corse;41322;48079;32659;18940;177689;36689;20937;24391;16819;11128;90905;17630;20385;23688;15840;7812;86784;19059;2017;
01;Ain;149167;178495;97596;50656;643350;167436;74666;89274;50301;30585;326058;81232;74501;89221;47295;20071;317292;86204;2017;1.0
02;Aisne;117461;141427;91681;48683;534490;135238;58576;71253;47498;30814;273821;65680;58885;70174;44183;17869;260669;69558;2017;2.0
03;Allier;63788;89746;69527;45324;337988;69603;31519;45656;36906;28108;176133;33944;32269;44090;32621;17216;161855;35659;2017;3.0
04;Alpes-de-Haute-Provence;31172;44555;33484;19695;163915;35009;15609;22927;17171;11682;84078;16689;15563;21628;16313;8013;79837;18320;2017;4.0
05;Hautes-Alpes;28300;38863;27167;15967;141284;30987;14028;19691;13913;9522;72181;15027;14272;19172;13254;6445;69103;15960;2017;5.0
06;Alpes-Maritimes;239490;286482;193668;133136;1083310;230534;122320;148650;105272;81987;570932;112703;117170;137832;88396;51149;512378;117831;2017;6.0
07;Ardèche;62210;89649;64118;37416;325712;72319;31205;44918;32870;22686;166891;35212;31005;44731;31248;14730;158821;37107;2017;7.0
08;Ardennes;58483;74727;48675;26732;273579;64962;29143;37589;25221;16754;140200;31493;29340;37138;23454;9978;133379;33469;2017;8.0
09;Ariège;29096;41710;30993;19386;153153;31968;14182;21156;15654;11645;78098;15461;14914;20554;15339;7741;75055;16507;2017;9.0
10;Aube;69899;79906;53803;30819;310020;75593;34883;40454;28249;19358;159736;36792;35016;39452;25554;11461;150284;38801;2017;10.0
11;Aude;71523;98007;75694;44218;370260;80818;36468;50374;39396;26576;192285;39471;35055;47633;36298;17642;177975;41347;2017;11.0
12;Aveyron;52009;75035;56031;38577;279206;57554;25343;37306;28402;23160;141759;27548;26666;37729;27629;15417;137447;30006;2017;12.0
13;Bouches-du-Rhône;489727;528237;328650;193784;2024162;483764;250389;274427;176032;118800;1056229;236581;239338;253810;152618;74984;967933;247183;2017;13.0
14;Calvados;159523;178375;122166;68192;694002;165746;80484;91051;64866;43318;360409;80690;79039;87324;57300;24874;333593;85056;2017;14.0
15;Cantal;25970;40291;30913;20225;145143;27744;12766;19773;15693;12466;74391;13693;13204;20518;15220;7759;70752;14051;2017;15.0
16;Charente;70329;95358;69367;42953;352335;74328;34864;48676;36133;26230;181974;36071;35465;46682;33234;16723;170361;38257;2017;16.0
17;Charente-Maritime;122829;167871;138803;80757;644303;134043;61570;86543;73736;49059;335783;64875;61259;81328;65067;31698;308520;69168;2017;17.0
18;Cher;59510;81889;60872;37047;304256;64938;29322;41507;31585;22714;156809;31681;30188;40382;29287;14333;147447;33257;2017;18.0
19;Corrèze;46354;64361;49521;32681;241464;48547;22369;32432;25916;20297;124370;23356;23985;31929;23605;12384;117094;25191;2017;19.0
21;Côte-d'Or;130268;138306;89799;51522;533819;123924;65703;70771;46982;31960;276383;60967;64565;67535;42817;19562;257436;62957;2017;21.0
22;Côtes-d'Armor;111633;157667;120461;73542;598814;135511;55486;79289;62944;46087;309794;65988;56147;78378;57517;27455;289020;69523;2017;22.0
23;Creuse;19824;32376;26758;17849;118638;21831;9662;16100;13517;11108;60993;10606;10162;16276;13241;6741;57645;11225;2017;23.0
24;Dordogne;72735;112070;91473;56958;413606;80370;36164;57361;47337;34381;214194;38951;36571;54709;44136;22577;199412;41419;2017;24.0
25;Doubs;132863;137172;85497;48713;539067;134822;65840;69051;44897;29631;275132;65713;67023;68121;40600;19082;263935;69109;2017;25.0
26;Drôme;110056;135234;90188;51112;511553;124963;55345;69047;47538;30816;263432;60686;54711;66187;42650;20296;248121;64277;2017;26.0
27;Eure;132440;163765;99494;49936;601843;156208;67082;82552;51806;30899;308251;75912;65358;81213;47688;19037;293592;80296;2017;27.0
28;Eure-et-Loir;94209;116219;72180;40916;433233;109709;47218;58554;37305;24797;221424;53550;46991;57665;34875;16119;211809;56159;2017;28.0
29;Finistère;193066;243412;165954;98598;909028;207998;93719;121689;87455;63306;467252;101083;99347;121723;78499;35292;441776;106915;2017;29.0
30;Gard;156678;199453;138776;75771;744178;173500;79433;103204;72690;45729;385534;84478;77245;96249;66086;30042;358644;89022;2017;30.0
31;Haute-Garonne;388074;351728;185809;104959;1362672;332102;193995;177880;99090;64175;698848;163708;194079;173848;86719;40784;663824;168394;2017;31.0
32;Gers;33509;52905;39634;26264;191091;38779;16765;26744;20229;15493;97963;18732;16744;26161;19405;10771;93128;20047;2017;32.0
33;Gironde;403013;417998;250311;138603;1583384;373459;205751;214229;134054;86004;822556;182518;197262;203769;116257;52599;760828;190941;2017;33.0
34;Hérault;280097;288842;198318;110896;1144892;266739;143734;150088;106497;66993;597722;130410;136363;138754;91821;43903;547170;136329;2017;34.0
35;Ille-et-Vilaine;269042;274019;152200;90100;1060199;274838;134384;136791;80713;55941;542435;134606;134658;137228;71487;34159;517764;140232;2017;35.0
36;Indre;39848;59953;46592;30472;222232;45367;19933;30246;24098;18745;115104;22082;19915;29707;22494;11727;107128;23285;2017;36.0
37;Indre-et-Loire;138934;157289;102641;62826;606511;144821;70732;79770;54604;38512;315031;71413;68202;77519;48037;24314;291480;73408;2017;37.0
38;Isère;304304;334014;191177;105230;1258722;323997;151547;167894;100112;63883;641003;157567;152757;166120;91065;41347;617719;166430;2017;38.0
39;Jura;52496;70717;47775;28908;260188;60292;26069;35562;24671;17772;133363;29289;26427;35155;23104;11136;126825;31003;2017;39.0
40;Landes;79670;112790;80939;46898;407444;87147;39913;57142;42436;28445;210039;42103;39757;55648;38503;18453;197405;45044;2017;40.0
41;Loir-et-Cher;64806;89163;62324;40070;331915;75552;32481;44925;32380;24205;170730;36739;32325;44238;29944;15865;161185;38813;2017;41.0
42;Loire;168977;193817;130668;82022;762941;187457;84930;98109;68921;51496;394535;91079;84047;95708;61747;30526;368406;96378;2017;42.0
43;Haute-Loire;44138;62612;43389;25802;227283;51342;21559;31020;22008;16110;115538;24841;22579;31592;21381;9692;111745;26501;2017;43.0
44;Loire-Atlantique;349527;361658;210861;115763;1394909;357100;175066;182923;112645;73227;717835;173974;174461;178735;98216;42536;677074;183126;2017;44.0
45;Loiret;156451;175939;109871;62708;678105;173136;78989;89116;57585;38197;348237;84350;77462;86823;52286;24511;329868;88786;2017;45.0
46;Lot;29737;46942;39064;25099;173828;32986;14628;23870;20039;14924;89556;16095;15109;23072;19025;10175;84272;16891;2017;46.0
47;Lot-et-Garonne;65061;87257;66134;42564;332842;71826;32848;44916;34691;25423;172866;34988;32213;42341;31443;17141;159976;36838;2017;47.0
48;Lozère;15135;20978;15042;9373;76601;16073;7475;10219;7409;5622;38477;7752;7660;10759;7633;3751;38124;8321;2017;48.0
49;Maine-et-Loire;187029;207052;128430;79957;813493;211025;93789;104003;67270;48934;417274;103278;93240;103049;61160;31023;396219;107747;2017;49.0
50;Manche;99275;132430;94205;60234;496883;110739;48409;66120;48845;37263;254659;54022;50866;66310;45360;22971;242224;56717;2017;50.0
51;Marne;140937;146816;91944;49331;568895;139867;70248;74712;48907;31074;293322;68381;70689;72104;43037;18257;275573;71486;2017;51.0
52;Haute-Marne;36094;47248;34196;20454;175640;37648;17247;23782;17677;12668;89637;18263;18847;23466;16519;7786;86003;19385;2017;52.0
53;Mayenne;63622;80704;51467;33708;307445;77944;31296;39797;26645;20397;156062;37927;32326;40907;24822;13311;151383;40017;2017;53.0
54;Meurthe-et-Moselle;187184;187745;116702;66584;733481;175266;92633;95224;61627;41880;376947;85583;94551;92521;55075;24704;356534;89683;2017;54.0
55;Meuse;39510;50443;34413;19363;187187;43458;18980;24937;17562;12163;94575;20933;20530;25506;16851;7200;92612;22525;2017;55.0
56;Morbihan;148089;202270;145578;83569;750863;171357;72944;102276;76750;52187;386997;82840;75145;99994;68828;31382;363866;88517;2017;56.0
57;Moselle;250982;289298;172203;95454;1043522;235585;124191;146047;90059;58826;532918;113795;126791;143251;82144;36628;510604;121790;2017;57.0
58;Nièvre;36800;54249;46176;29288;207182;40669;18144;27350;24061;18445;107532;19532;18656;26899;22115;10843;99650;21137;2017;58.0
59;Nord;677232;658463;379023;195677;2604361;693966;341341;334917;204362;127018;1346945;339307;335891;323546;174661;68659;1257416;354659;2017;59.0
60;Oise;197394;224990;124793;58739;824503;218587;99739;112823;64985;36319;421008;107142;97655;112167;59808;22420;403495;111445;2017;60.0
61;Orne;53981;74412;55582;35665;283372;63732;26650;37273;28679;21876;145400;30922;27331;37139;26903;13789;137972;32810;2017;61.0
62;Pas-de-Calais;344112;385392;235695;120531;1468018;382288;170956;194092;126434;79284;756922;186156;173156;191300;109261;41247;711096;196132;2017;62.0
63;Puy-de-Dôme;153485;172422;115843;65207;653742;146785;76437;86557;60894;40956;337507;72663;77048;85865;54949;24251;316235;74122;2017;63.0
64;Pyrénées-Atlantiques;143876;184748;123094;79665;677309;145926;71951;94456;65423;49368;351981;70783;71925;90292;57671;30297;325328;75143;2017;64.0
65;Hautes-Pyrénées;43043;61966;46588;30354;228530;46579;21218;31791;24369;18904;118603;22321;21825;30175;22219;11450;109927;24258;2017;65.0
66;Pyrénées-Orientales;94922;122725;94053;58476;474452;104276;48616;63775;50175;35501;249124;51057;46306;58950;43878;22975;225328;53219;2017;66.0
67;Bas-Rhin;285907;306663;173691;95877;1125559;263421;144651;155130;89917;59137;578007;129172;141256;151533;83774;36740;547552;134249;2017;67.0
68;Haut-Rhin;175742;214027;124654;69022;764030;180585;88254;107562;64069;42098;389616;87633;87488;106465;60585;26924;374414;92952;2017;68.0
69;Rhône;519880;449456;248744;150609;1843319;474630;266598;228666;134400;93584;957046;233798;253282;220790;114344;57025;886273;240832;2017;69.0
70;Haute-Saône;47196;65223;44825;24305;236659;55110;23492;32452;23034;14651;120162;26533;23704;32771;21791;9654;116497;28577;2017;70.0
71;Saône-et-Loire;107273;147628;109115;68245;553595;121334;52882;74652;56768;41943;284841;58596;54391;72976;52347;26302;268754;62738;2017;71.0
72;Sarthe;120200;148473;97083;60066;566506;140684;60546;74568;50633;36845;291006;68414;59654;73905;46450;23221;275500;72270;2017;72.0
73;Savoie;97709;118959;71858;41262;431174;101386;48517;59565;37462;25321;220067;49202;49192;59394;34396;15941;211107;52184;2017;73.0
74;Haute-Savoie;208091;222608;116120;60042;807360;200499;103906;112007;61228;36842;410993;97010;104185;110601;54892;23200;396367;103489;2017;74.0
75;Paris;736749;550917;309022;168086;2187526;422752;386231;284058;171331;105524;1158341;211197;350518;266859;137691;62562;1029185;211555;2017;75.0
76;Seine-Maritime;300856;322287;205818;114275;1254378;311142;152079;164928;109717;72826;651718;152168;148777;157359;96101;41449;602660;158974;2017;76.0
77;Seine-et-Marne;358391;381646;186117;85817;1403997;392026;185057;193781;97285;52909;720553;191521;173334;187865;88832;32908;683444;200505;2017;77.0
78;Yvelines;348287;393546;200398;107840;1438266;388195;177120;200285;106190;65670;738683;189418;171167;193261;94208;42170;699583;198777;2017;78.0
79;Deux-Sèvres;75325;101829;67157;42674;374351;87366;37469;51391;34574;25557;191351;42360;37856;50438;32583;17117;183000;45006;2017;79.0
80;Somme;136520;148753;94670;50560;572443;141940;68475;75351;49576;31812;294542;69328;68045;73402;45094;18748;277901;72612;2017;80.0
81;Tarn;75696;104249;72862;48565;387890;86518;38199;53226;38163;29438;201300;42274;37497;51023;34699;19127;186590;44244;2017;81.0
82;Tarn-et-Garonne;53361;69988;44786;27042;258349;63172;26732;35273;23199;16246;132097;30647;26629;34715;21587;10796;126252;32525;2017;82.0
83;Var;216385;278203;210234;128836;1058740;225082;108515;144001;112311;77021;550661;108813;107870;134202;97923;51815;508079;116269;2017;83.0
84;Vaucluse;120540;149002;99208;56291;559479;134438;61711;77105;52276;34304;290819;65423;58829;71897;46932;21987;268660;69015;2017;84.0
85;Vendée;136320;176598;130514;73936;675247;157879;67633;88813;67956;44638;345746;76706;68687;87785;62558;29298;329501;81173;2017;85.0
86;Vienne;101111;110957;74612;46745;436876;103451;51045;56478;38769;28543;226022;51187;50066;54479;35843;18202;210854;52264;2017;86.0
87;Haute-Vienne;79617;97917;70980;44626;374426;81286;40574;50048;37499;27661;196021;40239;39043;47869;33481;16965;178405;41047;2017;87.0
88;Vosges;73979;100137;70611;40985;367673;81961;36413;50422;36476;25869;188910;39730;37566;49715;34135;15116;178763;42231;2017;88.0
89;Yonne;67286;90056;65004;38227;338291;77718;33683;45558;33393;23447;173458;37377;33603;44498;31611;14780;164833;40341;2017;89.0
90;Territoire de Belfort;35074;37578;22991;12999;142622;33980;16545;18916;11995;8083;71827;16288;18529;18662;10996;4916;70795;17692;2017;90.0
91;Essonne;336198;347644;167806;87917;1296130;356565;171087;175194;88101;53306;661717;174029;165111;172450;79705;34611;634413;182536;2017;91.0
92;Hauts-de-Seine;461396;426784;200869;117549;1609306;402708;238375;223581;109560;74160;843469;197793;223021;203203;91309;43389;765837;204915;2017;92.0
93;Seine-Saint-Denis;471049;413251;182706;83066;1623111;473039;241285;205862;94130;50700;824387;232410;229764;207389;88576;32366;798724;240629;2017;93.0
94;Val-de-Marne;388307;366355;176682;97169;1387926;359413;200662;187988;94682;61272;720458;175854;187645;178367;82000;35897;667468;183559;2017;94.0
95;Val-d'Oise;328428;322682;154421;71756;1228618;351331;170056;165280;80506;44451;632707;172414;158372;157402;73915;27305;595911;178917;2017;95.0
971;Guadeloupe;75739;117393;64725;31154;390253;101242;42076;65275;35105;18775;211248;50017;33663;52118;29620;12379;179005;51225;2017;971.0
972;Martinique;70375;115079;65218;35256;372594;86666;38497;63799;35105;21096;201360;42863;31878;51280;30113;14160;171234;43803;2017;972.0
973;Guyane;74738;57520;18313;4863;268700;113266;39513;29082;9076;2851;136684;56162;35225;28438;9237;2012;132016;57104;2017;973.0
974;La Réunion;209546;238983;101811;38747;853659;264572;112372;124779;53528;24047;444702;129976;97174;114204;48283;14700;408957;134596;2017;974.0
976;Mayotte;66527;38368;8515;2279;250143;134454;38586;19107;4066;1198;130924;67967;27941;19261;4449;1081;119219;66487;2017;976.0
2B;Haute-Corse;40639;48377;31548;18682;176152;36906;20441;24553;16205;10980;90040;17861;20198;23824;15343;7702;86112;19045;2016;
2A;Corse-du-Sud;34712;43736;28180;16914;154303;30761;18041;22220;14702;9851;79616;14802;16671;21516;13478;7063;74687;15959;2016;
01;Ain;148347;178058;94873;49917;638425;167230;74104;89280;48658;30115;323482;81325;74243;88778;46215;19802;314943;85905;2016;1.0
02;Aisne;118304;143530;88632;48912;536136;136758;59156;72271;46016;30965;275173;66765;59148;71259;42616;17947;260963;69993;2016;2.0
03;Allier;63976;91651;68357;44930;339384;70470;31681;46578;36170;27954;176787;34404;32295;45073;32187;16976;162597;36066;2016;3.0
04;Alpes-de-Haute-Provence;30568;44747;32668;19449;162565;35133;15345;22923;16751;11587;83404;16798;15223;21824;15917;7862;79161;18335;2016;4.0
05;Hautes-Alpes;28552;39065;26359;15711;141107;31420;14194;19699;13503;9429;72004;15179;14358;19366;12856;6282;69103;16241;2016;5.0
06;Alpes-Maritimes;241844;287169;190985;132351;1083704;231355;123489;148894;103991;81807;570771;112590;118355;138275;86994;50544;512933;118765;2016;6.0
07;Ardèche;62729;90045;62494;36856;325157;73033;31516;45140;32095;22219;166496;35526;31213;44905;30399;14637;158661;37507;2016;7.0
08;Ardennes;59261;75937;47149;27115;275371;65909;29569;38203;24380;17050;141213;32011;29692;37734;22769;10065;134158;33898;2016;8.0
09;Ariège;29377;42246;30071;19060;153067;32313;14331;21429;15171;11457;77990;15602;15046;20817;14900;7603;75077;16711;2016;9.0
10;Aube;69677;80562;52432;30798;308910;75441;34784;40822;27479;19332;159072;36655;34893;39740;24953;11466;149838;38786;2016;10.0
11;Aude;71920;98275;73561;43941;368025;80328;36540;50365;38340;26421;191038;39372;35380;47910;35221;17520;176987;40956;2016;11.0
12;Aveyron;52055;75581;54702;38438;278697;57921;25444;37564;27777;23146;141624;27693;26611;38017;26925;15292;137073;30228;2016;12.0
13;Bouches-du-Rhône;490519;531142;322465;190498;2019717;485093;250050;275990;172552;116952;1053152;237608;240469;255152;149913;73546;966565;247485;2016;13.0
14;Calvados;158816;180161;118391;67760;693679;168551;80310;91906;62709;43147;360245;82173;78506;88255;55682;24613;333434;86378;2016;14.0
15;Cantal;26580;41125;30014;20376;145969;27874;13051;20305;15211;12526;74835;13742;13529;20820;14803;7850;71134;14132;2016;15.0
16;Charente;70666;97198;67613;42518;353288;75293;34989;49605;35283;25982;182228;36369;35677;47593;32330;16536;171060;38924;2016;16.0
17;Charente-Maritime;124366;169162;134460;80049;642191;134154;62346;87324;71329;48607;334756;65150;62020;81838;63131;31442;307435;69004;2016;17.0
18;Cher;60300;83683;59515;37061;307110;66551;29832;42339;30874;22688;158006;32273;30468;41344;28641;14373;149104;34278;2016;18.0
19;Corrèze;46839;65199;47825;32728;241535;48944;22626;32810;25051;20365;124361;23509;24213;32389;22774;12363;117174;25435;2016;19.0
21;Côte-d'Or;129881;139341;87203;51207;533213;125581;65327;71040;45719;31901;275604;61617;64554;68301;41484;19306;257609;63964;2016;21.0
22;Côtes-d'Armor;112367;158649;116822;74214;598953;136901;55929;79643;61083;46565;309974;66754;56438;79006;55739;27649;288979;70147;2016;22.0
23;Creuse;20227;32975;25951;18498;119502;21851;9953;16382;13044;11481;61408;10548;10274;16593;12907;7017;58094;11303;2016;23.0
24;Dordogne;72953;113902;89173;56991;414789;81770;36374;58222;46272;34392;215018;39758;36579;55680;42901;22599;199771;42012;2016;24.0
25;Doubs;133493;138013;83024;48643;538549;135376;66251;69627;43500;29584;274965;66003;67242;68386;39524;19059;263584;69373;2016;25.0
26;Drôme;109513;136016;87903;49640;508006;124934;55137;69308;46220;29999;261056;60392;54376;66708;41683;19641;246950;64542;2016;26.0
27;Eure;133749;165343;96769;49447;602825;157517;67736;83263;50303;30576;308311;76433;66013;82080;46466;18871;294514;81084;2016;27.0
28;Eure-et-Loir;95242;117242;70326;41031;433929;110088;47874;59083;36415;24933;222114;53809;47368;58159;33911;16098;211815;56279;2016;28.0
29;Finistère;193701;245507;159925;99074;908249;210042;93880;122851;84284;63680;466858;102163;99821;122656;75641;35394;441391;107879;2016;29.0
30;Gard;156052;200856;135470;74752;742006;174876;79055;103812;70981;45067;384268;85353;76997;97044;64489;29685;357738;89523;2016;30.0
31;Haute-Garonne;384138;350222;180192;103119;1348183;330512;191868;177410;95944;63099;690996;162675;192270;172812;84248;40020;657187;167837;2016;31.0
32;Gers;33518;53553;38641;25948;190664;39004;16813;27008;19746;15186;97623;18870;16705;26545;18895;10762;93041;20134;2016;32.0
33;Gironde;398695;417575;242652;136284;1566679;371473;203276;214085;129582;84748;813627;181936;195419;203490;113070;51536;753052;189537;2016;33.0
34;Hérault;277961;287924;193182;108906;1132481;264508;142165;149786;103397;65894;590562;129320;135796;138138;89785;43012;541919;135188;2016;34.0
35;Ille-et-Vilaine;269290;273505;146950;89587;1051779;272447;134150;136743;78021;55442;538122;133766;135140;136762;68929;34145;513657;138681;2016;35.0
36;Indre;40615;61092;45322;30533;223505;45943;20282;30842;23440;18823;115825;22438;20333;30250;21882;11710;107680;23505;2016;36.0
37;Indre-et-Loire;139022;158743;100435;62600;606223;145423;70765;80708;53416;38182;314800;71729;68257;78035;47019;24418;291423;73694;2016;37.0
38;Isère;305489;334358;187155;102864;1252912;323046;151757;168054;97944;62538;637545;157252;153732;166304;89211;40326;615367;165794;2016;38.0
39;Jura;53115;71541;46521;28699;260517;60641;26395;35978;23999;17648;133457;29437;26720;35563;22522;11051;127060;31204;2016;39.0
40;Landes;79936;112705;78632;46873;405010;86864;39730;57105;41131;28335;208529;42228;40206;55600;37501;18538;196481;44636;2016;40.0
41;Loir-et-Cher;65458;90024;60874;40087;332769;76326;32706;45430;31522;24189;171040;37193;32752;44594;29352;15898;161729;39133;2016;41.0
42;Loire;168612;195172;128290;82104;761997;187819;84717;98824;67544;51581;394183;91517;83895;96348;60746;30523;367814;96302;2016;42.0
43;Haute-Loire;44390;63220;41844;25813;227339;52072;21686;31316;21232;16106;115482;25142;22704;31904;20612;9707;111857;26930;2016;43.0
44;Loire-Atlantique;345308;360024;204234;115107;1380852;356179;172454;182465;108961;72918;710601;173803;172854;177559;95273;42189;670251;182376;2016;44.0
45;Loiret;155927;177129;107217;62780;674330;171277;78625;89613;56069;38236;345893;83350;77302;87516;51148;24544;328437;87927;2016;45.0
46;Lot;29639;47481;38022;24952;173347;33253;14563;24192;19475;14890;89400;16280;15076;23289;18547;10062;83947;16973;2016;46.0
47;Lot-et-Garonne;65386;88156;64693;42262;332833;72336;33024;45255;33824;25257;172657;35297;32362;42901;30869;17005;160176;37039;2016;47.0
48;Lozère;15021;21172;14551;9354;76422;16324;7463;10242;7165;5604;38362;7888;7558;10930;7386;3750;38060;8436;2016;48.0
49;Maine-et-Loire;188700;207983;123950;78524;810934;211777;94704;104718;64969;48143;416257;103723;93996;103265;58981;30381;394677;108054;2016;49.0
50;Manche;100252;134543;90911;60429;498362;112227;49005;67191;47054;37463;255302;54589;51247;67352;43857;22966;243060;57638;2016;50.0
51;Marne;142271;149033;89827;49290;570883;140462;70810;76030;47599;30949;293783;68395;71461;73003;42228;18341;277100;72067;2016;51.0
52;Haute-Marne;36842;48403;33285;20980;178084;38574;17673;24343;17183;12963;90994;18832;19169;24060;16102;8017;87090;19742;2016;52.0
53;Mayenne;64171;81464;49512;33700;307688;78841;31625;40173;25740;20323;156246;38385;32546;41291;23772;13377;151442;40456;2016;53.0
54;Meurthe-et-Moselle;187306;189830;113234;66668;733821;176783;92888;96435;59680;41865;377095;86227;94418;93395;53554;24803;356726;90556;2016;54.0
55;Meuse;40284;51567;33275;19750;189055;44179;19448;25572;16972;12349;95625;21284;20836;25995;16303;7401;93430;22895;2016;55.0
56;Morbihan;148955;203100;139662;83609;747548;172222;73435;102654;73654;52286;385581;83552;75520;100446;66008;31323;361967;88670;2016;56.0
57;Moselle;251965;294004;167665;94073;1045271;237564;124409;148450;87606;58039;533671;115167;127556;145554;80059;36034;511600;122397;2016;57.0
58;Nièvre;37784;55318;45216;29593;209161;41250;18609;27877;23488;18597;108374;19803;19175;27441;21728;10996;100787;21447;2016;58.0
59;Nord;678766;664102;364814;198458;2603723;697583;341991;338352;196296;128927;1346480;340914;336775;325750;168518;69531;1257243;356669;2016;59.0
60;Oise;197915;226120;120987;58680;823542;219840;100176;113555;62758;36349;420242;107404;97739;112565;58229;22331;403300;112436;2016;60.0
61;Orne;54767;75985;54007;35748;285308;64801;27074;38024;27903;21915;146412;31496;27693;37961;26104;13833;138896;33305;2016;61.0
62;Pas-de-Calais;346588;389731;226551;122263;1470725;385592;172201;196593;121330;80312;757934;187498;174387;193138;105221;41951;712791;198094;2016;62.0
63;Puy-de-Dôme;152805;173422;112496;64915;650700;147062;76321;87347;59004;40860;335860;72328;76484;86075;53492;24055;314840;74734;2016;63.0
64;Pyrénées-Atlantiques;143907;185428;119866;79079;673986;145706;71806;94783;63728;49001;350120;70802;72101;90645;56138;30078;323866;74904;2016;64.0
65;Hautes-Pyrénées;43066;62681;45430;30558;227829;46094;21171;32114;23791;19009;118340;22255;21895;30567;21639;11549;109489;23839;2016;65.0
66;Pyrénées-Orientales;95551;123538;91537;57893;474369;105850;48854;64181;48855;35250;248728;51588;46697;59357;42682;22643;225641;54262;2016;66.0
67;Bas-Rhin;285817;309685;169088;93220;1121407;263597;144622;156667;87298;57875;575884;129422;141195;153018;81790;35345;545523;134175;2016;67.0
68;Haut-Rhin;176500;215781;121630;67613;762743;181219;88526;108610;62415;41464;389154;88139;87974;107171;59215;26149;373589;93080;2016;68.0
69;Rhône;518837;449514;245717;149030;1835903;472805;265455;229250;132510;92723;952959;233021;253382;220264;113207;56307;882944;239784;2016;69.0
70;Haute-Saône;47637;66043;43525;24220;237242;55817;23711;32823;22261;14681;120287;26811;23926;33220;21264;9539;116955;29006;2016;70.0
71;Saône-et-Loire;108806;149935;106256;68144;555023;121882;53555;75656;55252;42049;285493;58981;55251;74279;51004;26095;269530;62901;2016;71.0
72;Sarthe;121336;150378;94682;59817;567561;141348;60673;75750;49353;36602;291411;69033;60663;74628;45329;23215;276150;72315;2016;72.0
73;Savoie;98112;119513;70100;40485;429681;101471;48565;59658;36745;24839;219156;49349;49547;59855;33355;15646;210525;52122;2016;73.0
74;Haute-Savoie;207087;222463;113614;58327;801416;199925;103298;112076;59712;35832;407808;96890;103789;110387;53902;22495;393608;103035;2016;74.0
75;Paris;737329;552963;306400;167172;2190327;426463;386625;285688;169289;105440;1160048;213006;350704;267275;137111;61732;1030279;213457;2016;75.0
76;Seine-Maritime;301409;328051;199721;113548;1255755;313026;152211;168245;106432;72318;652351;153145;149198;159806;93289;41230;603404;159881;2016;76.0
77;Seine-et-Marne;358602;382982;180785;83970;1397665;391326;184960;194325;94192;51589;716212;191146;173642;188657;86593;32381;681453;200180;2016;77.0
78;Yvelines;348655;393159;197050;105835;1431808;387109;176839;200992;103828;64471;734978;188848;171816;192167;93222;41364;696830;198261;2016;78.0
79;Deux-Sèvres;75369;103003;65166;42706;374743;88499;37561;51823;33527;25578;191409;42920;37808;51180;31639;17128;183334;45579;2016;79.0
80;Somme;136983;150543;92188;50743;572744;142287;68694;76205;48244;31893;294609;69573;68289;74338;43944;18850;278135;72714;2016;80.0
81;Tarn;75767;104313;71100;48826;386448;86442;38080;53258;37226;29500;200335;42271;37687;51055;33874;19326;186113;44171;2016;81.0
82;Tarn-et-Garonne;53807;69388;43670;27199;256897;62833;27121;34934;22497;16415;131420;30453;26686;34454;21173;10784;125477;32380;2016;82.0
83;Var;217054;280637;206998;126634;1055821;224498;108143;145296;110435;75637;548472;108961;108911;135341;96563;50997;507349;115537;2016;83.0
84;Vaucluse;121165;150565;97412;55332;559014;134540;61999;77917;51210;33933;290653;65594;59166;72648;46202;21399;268361;68946;2016;84.0
85;Vendée;135897;176693;125542;73880;670597;158585;67156;88717;65320;44401;342684;77090;68741;87976;60222;29479;327913;81495;2016;85.0
86;Vienne;100606;112155;72855;46419;436069;104034;50966;56988;37917;28253;225453;51329;49640;55167;34938;18166;210616;52705;2016;86.0
87;Haute-Vienne;80440;99049;69433;44502;374978;81554;40727;50603;36562;27525;195851;40434;39713;48446;32871;16977;179127;41120;2016;87.0
88;Vosges;75493;102256;68068;41293;369641;82531;37184;51432;35138;26107;190171;40310;38309;50824;32930;15186;179470;42221;2016;88.0
89;Yonne;68604;91244;63422;38459;340544;78815;34526;46158;32584;23624;174953;38061;34078;45086;30838;14835;165591;40754;2016;89.0
90;Territoire de Belfort;35508;38050;22409;13020;144089;35102;16891;19077;11741;8068;72413;16636;18617;18973;10668;4952;71676;18466;2016;90.0
91;Essonne;336258;346357;163484;86626;1287330;354605;170841;174697;86046;52566;657407;173257;165417;171660;77438;34060;629923;181348;2016;91.0
92;Hauts-de-Seine;462542;425114;196767;116168;1603268;402677;238688;222290;107029;73479;838922;197436;223854;202824;89738;42689;764346;205241;2016;92.0
93;Seine-Saint-Denis;466149;411238;178681;83660;1606660;466932;238272;206405;91309;50981;816211;229244;227877;204833;87372;32679;790449;237688;2016;93.0
94;Val-de-Marne;387340;366241;173098;97041;1378151;354431;199830;188110;92742;61337;715509;173490;187510;178131;80356;35704;662642;180941;2016;94.0
95;Val-d'Oise;328470;322384;150840;71284;1221923;348945;169527;165353;78295;44177;628760;171408;158943;157031;72545;27107;593163;177537;2016;95.0
971;Guadeloupe;77446;119445;62234;29890;394110;105095;43127;65925;33927;18048;212786;51759;34319;53520;28307;11842;181324;53336;2016;971.0
972;Martinique;72718;117552;62616;34179;376480;89415;39755;64820;33890;20572;202995;43958;32963;52732;28726;13607;173485;45457;2016;972.0
973;Guyane;76198;58062;17092;4575;269352;113425;39617;28912;8431;2718;135693;56015;36581;29150;8661;1857;133659;57410;2016;973.0
974;La Réunion;211845;238552;96439;36949;852924;269139;112644;124023;50715;22968;442366;132016;99201;114529;45724;13981;410558;137123;2016;974.0
976;Mayotte;64093;36962;8200;2201;240987;129531;37173;18406;3916;1155;126128;65478;26920;18556;4284;1046;114859;64053;2016;976.0
2B;Haute-Corse;40262;48034;31030;18123;174553;37104;20212;24184;15950;10741;89068;17981;20050;23850;15080;7382;85485;19123;2015;
2A;Corse-du-Sud;34762;43094;27584;16671;152730;30619;17883;21950;14338;9821;78789;14797;16879;21144;13246;6850;73941;15822;2015;
01;Ain;146852;177635;91661;49611;631877;166118;73158;88972;46870;30043;319895;80852;73694;88663;44791;19568;311982;85266;2015;1.0
02;Aisne;119753;145955;86426;49028;538659;137497;59939;73568;44882;31109;276663;67165;59814;72387;41544;17919;261996;70332;2015;2.0
03;Allier;65411;93080;66574;45216;341613;71332;32498;47313;34967;28219;177858;34861;32913;45767;31607;16997;163755;36471;2015;3.0
04;Alpes-de-Haute-Provence;30339;45080;31936;19444;161799;35000;15233;23043;16408;11604;83087;16799;15106;22037;15528;7840;78712;18201;2015;4.0
05;Hautes-Alpes;28640;39790;25392;15530;140916;31564;14242;20002;13033;9317;72052;15458;14398;19788;12359;6213;68864;16106;2015;5.0
06;Alpes-Maritimes;242791;288705;188738;130850;1082440;231356;123663;149818;102461;81078;569425;112405;119128;138887;86277;49772;513015;118951;2015;6.0
07;Ardèche;63166;90399;60703;36702;324209;73239;31671;45252;31196;22167;166150;35864;31495;45147;29507;14535;158059;37375;2015;7.0
08;Ardennes;60496;77520;45632;27122;277752;66982;30173;38848;23603;17086;142250;32540;30323;38672;22029;10036;135502;34442;2015;8.0
09;Ariège;29332;42558;29118;19243;152499;32248;14492;21543;14725;11641;77990;15589;14840;21015;14393;7602;74509;16659;2015;9.0
10;Aube;70146;81293;51274;31181;309056;75162;34877;41204;26803;19576;158979;36519;35269;40089;24471;11605;150077;38643;2015;10.0
11;Aude;71724;99213;71464;43799;366957;80757;36399;50685;37246;26311;190195;39554;35325;48528;34218;17488;176762;41203;2015;11.0
12;Aveyron;52414;76419;53324;38978;279169;58034;25658;37784;27267;23342;141786;27735;26756;38635;26057;15636;137383;30299;2015;12.0
13;Bouches-du-Rhône;491927;534461;317089;188578;2016622;484567;250740;277746;169494;116219;1051177;236978;241187;256715;147595;72359;965445;247589;2015;13.0
14;Calvados;160023;181998;114476;67460;693579;169622;80533;92846;60535;42954;359686;82818;79490;89152;53941;24506;333893;86804;2015;14.0
15;Cantal;27292;41462;29147;20571;146219;27747;13426;20472;14810;12636;74980;13636;13866;20990;14337;7935;71239;14111;2015;15.0
16;Charente;70603;98596;65779;42690;353613;75945;35042;50232;34234;26083;182016;36425;35561;48364;31545;16607;171597;39520;2015;16.0
17;Charente-Maritime;123557;170498;130497;79923;639938;135463;61918;87878;69034;48410;332930;65690;61639;82620;61463;31513;307008;69773;2015;17.0
18;Cher;61171;85130;58436;36929;308992;67326;30183;43170;30240;22682;158883;32608;30988;41960;28196;14247;150109;34718;2015;18.0
19;Corrèze;46755;66135;46494;33177;241871;49310;22563;33384;24248;20664;124627;23768;24192;32751;22246;12513;117244;25542;2015;19.0
21;Côte-d'Or;129839;140769;85432;51066;533147;126041;65381;71493;44780;31824;275438;61960;64458;69276;40652;19242;257709;64081;2015;21.0
22;Côtes-d'Armor;112936;159400;113639;74477;598357;137905;56165;80017;59483;46827;309357;66865;56771;79383;54156;27650;289000;71040;2015;22.0
23;Creuse;20543;33647;25234;18820;120365;22121;10001;16667;12686;11715;61758;10689;10542;16980;12548;7105;58607;11432;2015;23.0
24;Dordogne;73881;114964;86751;57132;415417;82689;36894;58625;44960;34541;215255;40235;36987;56339;41791;22591;200162;42454;2015;24.0
25;Doubs;134108;138754;81319;48017;536959;134761;66315;69992;42383;29429;273999;65880;67793;68762;38936;18588;262960;68881;2015;25.0
26;Drôme;109257;137098;85175;49154;504637;123953;55097;69938;44832;29724;259551;59960;54160;67160;40343;19430;245086;63993;2015;26.0
27;Eure;135750;165617;93660;49103;601948;157818;68589;83326;48481;30433;307482;76653;67161;82291;45179;18670;294466;81165;2015;27.0
28;Eure-et-Loir;96493;118183;68494;40379;434035;110486;48505;59534;35306;24586;221825;53894;47988;58649;33188;15793;212210;56592;2015;28.0
29;Finistère;194570;247538;155652;98927;907796;211109;94164;123464;82151;63832;466186;102575;100406;124074;73501;35095;441610;108534;2015;29.0
30;Gard;155914;201343;131250;74803;738189;174879;79082;103973;68766;45366;382348;85161;76832;97370;62484;29437;355841;89718;2015;30.0
31;Haute-Garonne;385258;347995;175488;102776;1335103;323586;192419;175969;93393;63057;683340;158502;192839;172026;82095;39719;651763;165084;2015;31.0
32;Gers;33852;54050;37794;25927;190932;39309;16866;27301;19326;15211;97708;19004;16986;26749;18468;10716;93224;20305;2015;32.0
33;Gironde;396082;414988;234069;135829;1548478;367510;201438;212792;124850;84641;804218;180497;194644;202196;109219;51188;744260;187013;2015;33.0
34;Hérault;279177;286806;187772;107874;1120190;258561;143145;149248;100233;65410;584573;126537;136032;137558;87539;42464;535617;132024;2015;34.0
35;Ille-et-Vilaine;269907;270472;142827;88940;1042884;270738;134634;135377;75646;55111;533385;132617;135273;135095;67181;33829;509499;138121;2015;35.0
36;Indre;40754;61867;44335;30895;224200;46349;20320;31068;22961;19012;115906;22545;20434;30799;21374;11883;108294;23804;2015;36.0
37;Indre-et-Loire;140386;159446;97172;62739;604966;145223;71300;81041;51582;38241;314153;71989;69086;78405;45590;24498;290813;73234;2015;37.0
38;Isère;305747;335131;182769;101884;1251060;325529;151610;168842;95383;62113;636439;158491;154137;166289;87386;39771;614621;167038;2015;38.0
39;Jura;53085;71930;45390;28512;260587;61670;26372;36062;23437;17605;133378;29902;26713;35868;21953;10907;127209;31768;2015;39.0
40;Landes;80411;113030;76277;46095;403234;87421;39960;57127;39922;27929;207420;42482;40451;55903;36355;18166;195814;44939;2015;40.0
41;Loir-et-Cher;66125;90314;59310;40186;333050;77115;33111;45545;30788;24226;171211;37541;33014;44769;28522;15960;161839;39574;2015;41.0
42;Loire;168579;195955;126183;81942;759411;186752;84537;99279;66420;51625;393101;91240;84042;96676;59763;30317;366310;95512;2015;42.0
43;Haute-Loire;44559;63386;40662;26126;227034;52301;21817;31304;20544;16369;115388;25354;22742;32082;20118;9757;111646;26947;2015;43.0
44;Loire-Atlantique;341554;358080;197348;114591;1365227;353654;170204;181248;105189;72803;702299;172855;171350;176832;92159;41788;662928;180799;2015;44.0
45;Loiret;156747;178090;104543;62573;673349;171396;79032;90230;54498;38059;345527;83708;77715;87860;50045;24514;327822;87688;2015;45.0
46;Lot;29816;47974;36851;24773;173400;33986;14757;24431;18798;14806;89432;16640;15059;23543;18053;9967;83968;17346;2015;46.0
47;Lot-et-Garonne;65592;89172;63458;42385;333417;72810;33059;45805;33076;25432;172852;35480;32533;43367;30382;16953;160565;37330;2015;47.0
48;Lozère;15218;21362;14155;9296;76309;16278;7544;10338;6971;5567;38279;7859;7674;11024;7184;3729;38030;8419;2015;48.0
49;Maine-et-Loire;191428;208925;119888;77610;810186;212335;95612;105259;62974;47768;415701;104088;95816;103666;56914;29842;394485;108247;2015;49.0
50;Manche;100521;136327;88345;60304;499287;113790;49071;68057;45806;37500;255921;55487;51450;68270;42539;22804;243366;58303;2015;50.0
51;Marne;143589;150348;87657;49292;572293;141407;71175;76825;46358;31095;294445;68992;72414;73523;41299;18197;277848;72415;2015;51.0
52;Haute-Marne;36987;49311;32536;20970;179154;39350;17779;24826;16675;13039;91465;19146;19208;24485;15861;7931;87689;20204;2015;52.0
53;Mayenne;64607;81579;48137;34138;307940;79479;31989;40219;25036;20568;156527;38715;32618;41360;23101;13570;151413;40764;2015;53.0
54;Meurthe-et-Moselle;189203;191963;110570;66297;734403;176370;93562;97610;58261;41814;377424;86177;95641;94353;52309;24483;356979;90193;2015;54.0
55;Meuse;41533;52317;32225;19967;190626;44584;20036;26046;16359;12532;96501;21528;21497;26271;15866;7435;94125;23056;2015;55.0
56;Morbihan;149829;203900;135096;83010;744813;172978;73653;102814;71233;52068;383715;83947;76176;101086;63863;30942;361098;89031;2015;56.0
57;Moselle;253740;296804;162457;93574;1044486;237911;125182;149752;84884;57982;533114;115314;128558;147052;77573;35592;511372;122597;2015;57.0
58;Nièvre;38963;56495;44372;30054;211747;41863;19131;28571;23000;18952;109735;20081;19832;27924;21372;11102;102012;21782;2015;58.0
59;Nord;682136;668047;355511;197371;2605238;702173;343363;340340;191143;128608;1346814;343360;338773;327707;164368;68763;1258424;358813;2015;59.0
60;Oise;198330;227686;117055;58700;821552;219781;100171;114448;60513;36461;419020;107427;98159;113238;56542;22239;402532;112354;2015;60.0
61;Orne;55513;77258;52738;35767;286618;65342;27544;38631;27171;21959;146963;31658;27969;38627;25567;13808;139655;33684;2015;61.0
62;Pas-de-Calais;349953;392455;219046;123350;1472648;387844;174235;198025;117328;81253;759477;188636;175718;194430;101718;42097;713171;199208;2015;62.0
63;Puy-de-Dôme;152312;174415;109319;64282;647501;147173;75857;87954;57272;40596;333901;72222;76455;86461;52047;23686;313600;74951;2015;63.0
64;Pyrénées-Atlantiques;143749;185902;116386;78210;670032;145785;71679;94816;62098;48589;348110;70928;72070;91086;54288;29621;321922;74857;2015;64.0
65;Hautes-Pyrénées;42950;63640;43863;31024;228582;47105;21016;32528;23016;19323;118664;22781;21934;31112;20847;11701;109918;24324;2015;65.0
66;Pyrénées-Orientales;95164;123209;89184;57538;471038;105943;48795;64007;47636;35135;246922;51349;46369;59202;41548;22403;224116;54594;2015;66.0
67;Bas-Rhin;287333;311040;163558;92190;1116658;262537;145229;157274;84301;57603;573153;128746;142104;153766;79257;34587;543505;133791;2015;67.0
68;Haut-Rhin;178394;216769;118009;67076;762607;182359;89583;109046;60389;41504;389501;88979;88811;107723;57620;25572;373106;93380;2015;68.0
69;Rhône;515805;447849;239525;147624;1821995;471192;263215;229233;128840;92031;945338;232019;252590;218616;110685;55593;876657;239173;2015;69.0
70;Haute-Saône;48492;66760;42253;23899;237706;56302;23998;33237;21506;14543;120298;27014;24494;33523;20747;9356;117408;29288;2015;70.0
71;Saône-et-Loire;109011;151811;104272;68283;555408;122031;53874;76736;54101;42211;285935;59013;55137;75075;50171;26072;269473;63018;2015;71.0
72;Sarthe;123026;151536;91933;59665;568445;142285;61599;76232;47962;36505;292014;69716;61427;75304;43971;23160;276431;72569;2015;72.0
73;Savoie;99167;119849;68201;39991;428204;100996;48931;59905;35702;24571;218117;49008;50236;59944;32499;15420;210087;51988;2015;73.0
74;Haute-Savoie;205514;221292;111080;57195;793938;198857;102355;111382;58255;35306;403999;96701;103159;109910;52825;21889;389939;102156;2015;74.0
75;Paris;741848;559300;304064;167641;2206488;433635;387753;289588;167696;106347;1167512;216128;354095;269712;136368;61294;1038976;217507;2015;75.0
76;Seine-Maritime;303487;332329;194819;112982;1257699;314082;152747;170731;103733;72099;653121;153811;150740;161598;91086;40883;604578;160271;2015;76.0
77;Seine-et-Marne;357708;383601;175073;82784;1390121;390955;184128;194524;90848;51102;711914;191312;173580;189077;84225;31682;678207;199643;2015;77.0
78;Yvelines;352236;392928;193285;103747;1427291;385095;178294;201067;101160;63213;731701;187967;173942;191861;92125;40534;695590;197128;2015;78.0
79;Deux-Sèvres;76391;103585;63328;43151;374435;87980;38036;51818;32656;25793;190974;42671;38355;51767;30672;17358;183461;45309;2015;79.0
80;Somme;137407;151473;89632;50686;571879;142681;68697;76511;46969;31900;293796;69719;68710;74962;42663;18786;278083;72962;2015;80.0
81;Tarn;76519;105161;68897;48806;386543;87160;38559;53554;36063;29511;200392;42705;37960;51607;32834;19295;186151;44455;2015;81.0
82;Tarn-et-Garonne;53682;69063;42660;27434;255274;62435;27026;34859;21954;16577;130641;30225;26656;34204;20706;10857;124633;32210;2015;82.0
83;Var;217276;280406;203262;123940;1048652;223768;108162;145279;107859;74364;544474;108810;109114;135127;95403;49576;504178;114958;2015;83.0
84;Vaucluse;121023;151578;95526;54577;557548;134844;61625;78475;50189;33533;289411;65589;59398;73103;45337;21044;268137;69255;2015;84.0
85;Vendée;136971;176405;120889;72726;666714;159723;67444;88473;62796;43836;340488;77939;69527;87932;58093;28890;326226;81784;2015;85.0
86;Vienne;101708;113128;70431;46354;434887;103266;51405;57397;36720;28169;224659;50968;50303;55731;33711;18185;210228;52298;2015;86.0
87;Haute-Vienne;81625;100148;67439;44834;375795;81749;41404;51165;35468;27805;196176;40334;40221;48983;31971;17029;179619;41415;2015;87.0
88;Vosges;76254;103647;66204;41278;372016;84633;37521;52120;34124;26174;191343;41404;38733;51527;32080;15104;180673;43229;2015;88.0
89;Yonne;68659;92308;61967;38241;340903;79728;34665;46523;31770;23503;175014;38553;33994;45785;30197;14738;165889;41175;2015;89.0
90;Territoire de Belfort;35995;38314;21765;12886;144483;35523;17158;19250;11425;8026;72697;16838;18837;19064;10340;4860;71786;18685;2015;90.0
91;Essonne;335168;343970;160683;86091;1276233;350321;169947;173763;84152;52477;651878;171539;165221;170207;76531;33614;624355;178782;2015;91.0
92;Hauts-de-Seine;465165;423850;192862;115472;1601569;404220;239729;221568;104847;73241;837675;198290;225436;202282;88015;42231;763894;205930;2015;92.0
93;Seine-Saint-Denis;464904;409174;173285;83359;1592663;461941;237406;205840;88209;51164;808873;226254;227498;203334;85076;32195;783790;235687;2015;93.0
94;Val-de-Marne;387936;364556;168993;96925;1372389;353979;199575;187716;90458;61518;712697;173430;188361;176840;78535;35407;659692;180549;2015;94.0
95;Val-d'Oise;328593;322445;146556;70450;1215390;347346;169410;165390;75937;43847;624931;170347;159183;157055;70619;26603;590459;176999;2015;95.0
971;Guadeloupe;79873;120711;59972;29377;397990;108057;44574;66390;32797;17758;214780;53261;35299;54321;27175;11619;183210;54796;2015;971.0
972;Martinique;75047;118815;61180;33202;380877;92633;40962;65352;33272;19978;204800;45236;34085;53463;27908;13224;176077;47397;2015;972.0
973;Guyane;73521;55355;15921;4257;259865;110811;38469;27574;7853;2538;130983;54549;35052;27781;8068;1719;128882;56262;2015;973.0
974;La Réunion;215951;236785;91992;35065;850727;270934;114770;122740;48339;22002;439965;132114;101181;114045;43653;13063;410762;138820;2015;974.0
976;Mayotte;61755;35613;7899;2121;232189;124801;35817;17735;3772;1112;121523;63087;25938;17878;4127;1009;110666;61714;2015;976.0
2A;Corse-du-Sud;34988;42985;26568;16054;151652;31057;18035;21825;13746;9507;78134;15021;16953;21160;12822;6547;73518;16036;2014;
2B;Haute-Corse;41686;48011;30299;17705;172560;34859;20918;24177;15593;10580;88116;16848;20768;23834;14706;7125;84444;18011;2014;
01;Ain;147102;176814;89136;48591;626127;164484;72925;88360;45423;29466;316281;80107;74177;88454;43713;19125;309846;84377;2014;1.0
02;Aisne;121899;147514;84124;49287;539783;136959;60998;74272;43691;31314;277106;66831;60901;73242;40433;17973;262677;70128;2014;2.0
03;Allier;66250;94215;65199;45328;343062;72070;33140;47801;34197;28268;178597;35191;33110;46414;31002;17060;164465;36879;2014;3.0
04;Alpes-de-Haute-Provence;30862;45392;30954;19191;161588;35189;15561;23142;15995;11470;83149;16981;15301;22250;14959;7721;78439;18208;2014;4.0
05;Hautes-Alpes;28358;39918;24716;15222;139883;31669;14021;20092;12677;9153;71518;15575;14337;19826;12039;6069;68365;16094;2014;5.0
06;Alpes-Maritimes;243968;291425;187265;130471;1083312;230183;124061;151470;101367;81164;569732;111670;119907;139955;85898;49307;513580;118513;2014;6.0
07;Ardèche;63190;90251;59188;36391;322381;73361;31655;45129;30415;22128;165087;35760;31535;45122;28773;14263;157294;37601;2014;7.0
08;Ardennes;62098;78565;44286;26697;279715;68069;30917;39472;22826;16921;143212;33076;31181;39093;21460;9776;136503;34993;2014;8.0
09;Ariège;29888;42750;28330;19330;152574;32276;14819;21593;14326;11693;77943;15512;15069;21157;14004;7637;74631;16764;2014;9.0
10;Aube;70325;81466;50049;30991;308094;75263;34838;41338;26148;19532;158562;36706;35487;40128;23901;11459;149532;38557;2014;10.0
11;Aude;71925;99696;69319;43636;365478;80902;36340;51066;36059;26316;189525;39744;35585;48630;33260;17320;175953;41158;2014;11.0
12;Aveyron;52535;76825;52079;38930;278644;58275;25725;38073;26693;23280;141660;27889;26810;38752;25386;15650;136984;30386;2014;12.0
13;Bouches-du-Rhône;491144;535380;309695;185798;2006069;484052;250504;278569;165081;114985;1045672;236533;240640;256811;144614;70813;960397;247519;2014;13.0
14;Calvados;160649;183269;110607;66127;691670;171018;80888;93393;58625;42161;358289;83222;79761;89876;51982;23966;333381;87796;2014;14.0
15;Cantal;27739;41829;28411;20513;146618;28126;13633;20672;14460;12658;75313;13890;14106;21157;13951;7855;71305;14236;2014;15.0
16;Charente;71901;99376;64158;42451;353853;75967;35635;50598;33398;26036;182219;36552;36266;48778;30760;16415;171634;39415;2014;16.0
17;Charente-Maritime;124968;171208;126622;78560;637089;135731;62741;88177;66876;47675;330960;65491;62227;83031;59746;30885;306129;70240;2014;17.0
18;Cher;62532;86061;57298;36750;310270;67629;30962;43463;29736;22563;159359;32635;31570;42598;27562;14187;150911;34994;2014;18.0
19;Corrèze;47143;66094;45398;33327;241340;49378;22781;33361;23712;20779;124364;23731;24362;32733;21686;12548;116976;25647;2014;19.0
21;Côte-d'Or;130471;141401;83400;50327;531380;125781;65586;71681;43786;31546;274117;61518;64885;69720;39614;18781;257263;64263;2014;21.0
22;Côtes-d'Armor;115277;159935;110806;73471;597397;137908;57031;80302;58122;46379;308753;66919;58246;79633;52684;27092;288644;70989;2014;22.0
23;Creuse;20803;34044;24484;18817;120581;22433;10175;16887;12364;11737;61945;10782;10628;17157;12120;7080;58636;11651;2014;23.0
24;Dordogne;75494;116329;84724;56699;416350;83104;37908;59293;43847;34429;215918;40441;37586;57036;40877;22270;200432;42663;2014;24.0
25;Doubs;136142;139550;79277;46968;534710;132773;67179;70387;41305;28709;272543;64963;68963;69163;37972;18259;262167;67810;2014;25.0
26;Drôme;109129;136119;82973;48407;499159;122531;55112;69263;43653;29377;256577;59172;54017;66856;39320;19030;242582;63359;2014;26.0
27;Eure;137010;165390;90524;48100;598347;157323;69099;83141;46882;29879;305480;76479;67911;82249;43642;18221;292867;80844;2014;27.0
28;Eure-et-Loir;97929;118490;67026;39834;433762;110483;49336;59559;34516;24301;221517;53805;48593;58931;32510;15533;212245;56678;2014;28.0
29;Finistère;197098;248474;151881;97535;905855;210867;95447;123857;80397;63295;465477;102481;101651;124617;71484;34240;440378;108386;2014;29.0
30;Gard;156957;202452;127577;74026;736029;175017;79767;104622;66754;45220;381558;85195;77190;97830;60823;28806;354471;89822;2014;30.0
31;Haute-Garonne;381587;345057;170903;101435;1317668;318686;190094;174744;91122;62404;674427;156063;191493;170313;79781;39031;643241;162623;2014;31.0
32;Gers;34083;54392;36802;25780;190625;39568;16925;27526;18794;15074;97544;19225;17158;26866;18008;10706;93081;20343;2014;32.0
33;Gironde;390423;411162;226815;135047;1526016;362569;198134;211178;121246;84329;792764;177877;192289;199984;105569;50718;733252;184692;2014;33.0
34;Hérault;276648;286473;181709;105750;1107398;256818;141872;149128;96682;64388;577720;125650;134776;137345;85027;41362;529678;131168;2014;34.0
35;Ille-et-Vilaine;269946;268028;139110;87954;1032240;267202;134217;134215;73617;54642;527956;131265;135729;133813;65493;33312;504284;135937;2014;35.0
36;Indre;41788;62856;43762;30805;226175;46964;20713;31538;22737;18958;116838;22892;21075;31318;21025;11847;109337;24072;2014;36.0
37;Indre-et-Loire;142601;160014;94638;61686;603924;144985;72334;81337;50261;37790;313378;71656;70267;78677;44377;23896;290546;73329;2014;37.0
38;Isère;308146;334317;177983;99836;1243597;323315;152517;168255;93066;61304;632048;156906;155629;166062;84917;38532;611549;166409;2014;38.0
39;Jura;54336;72179;44172;28425;260681;61569;26908;36032;22799;17611;133270;29920;27428;36147;21373;10814;127411;31649;2014;39.0
40;Landes;80910;113021;73971;45160;400477;87415;40123;57127;38653;27488;205754;42363;40787;55894;35318;17672;194723;45052;2014;40.0
41;Loir-et-Cher;67209;90596;58310;39771;333567;77681;33667;45661;30293;24006;171399;37772;33542;44935;28017;15765;162168;39909;2014;41.0
42;Loire;170330;196315;123885;81765;757305;185010;84888;99563;65130;51842;391592;90169;85442;96752;58755;29923;365713;94841;2014;42.0
43;Haute-Loire;45451;63410;39932;25451;226565;52321;22362;31295;20202;16041;115228;25328;23089;32115;19730;9410;111337;26993;2014;43.0
44;Loire-Atlantique;338158;355472;192224;112524;1346592;348214;167981;179836;102522;71682;692227;170206;170177;175636;89702;40842;654365;178008;2014;44.0
45;Loiret;158431;177709;102301;61744;669737;169552;80017;90304;53250;37635;343696;82490;78414;87405;49051;24109;326041;87062;2014;45.0
46;Lot;30336;48710;35813;24234;173648;34555;15001;24772;18265;14518;89504;16948;15335;23938;17548;9716;84144;17607;2014;46.0
47;Lot-et-Garonne;66074;89936;62531;42357;333234;72336;33280;46156;32569;25489;172610;35116;32794;43780;29962;16868;160624;37220;2014;47.0
48;Lozère;15487;21542;13878;9278;76360;16175;7607;10404;6833;5579;38279;7856;7880;11138;7045;3699;38081;8319;2014;48.0
49;Maine-et-Loire;192612;208951;116434;75594;805888;212297;95929;105341;61412;46769;413872;104421;96683;103610;55022;28825;392016;107876;2014;49.0
50;Manche;101953;137467;86267;59240;499958;115031;49798;68362;44826;36912;256170;56272;52155;69105;41441;22328;243788;58759;2014;50.0
51;Marne;144812;151346;85090;48419;570817;141150;71714;77230;44778;30723;293190;68745;73098;74116;40312;17696;277627;72405;2014;51.0
52;Haute-Marne;38229;50220;32081;20678;180673;39465;18257;25211;16378;12932;92075;19297;19972;25009;15703;7746;88598;20168;2014;52.0
53;Mayenne;66204;81487;47066;33548;307471;79166;32724;40108;24534;20207;156111;38538;33480;41379;22532;13341;151360;40628;2014;53.0
54;Meurthe-et-Moselle;189979;193119;107655;65948;732153;175452;93827;98390;56873;41766;376350;85494;96152;94729;50782;24182;355803;89958;2014;54.0
55;Meuse;42162;53196;31302;19955;191530;44915;20354;26433;16015;12512;97028;21714;21808;26763;15287;7443;94502;23201;2014;55.0
56;Morbihan;152287;203271;131547;80947;741051;172999;74955;102535;69265;50974;381547;83818;77332;100736;62282;29973;359504;89181;2014;56.0
57;Moselle;255801;300058;158349;91601;1045154;239345;125714;151542;82930;57141;533582;116255;130087;148516;75419;34460;511572;123090;2014;57.0
58;Nièvre;39696;57692;43741;29722;213569;42718;19494;29149;22619;18821;110553;20470;20202;28543;21122;10901;103016;22248;2014;58.0
59;Nord;692167;670657;346055;194579;2603472;700014;347781;341832;186113;127444;1344617;341447;344386;328825;159942;67135;1258855;358567;2014;59.0
60;Oise;200622;227870;112879;57541;818680;219768;100918;114518;58356;35896;417364;107676;99704;113352;54523;21645;401316;112092;2014;60.0
61;Orne;56794;78025;51536;35438;287750;65957;28165;39099;26573;21827;147616;31952;28629;38926;24963;13611;140134;34005;2014;61.0
62;Pas-de-Calais;353803;394209;212726;122711;1472589;389140;176432;199130;114019;81133;759340;188626;177371;195079;98707;41578;713249;200514;2014;62.0
63;Puy-de-Dôme;153935;175111;107018;63488;644216;144664;76320;88362;55966;40161;332029;71220;77615;86749;51052;23327;312187;73444;2014;63.0
64;Pyrénées-Atlantiques;144449;186296;113667;77491;667249;145346;71537;95009;60590;48366;346116;70614;72912;91287;53077;29125;321133;74732;2014;64.0
65;Hautes-Pyrénées;43926;64057;42812;30560;228950;47595;21536;32791;22359;19117;118854;23051;22390;31266;20453;11443;110096;24544;2014;65.0
66;Pyrénées-Orientales;95267;122744;86782;56170;466327;105364;48892;63857;46474;34398;244785;51164;46375;58887;40308;21772;221542;54200;2014;66.0
67;Bas-Rhin;289335;311827;158692;90609;1112815;262352;146044;157213;81785;56943;570482;128497;143291;154614;76907;33666;542333;133855;2014;67.0
68;Haut-Rhin;179595;217501;114765;65578;760134;182695;90282;109414;58685;40863;388517;89273;89313;108087;56080;24715;371617;93422;2014;68.0
69;Rhône;513199;444300;233941;144810;1801885;465635;261723;227930;125001;90944;934709;229111;251476;216370;108940;53866;867176;236524;2014;69.0
70;Haute-Saône;49717;67348;41162;23510;238347;56610;24675;33535;20857;14438;120645;27140;25042;33813;20305;9072;117702;29470;2014;70.0
71;Saône-et-Loire;110642;153121;102225;67250;555788;122550;54459;77324;53091;41682;286015;59459;56183;75797;49134;25568;269773;63091;2014;71.0
72;Sarthe;125508;151849;89393;59617;568760;142393;62652;76524;46640;36523;291958;69619;62856;75325;42753;23094;276802;72774;2014;72.0
73;Savoie;100528;119986;66126;39142;426924;101142;49690;60042;34657;24203;217650;49058;50838;59944;31469;14939;209274;52084;2014;73.0
74;Haute-Savoie;202862;219249;108393;56347;783127;196276;101054;110194;56932;34827;398510;95503;101808;109055;51461;21520;384617;100773;2014;74.0
75;Paris;752452;561412;301954;167006;2220445;437621;392726;290744;166416;106717;1175232;218629;359726;270668;135538;60289;1045213;218992;2014;75.0
76;Seine-Maritime;306674;335497;190121;111621;1257920;314007;154257;172548;101290;71408;653367;153864;152417;162949;88831;40213;604553;160143;2014;76.0
77;Seine-et-Marne;359507;381829;169141;81277;1377846;386092;184044;193928;87341;50397;704572;188862;175463;187901;81800;30880;673274;197230;2014;77.0
78;Yvelines;354128;392186;190424;101533;1421670;383399;179083;201022;99536;62356;729239;187242;175045;191164;90888;39177;692431;196157;2014;78.0
79;Deux-Sèvres;77731;103750;61702;42666;373553;87704;38585;51861;31891;25524;190392;42531;39146;51889;29811;17142;183161;45173;2014;79.0
80;Somme;139558;152114;87066;50305;571632;142589;69708;76881;45568;31648;293625;69820;69850;75233;41498;18657;278007;72769;2014;80.0
81;Tarn;76543;105254;67320;48666;384474;86691;38433;53623;35299;29348;199193;42490;38110;51631;32021;19318;185281;44201;2014;81.0
82;Tarn-et-Garonne;53678;69209;41493;27002;252578;61196;27027;34851;21348;16286;129296;29784;26651;34358;20145;10716;123282;31412;2014;82.0
83;Var;216505;278646;198657;122404;1038212;222000;107330;144361;105436;73710;538828;107991;109175;134285;93221;48694;499384;114009;2014;83.0
84;Vaucluse;122429;150996;92952;53925;554374;134072;62386;78302;48841;33307;288282;65446;60043;72694;44111;20618;266092;68626;2014;84.0
85;Vendée;139020;175479;116984;71705;662122;158934;68481;88046;60838;43279;338078;77434;70539;87433;56146;28426;324044;81500;2014;85.0
86;Vienne;103644;113619;68627;45752;433203;101561;52447;57848;35669;27854;223736;49918;51197;55771;32958;17898;209467;51643;2014;86.0
87;Haute-Vienne;83379;100707;65911;44765;376199;81437;42125;51468;34635;27810;196036;39998;41254;49239;31276;16955;180163;41439;2014;87.0
88;Vosges;77639;104836;64907;40397;373560;85781;38191;52673;33550;25770;191989;41805;39448;52163;31357;14627;181571;43976;2014;88.0
89;Yonne;70006;93148;60406;38521;341814;79733;35246;46861;31069;23761;175661;38724;34760;46287;29337;14760;166153;41009;2014;89.0
90;Territoire de Belfort;36352;38269;21176;12628;144334;35909;17401;19273;10985;7883;72572;17030;18951;18996;10191;4745;71762;18879;2014;90.0
91;Essonne;335572;342541;158576;84228;1268228;347311;169549;173230;83128;51519;647579;170153;166023;169311;75448;32709;620649;177158;2014;91.0
92;Hauts-de-Seine;467730;422731;189605;114798;1597770;402906;240668;221228;102809;73108;835762;197949;227062;201503;86796;41690;762008;204957;2014;92.0
93;Seine-Saint-Denis;461230;404335;168177;83064;1571028;454222;234946;203714;85364;51546;797758;222188;226284;200621;82813;31518;773270;232034;2014;93.0
94;Val-de-Marne;387735;364493;164847;95958;1365039;352006;199022;187093;88515;61179;707916;172107;188713;177400;76332;34779;657123;179899;2014;94.0
95;Val-d'Oise;328219;321897;141849;69748;1205539;343826;168661;165209;73181;43730;619319;168538;159558;156688;68668;26018;586220;175288;2014;95.0
971;Guadeloupe;82354;120096;58560;28396;400186;110780;45876;65976;32031;17145;215514;54486;36478;54120;26529;11251;184672;56294;2014;971.0
972;Martinique;76841;120206;59331;32581;383911;94952;41997;65998;32286;19620;206409;46508;34844;54208;27045;12961;177502;48444;2014;972.0
973;Guyane;71609;53435;14583;4096;252338;108615;37294;26712;7188;2429;127149;53526;34315;26723;7395;1667;125189;55089;2014;973.0
974;La Réunion;217785;234599;86575;34003;842767;269805;115562;121302;45476;21416;435460;131704;102223;113297;41099;12587;407307;138101;2014;974.0
976;Mayotte;60601;31923;7231;2093;223713;121865;34417;15032;3401;1113;115180;61217;26184;16891;3830;980;108533;60648;2014;976.0
2A;Corse-du-Sud;34746;42694;25638;15502;149234;30654;17855;21783;13243;9261;76827;14685;16891;20911;12395;6241;72407;15969;2013;
2B;Haute-Corse;41325;47669;29524;17523;170974;34933;20466;24018;15185;10549;87116;16898;20859;23651;14339;6974;83858;18035;2013;
01;Ain;148079;174646;85940;47939;619497;162893;73521;87037;43846;29205;313269;79660;74558;87609;42094;18734;306228;83233;2013;1.0
02;Aisne;124418;147874;81501;48989;540067;137285;62183;74338;42373;31202;277044;66948;62235;73536;39128;17787;263023;70337;2013;2.0
03;Allier;67534;94572;64040;45007;343431;72278;33800;47983;33508;28278;178823;35254;33734;46589;30532;16729;164608;37024;2013;3.0
04;Alpes-de-Haute-Provence;31676;45603;30477;18684;161916;35476;16050;23169;15772;11208;83326;17127;15626;22434;14705;7476;78590;18349;2013;4.0
05;Hautes-Alpes;28733;39917;24147;14900;139279;31582;14268;20148;12423;8992;71333;15502;14465;19769;11724;5908;67946;16080;2013;5.0
06;Alpes-Maritimes;247206;289801;183665;128860;1080771;231239;125916;150853;99468;80256;568509;112016;121290;138948;84197;48604;512262;119223;2013;6.0
07;Ardèche;64538;89692;57272;35577;320379;73300;32332;44920;29398;21809;164148;35689;32206;44772;27874;13768;156231;37611;2013;7.0
08;Ardennes;63547;78997;43429;26064;280907;68870;31606;39620;22532;16536;143656;33362;31941;39377;20897;9528;137251;35508;2013;8.0
09;Ariège;30138;42934;27765;19351;152684;32496;14902;21642;14102;11710;78096;15740;15236;21292;13663;7641;74588;16756;2013;9.0
10;Aube;70962;81598;48941;30367;306581;74713;35232;41373;25531;19155;157808;36517;35730;40225;23410;11212;148773;38196;2013;10.0
11;Aude;73295;99629;67119;43237;364877;81597;37196;50964;34980;26152;189269;39977;36099;48665;32139;17085;175608;41620;2013;11.0
12;Aveyron;53653;76572;50938;38802;277740;57775;26309;37920;26151;23276;141448;27792;27344;38652;24787;15526;136292;29983;2013;12.0
13;Bouches-du-Rhône;494866;532027;301476;182648;1993177;482160;252619;277034;160511;113446;1039256;235646;242247;254993;140965;69202;953921;246514;2013;13.0
14;Calvados;163213;183636;107400;65054;689945;170642;82332;93444;57154;41615;357784;83239;80881;90192;50246;23439;332161;87403;2013;14.0
15;Cantal;28243;42160;27886;20486;147035;28260;13957;20791;14270;12625;75547;13904;14286;21369;13616;7861;71488;14356;2013;15.0
16;Charente;73381;99879;62410;42330;353482;75482;36054;50935;32473;26002;181980;36516;37327;48944;29937;16328;171502;38966;2013;16.0
17;Charente-Maritime;127989;171169;122330;77479;633417;134450;63850;88262;64477;47067;328865;65209;64139;82907;57853;30412;304552;69241;2013;17.0
18;Cher;63946;86624;56797;36625;311650;67658;31651;43735;29541;22653;160310;32730;32295;42889;27256;13972;151340;34928;2013;18.0
19;Corrèze;47582;66189;44498;33276;240781;49236;23109;33305;23324;20650;123916;23528;24473;32884;21174;12626;116865;25708;2013;19.0
21;Côte-d'Or;133085;141416;80968;49782;529761;124510;66975;71656;42488;31333;273329;60877;66110;69760;38480;18449;256432;63633;2013;21.0
22;Côtes-d'Armor;117944;160136;108497;72332;597085;138176;58307;80226;57005;45834;308422;67050;59637;79910;51492;26498;288663;71126;2013;22.0
23;Creuse;20984;34351;24075;18832;120872;22630;10208;17040;12195;11732;62056;10881;10776;17311;11880;7100;58816;11749;2013;23.0
24;Dordogne;76768;117008;82833;56286;416909;84014;38560;59613;42856;34295;216192;40868;38208;57395;39977;21991;200717;43146;2013;24.0
25;Doubs;137327;139020;78131;45921;533320;132921;67557;70245;40735;28237;271873;65099;69770;68775;37396;17684;261447;67822;2013;25.0
26;Drôme;109520;135343;80756;47734;494712;121359;55102;69213;42212;29011;254149;58611;54418;66130;38544;18723;240563;62748;2013;26.0
27;Eure;138471;165148;87722;47323;595043;156379;69725;83073;45332;29577;303789;76082;68746;82075;42390;17746;291254;80297;2013;27.0
28;Eure-et-Loir;99467;118639;65350;38945;432967;110566;49983;59644;33777;23821;221108;53883;49484;58995;31573;15124;211859;56683;2013;28.0
29;Finistère;202019;247677;148327;96525;903921;209373;98018;123485;78868;62626;464777;101780;104001;124192;69459;33899;439144;107593;2013;29.0
30;Gard;158448;202867;124549;73242;733201;174095;80430;104804;65310;44743;380162;84875;78018;98063;59239;28499;353039;89220;2013;30.0
31;Haute-Garonne;376532;340901;166816;100779;1298562;313534;186822;172635;88943;62242;663916;153274;189710;168266;77873;38537;634646;160260;2013;31.0
32;Gers;34661;54606;35956;25655;190276;39398;17271;27610;18397;14995;97491;19218;17390;26996;17559;10660;92785;20180;2013;32.0
33;Gironde;389214;406258;220305;133948;1505517;355792;197886;208938;117362;83775;782437;174476;191328;197320;102943;50173;723080;181316;2013;33.0
34;Hérault;274623;283816;176159;103869;1092331;253864;140494;148121;93347;63457;569608;124189;134129;135695;82812;40412;522723;129675;2013;34.0
35;Ille-et-Vilaine;269844;264210;134597;85874;1019923;265398;133930;132376;71218;53448;521830;130858;135914;131834;63379;32426;498093;134540;2013;35.0
36;Indre;43367;63638;42897;30710;228091;47479;21580;31891;22260;18948;117692;23013;21787;31747;20637;11762;110399;24466;2013;36.0
37;Indre-et-Loire;143031;159683;92436;60954;600252;144148;72563;81246;49099;37400;311426;71118;70468;78437;43337;23554;288826;73030;2013;37.0
38;Isère;310673;332070;172676;97661;1235387;322307;153935;167129;90158;59961;627023;155840;156738;164941;82518;37700;608364;166467;2013;38.0
39;Jura;54878;72437;43186;27906;260502;62095;27131;36213;22264;17303;133147;30236;27747;36224;20922;10603;127355;31859;2013;39.0
40;Landes;81849;112322;71709;44060;397226;87286;40586;56800;37550;26855;204235;42444;41263;55522;34159;17205;192991;44842;2013;40.0
41;Loir-et-Cher;68032;90516;57297;39360;332001;76796;33954;45715;29823;23818;170647;37337;34078;44801;27474;15542;161354;39459;2013;41.0
42;Loire;173647;197002;121065;80895;756715;184106;86665;99954;63609;51464;391326;89634;86982;97048;57456;29431;365389;94472;2013;42.0
43;Haute-Loire;46050;63415;39026;25186;226203;52526;22628;31299;19825;15814;115099;25533;23422;32116;19201;9372;111104;26993;2013;43.0
44;Loire-Atlantique;335690;351387;186995;110793;1328620;343755;166453;177841;99978;70740;682914;167902;169237;173546;87017;40053;645706;175853;2013;44.0
45;Loiret;159827;176817;99725;61055;665587;168163;80273;89829;51919;37370;341189;81798;79554;86988;47806;23685;324398;86365;2013;45.0
46;Lot;31226;48838;35281;24333;173758;34080;15403;24876;18000;14576;89501;16646;15823;23962;17281;9757;84257;17434;2013;46.0
47;Lot-et-Garonne;67155;89955;61345;42293;333180;72432;33803;46089;31888;25567;172484;35137;33352;43866;29457;16726;160696;37295;2013;47.0
48;Lozère;15835;21652;13769;9204;76607;16147;7767;10474;6736;5574;38406;7855;8068;11178;7033;3630;38201;8292;2013;48.0
49;Maine-et-Loire;194555;207340;113498;74103;800191;210695;96785;104835;59847;45871;410961;103623;97770;102505;53651;28232;389230;107072;2013;49.0
50;Manche;103850;138072;84509;58855;499919;114633;50854;68499;44027;36645;255921;55896;52996;69573;40482;22210;243998;58737;2013;50.0
51;Marne;146481;151688;83596;48250;569999;139984;72437;77451;44092;30671;293145;68494;74044;74237;39504;17579;276854;71490;2013;51.0
52;Haute-Marne;39172;50566;31398;20427;181521;39958;18690;25374;16110;12778;92385;19433;20482;25192;15288;7649;89136;20525;2013;52.0
53;Mayenne;67304;81714;45852;33451;307500;79179;33186;40210;23949;20144;156077;38588;34118;41504;21903;13307;151423;40591;2013;53.0
54;Meurthe-et-Moselle;191176;193843;105837;64946;731004;175202;94863;98895;55999;41244;376594;85593;96313;94948;49838;23702;354410;89609;2013;54.0
55;Meuse;43344;53521;30404;19747;192094;45078;20876;26555;15559;12442;97141;21709;22468;26966;14845;7305;94953;23369;2013;55.0
56;Morbihan;155933;202318;127513;80071;737778;171943;76269;101972;67305;50613;379606;83447;79664;100346;60208;29458;358172;88496;2013;56.0
57;Moselle;260154;302037;154359;89677;1046873;240646;127784;152510;80960;56109;534057;116694;132370;149527;73399;33568;512816;123952;2013;57.0
58;Nièvre;40749;58954;43026;29398;215221;43094;20038;29837;22314;18635;111610;20786;20711;29117;20712;10763;103611;22308;2013;58.0
59;Nord;696143;669535;338239;193746;2595536;697873;349929;341780;182040;127256;1341847;340842;346214;327755;156199;66490;1253689;357031;2013;59.0
60;Oise;203600;226929;109414;56893;815400;218564;101965;114052;56442;35606;415075;107010;101635;112877;52972;21287;400325;111554;2013;60.0
61;Orne;58168;78562;50516;34871;288848;66731;29022;39418;26225;21448;148460;32347;29146;39144;24291;13423;140388;34384;2013;61.0
62;Pas-de-Calais;356697;394261;206880;121669;1465205;385698;178696;199403;110926;80605;757482;187852;178001;194858;95954;41064;707723;197846;2013;62.0
63;Puy-de-Dôme;157509;175119;104342;62743;640999;141286;77781;88439;54655;39814;330419;69730;79728;86680;49687;22929;310580;71556;2013;63.0
64;Pyrénées-Atlantiques;146909;185764;111197;76789;664057;143398;72842;94525;59399;48052;344559;69741;74067;91239;51798;28737;319498;73657;2013;64.0
65;Hautes-Pyrénées;44777;64318;41996;30417;228868;47360;21943;32813;22187;19019;118795;22833;22834;31505;19809;11398;110073;24527;2013;65.0
66;Pyrénées-Orientales;96568;121474;84740;55819;462705;104104;49918;63008;45510;34125;242835;50274;46650;58466;39230;21694;219870;53830;2013;66.0
67;Bas-Rhin;289428;312050;154977;88685;1109460;264320;146294;157225;79967;56161;568711;129064;143134;154825;75010;32524;540749;135256;2013;67.0
68;Haut-Rhin;182280;217910;111373;64858;758723;182302;91598;109524;56709;40733;387450;88886;90682;108386;54664;24125;371273;93416;2013;68.0
69;Rhône;509968;439200;228876;141391;1779845;460410;259660;225766;122083;89147;923121;226465;250308;213434;106793;52244;856724;233945;2013;69.0
70;Haute-Saône;51245;67223;40286;23539;238956;56663;25314;33427;20418;14546;121014;27309;25931;33796;19868;8993;117942;29354;2013;70.0
71;Saône-et-Loire;112738;153715;99939;66558;556222;123272;55586;77604;51943;41458;286053;59462;57152;76111;47996;25100;270169;63810;2013;71.0
72;Sarthe;127441;152512;87143;59003;569035;142936;63649;76924;45361;36346;292060;69780;63792;75588;41782;22657;276975;73156;2013;72.0
73;Savoie;100997;119013;64238;38253;423715;101214;49758;59623;33781;23630;215775;48983;51239;59390;30457;14623;207940;52231;2013;73.0
74;Haute-Savoie;200824;215631;105159;55319;769677;192744;100064;108423;55022;34333;391563;93721;100760;107208;50137;20986;378114;99023;2013;74.0
75;Paris;765369;561425;295809;167010;2229621;440008;398710;290669;162916;107711;1179255;219249;366659;270756;132893;59299;1050366;220759;2013;75.0
76;Seine-Maritime;310251;335504;184936;111030;1254609;312888;156065;172422;98715;71123;651373;153048;154186;163082;86221;39907;603236;159840;2013;76.0
77;Seine-et-Marne;360383;378196;164513;80259;1365200;381849;184243;191801;84821;50106;698025;187054;176140;186395;79692;30153;667175;194795;2013;77.0
78;Yvelines;358937;390393;186493;98412;1418484;384249;181264;199814;97446;60809;727071;187738;177673;190579;89047;37603;691413;196511;2013;78.0
79;Deux-Sèvres;78835;103387;60377;42287;371632;86746;39029;51562;31187;25255;189041;42008;39806;51825;29190;17032;182591;44738;2013;79.0
80;Somme;141889;152213;85232;50287;571675;142054;70874;76880;44667;31738;293544;69385;71015;75333;40565;18549;278131;72669;2013;80.0
81;Tarn;77188;105241;65590;48019;381927;85889;38849;53732;34330;29078;197822;41833;38339;51509;31260;18941;184105;44056;2013;81.0
82;Tarn-et-Garonne;54340;68545;40106;27028;250342;60323;27290;34540;20665;16345;128261;29421;27050;34005;19441;10683;122081;30902;2013;82.0
83;Var;218284;275969;192734;119459;1028583;222137;108306;143055;102208;72246;533919;108104;109978;132914;90526;47213;494664;114033;2013;83.0
84;Vaucluse;122773;150125;90789;52964;549949;133298;62521;77790;47744;32836;285968;65077;60252;72335;43045;20128;263981;68221;2013;84.0
85;Vendée;142034;173935;113619;69762;655506;156156;69700;87198;59087;42290;334464;76189;72334;86737;54532;27472;321042;79967;2013;85.0
86;Vienne;104782;113374;66727;45323;431248;101042;53137;57709;34772;27727;223027;49682;51645;55665;31955;17596;208221;51360;2013;86.0
87;Haute-Vienne;85248;100763;64260;44712;375856;80873;43033;51460;33771;27775;195856;39817;42215;49303;30489;16937;180000;41056;2013;87.0
88;Vosges;80053;105479;63236;39755;375226;86703;39460;53025;32716;25367;192697;42129;40593;52454;30520;14388;182529;44574;2013;88.0
89;Yonne;71060;93435;59007;38110;341483;79871;35893;46978;30264;23574;175599;38890;35167;46457;28743;14536;165884;40981;2013;89.0
90;Territoire de Belfort;36841;38225;20766;12317;144318;36169;17539;19271;10754;7774;72541;17203;19302;18954;10012;4543;71777;18966;2013;90.0
91;Essonne;332860;338615;155548;81744;1253931;345164;167834;171222;81447;50140;639427;168784;165026;167393;74101;31604;614504;176380;2013;91.0
92;Hauts-de-Seine;470510;416443;186493;115080;1591403;402877;241627;218281;101168;73609;832053;197368;228883;198162;85325;41471;759350;205509;2013;92.0
93;Seine-Saint-Denis;458311;399722;162712;82958;1552482;448779;233491;201270;82498;51794;788666;219613;224820;198452;80214;31164;763816;229166;2013;93.0
94;Val-de-Marne;388464;360088;161645;94031;1354005;349777;199630;185572;86440;60142;703072;171288;188834;174516;75205;33889;650933;178489;2013;94.0
95;Val-d'Oise;328403;319829;136976;68824;1194681;340649;168011;164596;70627;43374;612901;166293;160392;155233;66349;25450;581780;174356;2013;95.0
971;Guadeloupe;85045;120211;56872;27871;402119;112120;47137;65772;30835;16986;216042;55312;37908;54439;26037;10885;186077;56808;2013;971.0
972;Martinique;79330;119987;57377;31541;385551;97316;43578;65897;31204;18980;207596;47937;35752;54090;26173;12561;177955;49379;2013;972.0
973;Guyane;70319;51117;13794;4067;244118;104821;36334;25554;6804;2426;122465;51347;33985;25563;6990;1641;121653;53474;2013;973.0
974;La Réunion;219896;231825;82397;32257;835103;268728;116637;119634;43398;20366;431372;131337;103259;112191;38999;11891;403731;137391;2013;974.0
2A;Corse-du-Sud;33832;41530;25154;15217;145429;29696;17368;21184;12967;9133;74891;14239;16464;20346;12187;6084;70538;15457;2012;
2B;Haute-Corse;41868;47389;28796;17091;170828;35684;20646;23716;14702;10371;86598;17163;21222;23673;14094;6720;84230;18521;2012;
01;Ain;148637;171898;83266;47159;612191;161231;73524;85742;42440;28891;309363;78766;75113;86156;40826;18268;302828;82465;2012;1.0
02;Aisne;126112;148847;78639;48542;540888;138748;63077;74863;41070;30956;277635;67669;63035;73984;37569;17586;263253;71079;2012;2.0
03;Allier;68776;95067;62337;45094;342911;71637;34179;48029;32669;28368;178291;35046;34597;47038;29668;16726;164620;36591;2012;3.0
04;Alpes-de-Haute-Provence;32118;45580;29857;18099;161241;35587;16317;23218;15526;10905;83076;17110;15801;22362;14331;7194;78165;18477;2012;4.0
05;Hautes-Alpes;29440;40067;23604;15013;139554;31430;14626;20271;12197;9101;71639;15444;14814;19796;11407;5912;67915;15986;2012;5.0
06;Alpes-Maritimes;249687;288804;181560;127814;1082014;234149;126904;150646;98355;79865;569008;113238;122783;138158;83205;47949;513006;120911;2012;6.0
07;Ardèche;65410;89072;55689;35620;318407;72616;32803;44629;28648;21925;163382;35377;32607;44443;27041;13695;155025;37239;2012;7.0
08;Ardennes;64667;79596;42568;25910;282778;70037;32186;39951;22132;16490;144540;33781;32481;39645;20436;9420;138238;36256;2012;8.0
09;Ariège;30302;43255;26887;19330;152366;32592;15097;21701;13727;11687;77948;15736;15205;21554;13160;7643;74418;16856;2012;9.0
10;Aube;71578;81844;47998;30191;305606;73995;35363;41510;25024;19114;157254;36243;36215;40334;22974;11077;148352;37752;2012;10.0
11;Aude;74680;98711;64792;42822;362339;81334;37825;50579;33811;25961;187921;39745;36855;48132;30981;16861;174418;41589;2012;11.0
12;Aveyron;54458;76319;49744;38123;276229;57585;26623;37884;25557;22932;140704;27708;27835;38435;24187;15191;135525;29877;2012;12.0
13;Bouches-du-Rhône;498518;529364;295474;182501;1984784;478927;254325;276353;157093;113595;1036224;234858;244193;253011;138381;68906;948560;244069;2012;13.0
14;Calvados;167954;183651;103729;64124;687854;168396;84899;93354;55204;41152;356622;82013;83055;90297;48525;22972;331232;86383;2012;14.0
15;Cantal;28775;42490;27301;20379;147415;28470;14227;20863;14075;12639;75750;13946;14548;21627;13226;7740;71665;14524;2012;15.0
16;Charente;74343;100149;60841;42381;353657;75943;36564;51029;31778;26072;182276;36833;37779;49120;29063;16309;171381;39110;2012;16.0
17;Charente-Maritime;129593;170186;118062;76274;628733;134618;64561;87787;62277;46429;326660;65606;65032;82399;55785;29845;302073;69012;2012;17.0
18;Cher;65051;87347;55508;36252;311897;67739;32064;44161;28920;22376;160359;32838;32987;43186;26588;13876;151538;34901;2012;18.0
19;Corrèze;49203;66949;43611;33284;241247;48200;23624;33723;22836;20769;124371;23419;25579;33226;20775;12515;116876;24781;2012;19.0
21;Côte-d'Or;135552;141062;78626;49204;527403;122959;68118;71530;41319;31057;272012;59988;67434;69532;37307;18147;255391;62971;2012;21.0
22;Côtes-d'Armor;120838;160162;106072;71201;595531;137258;59734;80207;55896;45419;307656;66400;61104;79955;50176;25782;287875;70858;2012;22.0
23;Creuse;21330;34783;23716;18946;121517;22742;10438;17269;12059;11755;62438;10917;10892;17514;11657;7191;59079;11825;2012;23.0
24;Dordogne;78557;116986;80924;56148;416384;83769;39446;59590;41941;34338;216049;40734;39111;57396;38983;21810;200335;43035;2012;24.0
25;Doubs;137499;138770;76219;44994;531062;133580;67858;70246;39756;27754;271056;65442;69641;68524;36463;17240;260006;68138;2012;25.0
26;Drôme;109703;134840;78952;46348;491334;121491;55375;68870;41206;28291;252337;58595;54328;65970;37746;18057;238997;62896;2012;26.0
27;Eure;140269;164278;84965;46470;591616;155634;70591;82742;43957;29169;302213;75754;69678;81536;41008;17301;289403;79880;2012;27.0
28;Eure-et-Loir;101399;118433;63014;38641;432107;110620;50976;59543;32525;23711;220673;53918;50423;58890;30489;14930;211434;56702;2012;28.0
29;Finistère;204118;246895;145129;95647;901293;209504;98907;123359;77492;62274;463843;101811;105211;123536;67637;33373;437450;107693;2012;29.0
30;Gard;160553;201680;119676;71653;725618;172056;81393;103970;62852;43790;376046;84041;79160;97710;56824;27863;349572;88015;2012;30.0
31;Haute-Garonne;372388;336644;161052;99224;1279349;310041;184494;170828;85755;61562;654208;151569;187894;165816;75297;37662;625141;158472;2012;31.0
32;Gers;35312;54386;35014;25529;189530;39289;17650;27489;17944;14940;97144;19121;17662;26897;17070;10589;92386;20168;2012;32.0
33;Gironde;387482;400336;212624;133258;1483712;350012;196789;206446;113037;83682;772152;172198;190693;193890;99587;49576;711560;177814;2012;33.0
34;Hérault;272461;279874;170574;102568;1077627;252150;139004;146083;90238;62763;561906;123818;133457;133791;80336;39805;515721;128332;2012;34.0
35;Ille-et-Vilaine;267805;261778;130534;84024;1007901;263760;132663;131247;69205;52556;515585;129914;135142;130531;61329;31468;492316;133846;2012;35.0
36;Indre;44580;63964;41847;30509;228692;47792;22213;32057;21753;18788;118021;23210;22367;31907;20094;11721;110671;24582;2012;36.0
37;Indre-et-Loire;144215;159141;89784;60444;596937;143353;73204;81077;47618;37214;309917;70804;71011;78064;42166;23230;287020;72549;2012;37.0
38;Isère;313240;328618;167960;96420;1224993;318755;155347;165855;87392;59310;622200;154296;157893;162763;80568;37110;602793;164459;2012;38.0
39;Jura;56107;72500;42083;27727;260932;62515;27867;36177;21672;17205;133284;30363;28240;36323;20411;10522;127648;32152;2012;39.0
40;Landes;82493;110889;69030;43696;392884;86776;40944;56048;36101;26711;201776;41972;41549;54841;32929;16985;191108;44804;2012;40.0
41;Loir-et-Cher;69468;90574;56147;39194;331656;76273;34700;45738;29184;23751;170520;37147;34768;44836;26963;15443;161136;39126;2012;41.0
42;Loire;174287;197103;118059;80174;753763;184140;86901;100316;62023;51300;390342;89802;87386;96787;56036;28874;363421;94338;2012;42.0
43;Haute-Loire;46904;63200;37945;24982;225686;52655;23033;31153;19297;15748;114911;25680;23871;32047;18648;9234;110775;26975;2012;43.0
44;Loire-Atlantique;337190;348472;180576;108752;1313321;338331;167833;176677;96628;69611;675749;165000;169357;171795;83948;39141;637572;173331;2012;44.0
45;Loiret;161077;176078;97226;60318;662297;167598;80944;89486;50420;37074;339262;81338;80133;86592;46806;23244;323035;86260;2012;45.0
46;Lot;31751;49269;34607;24244;174346;34475;15696;25134;17674;14556;89905;16845;16055;24135;16933;9688;84441;17630;2012;46.0
47;Lot-et-Garonne;68070;90471;59504;42054;332119;72020;34203;46455;30984;25436;172036;34958;33867;44016;28520;16618;160083;37062;2012;47.0
48;Lozère;15991;21887;13586;9060;76889;16365;7813;10538;6664;5460;38351;7876;8178;11349;6922;3600;38538;8489;2012;48.0
49;Maine-et-Loire;195867;206614;109537;73128;795557;210411;97721;104375;57895;45387;409188;103810;98146;102239;51642;27741;386369;106601;2012;49.0
50;Manche;104800;138453;82464;57874;499340;115749;51354;68604;43136;36086;255719;56539;53446;69849;39328;21788;243621;59210;2012;50.0
51;Marne;147988;152065;81158;47754;568750;139785;73088;77779;42792;30517;292554;68378;74900;74286;38366;17237;276196;71407;2012;51.0
52;Haute-Marne;39959;50962;30560;20172;182136;40483;19117;25556;15753;12691;92729;19612;20842;25406;14807;7481;89407;20871;2012;52.0
53;Mayenne;68336;81945;44852;32641;307453;79679;33550;40470;23481;19719;156063;38843;34786;41475;21371;12922;151390;40836;2012;53.0
54;Meurthe-et-Moselle;194317;194866;103237;64288;733266;176558;96519;99489;54562;41000;378102;86532;97798;95377;48675;23288;355164;90026;2012;54.0
55;Meuse;43957;53879;29686;19465;192800;45813;21150;26686;15271;12344;97464;22013;22807;27193;14415;7121;95336;23800;2012;55.0
56;Morbihan;157299;201248;124115;78235;732372;171475;77048;101357;65669;49565;376916;83277;80251;99891;58446;28670;355456;88198;2012;56.0
57;Moselle;264213;302790;150653;87879;1046468;240933;129589;152904;79116;55146;534022;117267;134624;149886;71537;32733;512446;123666;2012;57.0
58;Nièvre;41744;59695;42260;29452;216786;43635;20497;30158;21951;18726;112495;21163;21247;29537;20309;10726;104291;22472;2012;58.0
59;Nord;701190;668398;329371;193028;2587128;695141;352252;341647;177729;127156;1338048;339264;348938;326751;151642;65872;1249080;355877;2012;59.0
60;Oise;206017;225718;106105;55820;810300;216640;103228;113854;54324;35147;412292;105739;102789;111864;51781;20673;398008;110901;2012;60.0
61;Orne;59129;79123;49305;34756;290015;67702;29497;39692;25710;21440;149316;32977;29632;39431;23595;13316;140699;34725;2012;61.0
62;Pas-de-Calais;361469;394639;200483;120316;1463628;386721;181068;199535;107895;79761;756189;187930;180401;195104;92588;40555;707439;198791;2012;62.0
63;Puy-de-Dôme;158147;174641;101736;62677;638092;140891;78024;88434;53260;39841;329135;69576;80123;86207;48476;22836;308957;71315;2012;63.0
64;Pyrénées-Atlantiques;147961;185078;108687;75822;660871;143323;73515;94262;58086;47710;343285;69712;74446;90816;50601;28112;317586;73611;2012;64.0
65;Hautes-Pyrénées;45529;64529;41333;29830;228854;47633;22383;32993;21848;18649;118739;22866;23146;31536;19485;11181;110115;24767;2012;65.0
66;Pyrénées-Orientales;97285;120588;81679;55080;457793;103161;50181;62841;43934;33659;240365;49750;47104;57747;37745;21421;217428;53411;2012;66.0
67;Bas-Rhin;291503;311197;150271;86604;1104667;265092;147594;156477;77457;55323;566275;129424;143909;154720;72814;31281;538392;135668;2012;67.0
68;Haut-Rhin;183645;217985;107807;63809;755202;181956;92149;109276;54928;40228;385546;88965;91496;108709;52879;23581;369656;92991;2012;68.0
69;Rhône;508864;435053;224828;139249;1762866;454872;259460;224061;119359;88095;915257;224282;249404;210992;105469;51154;847609;230590;2012;69.0
70;Haute-Saône;52322;67447;39264;23331;239750;57386;25831;33466;19867;14535;121377;27678;26491;33981;19397;8796;118373;29708;2012;70.0
71;Saône-et-Loire;114476;154531;97359;65844;555039;122829;56390;77952;50582;41117;285277;59236;58086;76579;46777;24727;269762;63593;2012;71.0
72;Sarthe;129571;152595;84721;58319;567382;142176;64456;76828;44302;35926;290969;69457;65115;75767;40419;22393;276413;72719;2012;72.0
73;Savoie;101591;118186;62294;37493;421105;101541;49777;59246;32683;23229;213822;48887;51814;58940;29611;14264;207283;52654;2012;73.0
74;Haute-Savoie;198655;212159;101365;53713;756501;190609;98824;107181;52892;33488;384931;92546;99831;104978;48473;20225;371570;98063;2012;74.0
75;Paris;774355;563400;290090;166887;2240621;445889;402429;292525;160117;108015;1185286;222200;371926;270875;129973;58872;1055335;223689;2012;75.0
76;Seine-Maritime;314075;336614;178925;110559;1253931;313758;158335;172963;95606;70994;651377;153479;155740;163651;83319;39565;602554;160279;2012;76.0
77;Seine-et-Marne;362061;374431;158424;78717;1353946;380313;184892;189882;81481;49430;691997;186312;177169;184549;76943;29287;661949;194001;2012;77.0
78;Yvelines;362865;388468;181724;95840;1412356;383459;182861;199224;94824;59382;723750;187459;180004;189244;86900;36458;688606;196000;2012;78.0
79;Deux-Sèvres;80719;103430;59079;41876;371583;86479;40060;51599;30595;25034;189289;42001;40659;51831;28484;16842;182294;44478;2012;79.0
80;Somme;144268;152346;82826;50198;571154;141516;72318;76953;43525;31727;293687;69164;71950;75393;39301;18471;277467;72352;2012;80.0
81;Tarn;77818;104892;63919;47827;378947;84491;38999;53523;33498;28956;196034;41058;38819;51369;30421;18871;182913;43433;2012;81.0
82;Tarn-et-Garonne;54310;67885;38924;26314;246971;59538;27367;34244;20053;15866;126409;28879;26943;33641;18871;10448;120562;30659;2012;82.0
83;Var;218971;274648;188495;117684;1021669;221871;108895;142926;99770;71469;530878;107818;110076;131722;88725;46215;490791;114053;2012;83.0
84;Vaucluse;123303;149394;88434;52785;546314;132398;62578;77370;46752;32927;284129;64502;60725;72024;41682;19858;262185;67896;2012;84.0
85;Vendée;143198;173070;109777;68388;648901;154468;70102;86875;57095;41519;330868;75277;73096;86195;52682;26869;318033;79191;2012;85.0
86;Vienne;106465;113655;64788;44346;430018;100764;53841;57908;33692;27093;222175;49641;52624;55747;31096;17253;207843;51123;2012;86.0
87;Haute-Vienne;86411;101282;62673;44550;375869;80953;43783;51739;32869;27650;195766;39725;42628;49543;29804;16900;180103;41228;2012;87.0
88;Vosges;81861;106374;61811;39137;377282;88099;40426;53521;32130;25032;193883;42774;41435;52853;29681;14105;183399;45325;2012;88.0
89;Yonne;72267;94019;57320;38190;341902;80106;36467;47285;29414;23702;176011;39143;35800;46734;27906;14488;165891;40963;2012;89.0
90;Territoire de Belfort;37599;38487;20313;12283;143940;35258;17640;19312;10450;7816;72276;17058;19959;19175;9863;4467;71664;18200;2012;90.0
91;Essonne;333822;333454;151062;79154;1237507;340015;167985;169000;79157;48922;631550;166486;165837;164454;71905;30232;605957;173529;2012;91.0
92;Hauts-de-Seine;474213;413966;181445;114381;1586434;402429;243534;217317;97706;73760;829785;197468;230679;196649;83739;40621;756649;204961;2012;92.0
93;Seine-Saint-Denis;455451;396771;159399;82818;1538726;444287;232596;200465;80343;52152;783358;217802;222855;196306;79056;30666;755368;226485;2012;93.0
94;Val-de-Marne;388464;356232;157609;92846;1341831;346680;199116;184185;84292;59537;697137;170007;189348;172047;73317;33309;644694;176673;2012;94.0
95;Val-d'Oise;328591;319658;133024;67644;1187081;338164;167832;164612;68385;43100;608977;165048;160759;155046;64639;24544;578104;173116;2012;95.0
971;Guadeloupe;87738;119147;54639;27345;403314;114445;48623;65235;29569;16641;216276;56208;39115;53912;25070;10704;187038;58237;2012;971.0
972;Martinique;82615;119413;55870;30620;388364;99846;45723;65519;30451;18483;209540;49364;36892;53894;25419;12137;178824;50482;2012;972.0
973;Guyane;70347;49394;13001;3876;239648;103030;36338;24498;6483;2275;120110;50516;34009;24896;6518;1601;119538;52514;2012;973.0
974;La Réunion;222890;228925;79157;30836;833944;272136;117936;118198;41800;19580;430440;132926;104954;110727;37357;11256;403504;139210;2012;974.0
2B;Haute-Corse;41187;47134;28384;16573;168640;35362;20164;23575;14557;10093;85378;16989;21023;23559;13827;6480;83262;18373;2011;
2A;Corse-du-Sud;33995;41809;24928;15077;145846;30037;17418;21313;12831;9027;75033;14444;16577;20496;12097;6050;70813;15593;2011;
01;Ain;148547;169154;80638;45653;603827;159835;73388;84197;41121;28152;304966;78108;75159;84957;39517;17501;298861;81727;2011;1.0
02;Aisne;127929;149525;76362;47631;541302;139855;63907;75282;39993;30426;277759;68151;64022;74243;36369;17205;263543;71704;2011;2.0
03;Allier;69610;95374;61184;44468;342729;72093;34644;48050;32189;27957;178151;35311;34966;47324;28995;16511;164578;36782;2011;3.0
04;Alpes-de-Haute-Provence;32111;45687;29231;17846;160959;36084;16359;23289;15286;10780;83036;17322;15752;22398;13945;7066;77923;18762;2011;4.0
05;Hautes-Alpes;29333;39926;22923;14636;138605;31787;14635;20144;11826;8866;71107;15636;14698;19782;11097;5770;67498;16151;2011;5.0
06;Alpes-Maritimes;250054;289044;179212;127446;1081244;235488;127004;150622;97071;79905;568709;114107;123050;138422;82141;47541;512535;121381;2011;6.0
07;Ardèche;66217;88790;54051;35272;317277;72947;33334;44330;27881;21792;162762;35425;32883;44460;26170;13480;154515;37522;2011;7.0
08;Ardennes;65875;79792;41100;25377;283110;70966;32828;39911;21446;16149;144432;34098;33047;39881;19654;9228;138678;36868;2011;8.0
09;Ariège;30923;43248;26315;18872;152286;32928;15446;21680;13529;11431;77961;15875;15477;21568;12786;7441;74325;17053;2011;9.0
10;Aube;71864;82045;46557;29453;303997;74078;35483;41510;24320;18671;156345;36361;36381;40535;22237;10782;147652;37717;2011;10.0
11;Aude;76088;97723;62925;42501;359967;80730;38319;50099;32731;25840;186564;39575;37769;47624;30194;16661;173403;41155;2011;11.0
12;Aveyron;55174;76354;49263;37518;275813;57504;27011;37822;25413;22671;140628;27711;28163;38532;23850;14847;135185;29793;2011;12.0
13;Bouches-du-Rhône;499827;527583;289038;181211;1975896;478237;254779;275514;153855;113374;1032206;234684;245048;252069;135183;67837;943690;243553;2011;13.0
14;Calvados;169040;183279;99658;63240;685262;170045;85347;93168;53095;40651;355109;82848;83693;90111;46563;22589;330153;87197;2011;14.0
15;Cantal;29573;42910;26683;20040;147577;28371;14617;21007;13808;12492;75862;13938;14956;21903;12875;7548;71715;14433;2011;15.0
16;Charente;74959;100354;59040;41783;352705;76569;36980;51040;30775;25759;181585;37031;37979;49314;28265;16024;171120;39538;2011;16.0
17;Charente-Maritime;132323;169627;114740;75083;625682;133909;65852;87466;60295;45840;324529;65076;66471;82161;54445;29243;301153;68833;2011;17.0
18;Cher;65544;87622;54360;35594;311694;68574;32381;44342;28293;22148;160547;33383;33163;43280;26067;13446;151147;35191;2011;18.0
19;Corrèze;50282;67379;42992;33240;242454;48561;24132;34002;22598;20748;124983;23503;26150;33377;20394;12492;117471;25058;2011;19.0
21;Côte-d'Or;135832;140908;76452;49037;525931;123702;68414;71394;40317;30954;271389;60310;67418;69514;36135;18083;254542;63392;2011;21.0
22;Côtes-d'Armor;122566;160193;103705;69961;594375;137950;60572;80304;54874;44792;307367;66825;61994;79889;48831;25169;287008;71125;2011;22.0
23;Creuse;22088;35065;23317;19022;122560;23068;10732;17413;11891;11804;62940;11100;11356;17652;11426;7218;59620;11968;2011;23.0
24;Dordogne;79506;117215;79085;55194;415168;84168;39908;59684;41015;33777;215345;40961;39598;57531;38070;21417;199823;43207;2011;24.0
25;Doubs;138158;138376;74544;44245;529103;133780;68424;69935;38763;27409;269574;65043;69734;68441;35781;16836;259529;68737;2011;25.0
26;Drôme;110349;133952;76871;45766;487993;121055;55828;68444;40247;27967;250832;58346;54521;65508;36624;17799;237161;62709;2011;26.0
27;Eure;141837;163789;81878;45249;588111;155358;71377;82556;42445;28462;300641;75801;70460;81233;39433;16787;287470;79557;2011;27.0
28;Eure-et-Loir;102981;118013;61010;38052;430416;110360;51673;59365;31328;23355;219391;53670;51308;58648;29682;14697;211025;56690;2011;28.0
29;Finistère;206094;247128;141359;93614;899870;211675;99976;123371;75828;61510;463400;102715;106118;123757;65531;32104;436470;108960;2011;29.0
30;Gard;160503;199907;115235;69938;718357;172774;81403;102972;60414;42744;371924;84391;79100;96935;54821;27194;346433;88383;2011;30.0
31;Haute-Garonne;368408;331806;156767;97250;1260226;305995;182141;168714;83549;60534;644386;149448;186267;163092;73218;36716;615840;156547;2011;31.0
32;Gers;35740;54528;34339;25032;188893;39254;17879;27556;17601;14660;96678;18982;17861;26972;16738;10372;92215;20272;2011;32.0
33;Gironde;385885;394653;205380;130670;1463662;347074;195325;203937;109199;82507;761631;170663;190560;190716;96181;48163;702031;176411;2011;33.0
34;Hérault;269053;276242;164452;100971;1062036;251318;136981;144598;87011;62028;554540;123922;132072;131644;77441;38943;507496;127396;2011;34.0
35;Ille-et-Vilaine;269172;258917;126862;82176;996439;259312;132887;130113;67512;51515;509903;127876;136285;128804;59350;30661;486536;131436;2011;35.0
36;Indre;46097;64623;41211;30225;230175;48019;22787;32341;21531;18676;118699;23364;23310;32282;19680;11549;111476;24655;2011;36.0
37;Indre-et-Loire;144883;159037;87284;59287;593683;143192;73561;81170;46298;36426;307939;70484;71322;77867;40986;22861;285744;72708;2011;37.0
38;Isère;316138;324686;163863;94931;1215212;315594;156733;163758;85179;58611;617208;152927;159405;160928;78684;36320;598004;162667;2011;38.0
39;Jura;57279;72357;41235;27668;261294;62755;28650;36033;21178;17228;133471;30382;28629;36324;20057;10440;127823;32373;2011;39.0
40;Landes;82546;109730;67316;42825;387929;85512;41012;55393;35135;26271;199300;41489;41534;54337;32181;16554;188629;44023;2011;40.0
41;Loir-et-Cher;70346;90544;54618;39135;331280;76637;35119;45793;28413;23730;170332;37277;35227;44751;26205;15405;160948;39360;2011;41.0
42;Loire;175539;195826;115653;78899;749053;183136;87839;99656;61034;50657;388414;89228;87700;96170;54619;28242;360639;93908;2011;42.0
43;Haute-Loire;47468;62725;37155;24769;224907;52790;23312;30831;18978;15678;114521;25722;24156;31894;18177;9091;110386;27068;2011;43.0
44;Loire-Atlantique;336630;344144;174036;106424;1296364;335130;167493;174812;93205;68340;667380;163530;169137;169332;80831;38084;628984;171600;2011;44.0
45;Loiret;162598;175640;94379;59123;659587;167847;81468;89315;48985;36357;337869;81744;81130;86325;45394;22766;321718;86103;2011;45.0
46;Lot;32510;49462;33929;23891;174754;34962;16011;25206;17238;14409;89910;17046;16499;24256;16691;9482;84844;17916;2011;46.0
47;Lot-et-Garonne;68529;90396;58444;41527;330866;71970;34398;46489;30428;25210;171361;34836;34131;43907;28016;16317;159505;37134;2011;47.0
48;Lozère;16342;21962;13297;8957;77156;16598;7968;10519;6564;5405;38371;7915;8374;11443;6733;3552;38785;8683;2011;48.0
49;Maine-et-Loire;197889;205403;106435;72546;790343;208070;98923;103761;56518;45103;406662;102357;98966;101642;49917;27443;383681;105713;2011;49.0
50;Manche;106818;138726;81031;57055;499531;115901;52247;68756;42403;35862;255897;56629;54571;69970;38628;21193;243634;59272;2011;50.0
51;Marne;149938;152057;78410;46949;566571;139217;74344;77892;41308;30145;291453;67764;75594;74165;37102;16804;275118;71453;2011;51.0
52;Haute-Marne;40360;51274;29990;20114;182375;40637;19341;25681;15409;12815;92938;19692;21019;25593;14581;7299;89437;20945;2011;52.0
53;Mayenne;69053;81708;44025;32488;307031;79757;33836;40364;23082;19755;155788;38751;35217;41344;20943;12733;151243;41006;2011;53.0
54;Meurthe-et-Moselle;196639;194442;100842;63514;733124;177687;97548;99558;53498;40691;378231;86936;99091;94884;47344;22823;354893;90751;2011;54.0
55;Meuse;44812;54228;28759;19194;193557;46564;21545;26791;14870;12221;97807;22380;23267;27437;13889;6973;95750;24184;2011;55.0
56;Morbihan;159272;199943;120968;75429;727083;171471;78048;100441;64192;48062;373756;83013;81224;99502;56776;27367;353327;88458;2011;56.0
57;Moselle;268309;302555;147092;85026;1045146;242164;131480;152877;77431;53526;533234;117920;136829;149678;69661;31500;511912;124244;2011;57.0
58;Nièvre;42696;60576;41418;29265;218341;44386;20997;30773;21638;18661;113786;21717;21699;29803;19780;10604;104555;22669;2011;58.0
59;Nord;707214;666868;318711;189510;2579208;696905;355384;341358;172903;125372;1334630;339613;351830;325510;145808;64138;1244578;357292;2011;59.0
60;Oise;207388;224425;102523;54609;805642;216697;103624;113119;52480;34410;409437;105804;103764;111306;50043;20199;396205;110893;2011;60.0
61;Orne;60343;79761;48199;34020;290891;68568;30094;39955;25256;21047;149608;33256;30249;39806;22943;12973;141283;35312;2011;61.0
62;Pas-de-Calais;366805;395345;194534;117491;1462807;388632;183906;199871;105299;78328;756479;189075;182899;195474;89235;39163;706328;199557;2011;62.0
63;Puy-de-Dôme;159127;174476;98808;61603;635469;141455;78277;88409;51702;39479;327655;69788;80850;86067;47106;22124;307814;71667;2011;63.0
64;Pyrénées-Atlantiques;148677;184036;105840;74659;656608;143396;73873;93879;56537;47155;341166;69722;74804;90157;49303;27504;315442;73674;2011;64.0
65;Hautes-Pyrénées;46892;65133;40616;29035;229228;47552;22926;33339;21506;18241;118850;22838;23966;31794;19110;10794;110378;24714;2011;65.0
66;Pyrénées-Orientales;97543;119199;79932;54296;452530;101560;50293;62043;42942;33314;237560;48968;47250;57156;36990;20982;214970;52592;2011;66.0
67;Bas-Rhin;294438;308983;145891;84730;1099269;265227;149143;155044;75220;54137;562961;129417;145295;153939;70671;30593;536308;135810;2011;67.0
68;Haut-Rhin;185467;217498;104958;62248;753056;182885;92782;108936;53418;39576;383953;89241;92685;108562;51540;22672;369103;93644;2011;68.0
69;Rhône;504664;431355;220363;138043;1744236;449811;256869;222671;116747;87403;905374;221684;247795;208684;103616;50640;838862;228127;2011;69.0
70;Haute-Saône;53130;67689;38066;22863;239695;57947;26068;33590;19282;14337;121279;28002;27062;34099;18784;8526;118416;29945;2011;70.0
71;Saône-et-Loire;117246;154716;95195;65334;555999;123508;57642;78040;49537;40885;285729;59625;59604;76676;45658;24449;270270;63883;2011;71.0
72;Sarthe;131359;152036;82890;57268;565718;142165;65207;76468;43421;35258;289975;69621;66152;75568;39469;22010;275743;72544;2011;72.0
73;Savoie;102308;117466;60553;36488;418949;102134;50282;58804;31726;22622;212840;49406;52026;58662;28827;13866;206109;52728;2011;73.0
74;Haute-Savoie;197230;209664;98510;52613;746994;188977;97552;106013;51230;32876;379506;91835;99678;103651;47280;19737;367488;97142;2011;74.0
75;Paris;784133;562972;286875;168183;2249975;447812;406319;292362;158186;109211;1189390;223312;377814;270610;128689;58972;1060585;224500;2011;75.0
76;Seine-Maritime;317240;336099;173977;109545;1251282;314421;159445;172568;93420;70727;649902;153742;157795;163531;80557;38818;601380;160679;2011;76.0
77;Seine-et-Marne;362830;370179;152918;76322;1338427;376178;184773;187793;78556;48136;683559;184301;178057;182386;74362;28186;654868;191877;2011;77.0
78;Yvelines;365626;388363;178294;94835;1413635;386517;184042;199422;92616;59290;724098;188728;181584;188941;85678;35545;689537;197789;2011;78.0
79;Deux-Sèvres;81175;103416;58031;41678;370939;86639;40185;51674;30043;25041;188959;42016;40990;51742;27988;16637;181980;44623;2011;79.0
80;Somme;146461;152317;80618;48861;571211;142954;73432;76995;42507;30903;293630;69793;73029;75322;38111;17958;277581;73161;2011;80.0
81;Tarn;78743;104620;62567;47616;377675;84129;39402;53396;32809;28743;195226;40876;39341;51224;29758;18873;182449;43253;2011;81.0
82;Tarn-et-Garonne;54727;67351;37521;26141;244545;58805;27489;33847;19453;15744;125100;28567;27238;33504;18068;10397;119445;30238;2011;82.0
83;Var;219571;271758;184870;116057;1012735;220479;108855;141422;97727;70679;526098;107415;110716;130336;87143;45378;486637;113064;2011;83.0
84;Vaucluse;125335;149399;86520;51881;546630;133495;63492;77445;45736;32363;284200;65164;61843;71954;40784;19518;262430;68331;2011;84.0
85;Vendée;144087;171255;106117;67178;641657;153020;70833;85756;55160;41097;327154;74308;73254;85499;50957;26081;314503;78712;2011;85.0
86;Vienne;106697;113608;63106;43961;428447;101075;54119;57930;32795;26974;221509;49691;52578;55678;30311;16987;206938;51384;2011;86.0
87;Haute-Vienne;87625;101515;61266;44587;376058;81065;44584;51659;32190;27760;195900;39707;43041;49856;29076;16827;180158;41358;2011;87.0
88;Vosges;84300;106872;60134;38378;378830;89146;41605;53800;31270;24676;194646;43295;42695;53072;28864;13702;184184;45851;2011;88.0
89;Yonne;73963;94464;56044;37565;342463;80427;37325;47388;28798;23404;176013;39098;36638;47076;27246;14161;166450;41329;2011;89.0
90;Territoire de Belfort;37751;38396;19634;12049;143348;35518;17668;19374;10141;7767;72097;17147;20083;19022;9493;4282;71251;18371;2011;90.0
91;Essonne;332340;330786;148238;77729;1225191;336098;166810;168111;77316;48038;624476;164201;165530;162675;70922;29691;600715;171897;2011;91.0
92;Hauts-de-Seine;476694;409798;178684;115744;1581628;400708;244482;215421;95732;74492;826647;196520;232212;194377;82952;41252;754981;204188;2011;92.0
93;Seine-Saint-Denis;455508;394616;155112;82318;1529928;442374;232500;200019;77706;52729;779748;216794;223008;194597;77406;29589;750180;225580;2011;93.0
94;Val-de-Marne;388804;354333;154017;92276;1333702;344272;199811;183219;82544;59228;693231;168429;188993;171114;71473;33048;640471;175843;2011;94.0
95;Val-d'Oise;327104;320176;129561;66466;1180365;337058;166751;165083;66869;42497;606211;165011;160353;155093;62692;23969;574154;172047;2011;95.0
971;Guadeloupe;90459;117860;53233;26536;404635;116547;50399;64232;28997;16079;216853;57146;40060;53628;24236;10457;187782;59401;2011;971.0
972;Martinique;86340;119298;54668;29672;392291;102313;48044;65456;29590;17992;211615;50533;38296;53842;25078;11680;180676;51780;2011;972.0
973;Guyane;68394;48889;12340;3863;237549;104063;36287;24259;6170;2252;119817;50849;32107;24630;6170;1611;117732;53214;2011;973.0
974;La Réunion;225332;223635;75847;28828;828581;274939;119189;115333;40123;18422;427442;134375;106143;108302;35724;10406;401139;140564;2011;974.0
2B;Haute-Corse;40716;46717;27398;16269;166093;34993;19854;23442;14041;9978;84121;16806;20862;23275;13357;6291;81972;18187;2010;
2A;Corse-du-Sud;33762;41577;23846;14538;143600;29877;17267;21048;12417;8871;73939;14336;16495;20529;11429;5667;69661;15541;2010;
01;Ain;147795;168352;77592;44553;597341;159049;73093;83753;39594;27537;301634;77657;74702;84599;37998;17016;295707;81392;2010;1.0
02;Aisne;129269;150200;73874;47114;540508;140051;64557;75507;38933;30185;277509;68327;64712;74693;34941;16929;262999;71724;2010;2.0
03;Allier;70309;96593;59723;44212;342908;72071;35144;48733;31510;28009;178425;35029;35165;47860;28213;16203;164483;37042;2010;3.0
04;Alpes-de-Haute-Provence;32440;45668;28400;17487;160149;36154;16482;23206;14884;10620;82551;17359;15958;22462;13516;6867;77598;18795;2010;4.0
05;Hautes-Alpes;29056;39586;22438;14425;136971;31466;14500;19992;11482;8752;70114;15388;14556;19594;10956;5673;66857;16078;2010;5.0
06;Alpes-Maritimes;250738;288561;176434;127524;1078729;235472;127712;150418;95917;79879;568580;114654;123026;138143;80517;47645;510149;120818;2010;6.0
07;Ardèche;66679;88707;52282;34737;315090;72685;33330;44317;27064;21626;161610;35273;33349;44390;25218;13111;153480;37412;2010;7.0
08;Ardennes;66958;80373;39876;25087;283250;70956;33266;40184;20853;16003;144295;33989;33692;40189;19023;9084;138955;36967;2010;8.0
09;Ariège;31659;43373;25480;18652;152038;32874;15823;21682;13218;11269;77895;15903;15836;21691;12262;7383;74143;16971;2010;9.0
10;Aube;72391;82645;45039;28923;303327;74329;35687;41820;23538;18348;155933;36540;36704;40825;21501;10575;147394;37789;2010;10.0
11;Aude;76196;97305;60928;41656;356467;80382;38529;49733;31867;25250;184661;39282;37667;47572;29061;16406;171806;41100;2010;11.0
12;Aveyron;56288;76885;48369;37489;276805;57774;27655;38097;24992;22685;141277;27848;28633;38788;23377;14804;135528;29926;2010;12.0
13;Bouches-du-Rhône;503257;529405;282374;178216;1972018;478766;256993;276923;150352;111913;1030991;234810;246264;252482;132022;66303;941027;243956;2010;13.0
14;Calvados;170840;184362;96108;61910;683105;169885;85854;93888;51482;39935;354433;83274;84986;90474;44626;21975;328672;86611;2010;14.0
15;Cantal;30260;43537;25867;19866;148162;28632;14875;21342;13428;12419;76105;14041;15385;22195;12439;7447;72057;14591;2010;15.0
16;Charente;75613;100827;57279;41017;351577;76841;37491;51306;29865;25401;181375;37312;38122;49521;27414;15616;170202;39529;2010;16.0
17;Charente-Maritime;132614;170053;111149;73920;622323;134587;66039;87686;58433;45324;322620;65138;66575;82367;52716;28596;299703;69449;2010;17.0
18;Cher;66377;87756;53045;35083;311257;68996;32648;44398;27565;21887;160175;33677;33729;43358;25480;13196;151082;35319;2010;18.0
19;Corrèze;50974;67901;42436;33320;243551;48920;24571;34284;22380;20774;125477;23468;26403;33617;20056;12546;118074;25452;2010;19.0
21;Côte-d'Or;136186;142081;73539;48213;524358;124339;68427;72168;38790;30428;270697;60884;67759;69913;34749;17785;253661;63455;2010;21.0
22;Côtes-d'Armor;124102;160262;100641;68751;591641;137885;61224;80453;53402;43996;305823;66748;62878;79809;47239;24755;285818;71137;2010;22.0
23;Creuse;22839;35263;22790;18948;123029;23189;11034;17436;11695;11734;63235;11336;11805;17827;11095;7214;59794;11853;2010;23.0
24;Dordogne;80703;117764;76881;54558;414149;84243;40561;60027;39899;33425;214910;40998;40142;57737;36982;21133;199239;43245;2010;24.0
25;Doubs;139827;138484;72758;43326;527770;133375;69075;70160;37876;26868;268918;64939;70752;68324;34882;16458;258852;68436;2010;25.0
26;Drôme;110856;133815;74214;45017;484715;120813;55953;68147;38815;27617;248870;58338;54903;65668;35399;17400;235845;62475;2010;26.0
27;Eure;143717;164212;78780;44526;586543;155308;72194;82734;40900;28162;300052;76062;71523;81478;37880;16364;286491;79246;2010;27.0
28;Eure-et-Loir;103810;118400;59010;37488;428933;110225;52059;59614;30460;22988;218689;53568;51751;58786;28550;14500;210244;56657;2010;28.0
29;Finistère;207870;247153;137439;92539;897628;212627;101026;123490;74193;61000;462881;103172;106844;123663;63246;31539;434747;109455;2010;29.0
30;Gard;160182;198317;110997;67713;709700;172491;81476;102115;58379;41538;367686;84178;78706;96202;52618;26175;342014;88313;2010;30.0
31;Haute-Garonne;366583;328845;152046;95339;1243641;300828;181593;167148;80970;59523;635888;146654;184990;161697;71076;35816;607753;154174;2010;31.0
32;Gers;36017;54676;33491;24833;188159;39142;18099;27530;17221;14568;96309;18891;17918;27146;16270;10265;91850;20251;2010;32.0
33;Gironde;385881;393121;197712;128541;1449245;343990;195744;203623;105049;81458;754789;168915;190137;189498;92663;47083;694456;175075;2010;33.0
34;Hérault;269093;273088;158459;99533;1044558;244385;137596;143146;83775;61135;545808;120156;131497;129942;74684;38398;498750;124229;2010;34.0
35;Ille-et-Vilaine;270231;256693;123441;81013;988140;256762;133730;129076;65900;50888;505993;126399;136501;127617;57541;30125;482147;130363;2010;35.0
36;Indre;46819;65298;40569;29846;231176;48644;23118;32739;21252;18429;119235;23697;23701;32559;19317;11417;111941;24947;2010;36.0
37;Indre-et-Loire;146359;159104;84908;57771;590515;142373;74116;81223;45070;35647;306019;69963;72243;77881;39838;22124;284496;72410;2010;37.0
38;Isère;317492;322916;157991;92316;1206374;315659;157240;163034;82068;57124;612591;153125;160252;159882;75923;35192;593783;162534;2010;38.0
39;Jura;57894;72562;40423;27127;261534;63528;28933;36255;20894;16823;133656;30751;28961;36307;19529;10304;127878;32777;2010;39.0
40;Landes;83015;108821;65091;42363;384320;85030;41103;54903;34050;26061;197428;41311;41912;53918;31041;16302;186892;43719;2010;40.0
41;Loir-et-Cher;70742;90935;52638;38500;330079;77264;35365;45850;27438;23424;169627;37550;35377;45085;25200;15076;160452;39714;2010;41.0
42;Loire;177526;196937;114020;77439;748947;183025;88532;100276;60223;49566;387846;89249;88994;96661;53797;27873;361101;93776;2010;42.0
43;Haute-Loire;47900;62769;35948;24632;224006;52757;23533;30750;18472;15642;114132;25735;24367;32019;17476;8990;109874;27022;2010;43.0
44;Loire-Atlantique;335966;341527;168126;104592;1282052;331841;166776;173952;90318;67460;660424;161918;169190;167575;77808;37132;621628;169923;2010;44.0
45;Loiret;164461;175736;91650;58501;656105;165757;82022;89310;47502;35952;335647;80861;82439;86426;44148;22549;320458;84896;2010;45.0
46;Lot;32866;49803;32978;23529;174578;35402;16303;25285;16869;14227;89996;17312;16563;24518;16109;9302;84582;18090;2010;46.0
47;Lot-et-Garonne;69274;91458;57188;40819;331123;72384;34798;46952;29836;24744;171204;34874;34476;44506;27352;16075;159919;37510;2010;47.0
48;Lozère;16557;22073;12953;8929;77082;16570;8132;10538;6474;5388;38385;7853;8425;11535;6479;3541;38697;8717;2010;48.0
49;Maine-et-Loire;199493;205367;103293;70847;784810;205810;99668;103661;55008;43974;403467;101156;99825;101706;48285;26873;381343;104654;2010;49.0
50;Manche;107820;138858;79021;56059;498747;116989;52856;68617;41598;35265;255497;57161;54964;70241;37423;20794;243250;59828;2010;50.0
51;Marne;150892;152970;75474;46148;565307;139823;74973;78286;39783;29804;290821;67975;75919;74684;35691;16344;274486;71848;2010;51.0
52;Haute-Marne;40675;52271;29439;19724;184039;41930;19547;26198;15198;12519;93762;20300;21128;26073;14241;7205;90277;21630;2010;52.0
53;Mayenne;70593;81721;42757;31766;306337;79500;34540;40451;22459;19399;155371;38522;36053;41270;20298;12367;150966;40978;2010;53.0
54;Meurthe-et-Moselle;198624;195329;97941;62887;732207;177426;98732;100195;52160;40232;377964;86645;99892;95134;45781;22655;354243;90781;2010;54.0
55;Meuse;46197;54687;27884;18874;193923;46281;22100;26974;14384;12010;97860;22392;24097;27713;13500;6864;96063;23889;2010;55.0
56;Morbihan;160457;199648;117279;73905;721657;170368;78341;100490;62375;47345;371121;82570;82116;99158;54904;26560;350536;87798;2010;56.0
57;Moselle;271073;303513;142689;83359;1045066;244432;132981;153264;75385;52687;533171;118854;138092;150249;67304;30672;511895;125578;2010;57.0
58;Nièvre;43725;61754;40288;28975;219584;44842;21579;31376;21012;18573;114506;21966;22146;30378;19276;10402;105078;22876;2010;58.0
59;Nord;711010;668621;309066;186849;2576770;701224;356962;342474;168225;124173;1333578;341744;354048;326147;140841;62676;1243192;359480;2010;59.0
60;Oise;209369;224844;98500;53238;803595;217644;104223;113368;50496;33604;407986;106295;105146;111476;48004;19634;395609;111349;2010;60.0
61;Orne;61891;80455;46906;33314;291642;69076;30750;40205;24658;20626;149687;33448;31141;40250;22248;12688;141955;35628;2010;61.0
62;Pas-de-Calais;370785;397395;188159;116821;1461387;388227;185820;200824;102626;77717;755925;188938;184965;196571;85533;39104;705462;199289;2010;62.0
63;Puy-de-Dôme;158843;175413;95759;60059;632311;142237;78410;88951;50237;38756;326488;70134;80433;86462;45522;21303;305823;72103;2010;63.0
64;Pyrénées-Atlantiques;149799;184168;103170;73129;653515;143249;74348;94128;55081;46188;339363;69618;75451;90040;48089;26941;314152;73631;2010;64.0
65;Hautes-Pyrénées;47603;65309;39631;29170;229458;47745;23246;33521;21010;18331;119044;22936;24357;31788;18621;10839;110414;24809;2010;65.0
66;Pyrénées-Orientales;97860;118850;77970;53269;448543;100594;50373;62064;41648;32658;235371;48628;47487;56786;36322;20611;213172;51966;2010;66.0
67;Bas-Rhin;295829;310329;141907;82543;1095905;265297;149655;155576;73486;52976;561872;130179;146174;154753;68421;29567;534033;135118;2010;67.0
68;Haut-Rhin;187513;217066;101485;61321;749782;182397;93807;108589;51895;39196;382627;89140;93706;108477;49590;22125;367155;93257;2010;68.0
69;Rhône;499605;428362;215462;135711;1725177;446037;253952;221397;113862;86164;895804;220429;245653;206965;101600;49547;829373;225608;2010;69.0
70;Haute-Saône;54298;67614;36932;22595;239548;58109;26624;33632;18825;14165;121405;28159;27674;33982;18107;8430;118143;29950;2010;70.0
71;Saône-et-Loire;118492;155643;92470;64820;555663;124238;58127;78470;48291;40498;285265;59879;60365;77173;44179;24322;270398;64359;2010;71.0
72;Sarthe;133128;152576;80560;56174;563518;141080;66082;76588;42393;34771;288884;69050;67046;75988;38167;21403;274634;72030;2010;72.0
73;Savoie;102611;116505;58785;35717;414959;101341;50333;58348;31004;22149;210842;49008;52278;58157;27781;13568;204117;52333;2010;73.0
74;Haute-Savoie;194703;208787;95706;50995;738088;187897;96245;105580;49966;31846;374768;91131;98458;103207;45740;19149;363320;96766;2010;74.0
75;Paris;786058;563890;278488;167345;2243833;448052;406531;293397;153244;109295;1185796;223329;379527;270493;125244;58050;1058037;224723;2010;75.0
76;Seine-Maritime;320121;337467;168824;107552;1250411;316447;161251;173204;91023;69443;649747;154826;158870;164263;77801;38109;600664;161621;2010;76.0
77;Seine-et-Marne;363953;366877;145942;73905;1324865;374188;185430;186261;74861;46899;676888;183437;178523;180616;71081;27006;647977;190751;2010;77.0
78;Yvelines;370137;388294;173531;92469;1408765;384334;186379;199745;89813;57980;721830;187913;183758;188549;83718;34489;686935;196421;2010;78.0
79;Deux-Sèvres;83096;102890;56032;41156;369270;86096;41073;51536;28895;24906;188141;41731;42023;51354;27137;16250;181129;44365;2010;79.0
80;Somme;147586;152926;78137;48451;570741;143641;73890;77281;41405;30774;293617;70267;73696;75645;36732;17677;277124;73374;2010;80.0
81;Tarn;79666;103978;61232;46394;375379;84109;39783;53103;32186;28111;194085;40902;39883;50875;29046;18283;181294;43207;2010;81.0
82;Tarn-et-Garonne;54702;66786;36211;25918;241698;58081;27448;33540;18813;15566;123676;28309;27254;33246;17398;10352;118022;29772;2010;82.0
83;Var;219514;271573;181022;114893;1008183;221181;109224;141387;95655;70217;524050;107567;110290;130186;85367;44676;484133;113614;2010;83.0
84;Vaucluse;125817;149548;84090;50459;543105;133191;63790;77375;44502;31505;282232;65060;62027;72173;39588;18954;260873;68131;2010;84.0
85;Vendée;144213;170676;102763;65158;634778;151968;70939;85376;53516;39883;323485;73771;73274;85300;49247;25275;311293;78197;2010;85.0
86;Vienne;108251;114094;61229;43278;427193;100341;55055;58063;31876;26670;221275;49611;53196;56031;29353;16608;205918;50730;2010;86.0
87;Haute-Vienne;88388;102211;60397;44505;376191;80690;44955;52032;31756;27609;196043;39691;43433;50179;28641;16896;180148;40999;2010;87.0
88;Vosges;85321;107712;58693;37793;379724;90205;42002;54141;30576;24533;195251;43999;43319;53571;28117;13260;184473;46206;2010;88.0
89;Yonne;75321;95261;54534;36985;342510;80409;37943;47883;28052;23216;176225;39131;37378;47378;26482;13769;166285;41278;2010;89.0
90;Territoire de Belfort;37785;38635;18955;11837;142911;35699;17641;19417;9804;7663;71551;17026;20144;19218;9151;4174;71360;18673;2010;90.0
91;Essonne;332407;329889;144200;75251;1215340;333593;166340;167653;75199;46834;619617;163591;166067;162236;69001;28417;595723;170002;2010;91.0
92;Hauts-de-Seine;477745;407383;174608;114554;1572490;398200;244860;214395;93811;74287;823082;195729;232885;192988;80797;40267;749408;202471;2010;92.0
93;Seine-Saint-Denis;455594;394477;150305;80911;1522048;440761;233288;199889;75652;51622;776292;215841;222306;194588;74653;29289;745756;224920;2010;93.0
94;Val-de-Marne;389117;354531;150001;91324;1327732;342759;199949;183531;80450;58896;689626;166800;189168;171000;69551;32428;638106;175959;2010;94.0
95;Val-d'Oise;327414;319910;124587;64992;1171161;334258;167230;164907;64406;41679;601869;163647;160184;155003;60181;23313;569292;170611;2010;95.0
971;Guadeloupe;92399;116204;50744;25233;403355;118775;51431;63186;27685;15196;215443;57945;40968;53018;23059;10037;187912;60830;2010;971.0
972;Martinique;89749;117963;53064;27704;394173;105693;49804;64519;28697;16873;212063;52170;39945;53444;24367;10831;182110;53523;2010;972.0
973;Guyane;66329;46582;11235;3617;229040;101277;34993;23127;5557;2081;115433;49675;31336;23455;5678;1536;113607;51602;2010;973.0
974;La Réunion;225439;218953;71741;26805;821136;278198;119207;112904;38009;17187;423183;135876;106232;106049;33732;9618;397953;142322;2010;974.0
2A;Corse-du-Sud;33050;41248;23396;14371;141330;29265;16865;20944;12157;8644;72590;13980;16185;20304;11239;5727;68740;15285;2009;
2B;Haute-Corse;41455;46440;26957;16005;164344;33487;20405;23305;13803;9920;83570;16137;21050;23135;13154;6085;80774;17350;2009;
01;Ain;147234;166380;74738;43626;588853;156875;73058;82857;38239;27053;297990;76783;74176;83523;36499;16573;290863;80092;2009;1.0
02;Aisne;130650;151050;71463;46599;539870;140108;65130;75806;37809;29900;276955;68310;65520;75244;33654;16699;262915;71798;2009;2.0
03;Allier;71728;97005;58555;44012;343046;71746;35653;49212;31053;27887;178707;34902;36075;47793;27502;16125;164339;36844;2009;3.0
04;Alpes-de-Haute-Provence;32462;45785;27538;17180;159450;36485;16538;23337;14337;10472;82173;17489;15924;22448;13201;6708;77277;18996;2009;4.0
05;Hautes-Alpes;29425;39568;21688;13894;135836;31261;14627;19901;11172;8531;69431;15200;14798;19667;10516;5363;66405;16061;2009;5.0
06;Alpes-Maritimes;252371;289638;174679;126843;1079100;235569;128688;151747;94761;79637;569589;114756;123683;137891;79918;47206;509511;120813;2009;6.0
07;Ardèche;67104;88571;50756;34262;313578;72885;33457;44376;26279;21323;160855;35420;33647;44195;24477;12939;152723;37465;2009;7.0
08;Ardennes;67896;80587;38772;24546;283296;71495;33807;40243;20363;15750;144408;34245;34089;40344;18409;8796;138888;37250;2009;8.0
09;Ariège;31759;43334;24858;18752;151117;32414;15947;21574;12932;11322;77389;15614;15812;21760;11926;7430;73728;16800;2009;9.0
10;Aube;73165;83540;43478;28318;303298;74797;36409;42234;22696;18118;156009;36552;36756;41306;20782;10200;147289;38245;2009;10.0
11;Aude;76394;96931;59586;41703;353980;79366;38234;49513;31281;25314;183265;38923;38160;47418;28305;16389;170715;40443;2009;11.0
12;Aveyron;57378;77124;47249;36961;277048;58336;28215;38124;24478;22411;141336;28108;29163;39000;22771;14550;135712;30228;2009;12.0
13;Bouches-du-Rhône;504586;530843;276670;174771;1967299;480429;258004;277514;147414;110056;1028298;235310;246582;253329;129256;64715;939001;245119;2009;13.0
14;Calvados;170600;185233;92725;60325;680908;172025;85699;94421;49981;39044;353416;84271;84901;90812;42744;21281;327492;87754;2009;14.0
15;Cantal;31016;43546;25352;19620;148380;28846;15238;21347;13285;12226;76217;14121;15778;22199;12067;7394;72163;14725;2009;15.0
16;Charente;76745;101299;56106;40486;351563;76927;38127;51466;29253;25161;181401;37394;38618;49833;26853;15325;170162;39533;2009;16.0
17;Charente-Maritime;132458;169672;107702;72351;616607;134424;66197;87433;56828;44354;319712;64900;66261;82239;50874;27997;296895;69524;2009;17.0
18;Cher;67542;88028;52149;34341;311022;68962;33323;44556;27196;21429;160134;33630;34219;43472;24953;12912;150888;35332;2009;18.0
19;Corrèze;51583;68485;41537;32609;243352;49138;24888;34337;21933;20480;125195;23557;26695;34148;19604;12129;118157;25581;2009;19.0
21;Côte-d'Or;136756;143132;71100;47399;524144;125757;68651;72954;37461;30042;270977;61869;68105;70178;33639;17357;253167;63888;2009;21.0
22;Côtes-d'Armor;125413;160615;97709;66775;587519;137007;61904;80523;52075;42928;303827;66397;63509;80092;45634;23847;283692;70610;2009;22.0
23;Creuse;23132;35588;22597;18779;123584;23488;11205;17565;11658;11596;63445;11421;11927;18023;10939;7183;60139;12067;2009;23.0
24;Dordogne;81647;117901;74774;54136;412082;83624;41086;60038;38935;33176;214026;40791;40561;57863;35839;20960;198056;42833;2009;24.0
25;Doubs;141542;138935;70976;41826;525276;131997;69835;70377;37132;26005;267251;63902;71707;68558;33844;15821;258025;68095;2009;25.0
26;Drôme;111532;134063;72129;44478;482984;120782;56155;68243;37748;27365;247960;58449;55377;65820;34381;17113;235024;62333;2009;26.0
27;Eure;143761;163794;76127;43855;582822;155285;72384;82517;39631;27803;298381;76046;71377;81277;36496;16052;284441;79239;2009;27.0
28;Eure-et-Loir;104263;118359;56556;37239;425502;109085;52085;59532;29462;22859;216887;52949;52178;58827;27094;14380;208615;56136;2009;28.0
29;Finistère;210670;246670;133676;90926;893914;211972;102313;123307;72355;60053;460858;102830;108357;123363;61321;30873;433056;109142;2009;29.0
30;Gard;159764;197503;107312;66501;701883;170803;81232;101537;56462;40719;363409;83459;78532;95966;50850;25782;338474;87344;2009;30.0
31;Haute-Garonne;365230;327472;147057;92644;1230820;298417;180647;166476;78202;58333;629266;145608;184583;160996;68855;34311;601554;152809;2009;31.0
32;Gers;36265;54595;32556;24753;187181;39012;18191;27505;16736;14480;95860;18948;18074;27090;15820;10273;91321;20064;2009;32.0
33;Gironde;384307;392150;190617;126652;1434661;340935;194759;202768;101522;80883;747036;167104;189548;189382;89095;45769;687625;173831;2009;33.0
34;Hérault;266074;271332;153611;97348;1031974;243609;135955;142163;81437;59848;539028;119625;130119;129169;72174;37500;492946;123984;2009;34.0
35;Ille-et-Vilaine;270340;254846;119448;78306;977449;254509;134124;128399;63881;49399;500630;124827;136216;126447;55567;28907;476819;129682;2009;35.0
36;Indre;48506;65486;39939;29525;232268;48812;23931;32676;20961;18266;119719;23885;24575;32810;18978;11259;112549;24927;2009;36.0
37;Indre-et-Loire;148273;159329;82843;56488;588420;141487;75196;81320;43949;35093;305044;69486;73077;78009;38894;21395;283376;72001;2009;37.0
38;Isère;318656;320978;153379;89638;1197038;314387;157821;162369;79635;55834;608185;152526;160835;158609;73744;33804;588853;161861;2009;38.0
39;Jura;59024;72317;39373;27003;261277;63560;29359;36234;20441;16836;133642;30772;29665;36083;18932;10167;127635;32788;2009;39.0
40;Landes;82614;108358;63211;41301;379341;83857;40809;54739;33186;25381;194936;40821;41805;53619;30025;15920;184405;43036;2009;40.0
41;Loir-et-Cher;71445;91129;51301;37414;327868;76579;35564;45998;26856;22830;168532;37284;35881;45131;24445;14584;159336;39295;2009;41.0
42;Loire;178610;197980;111228;76010;746115;182287;88734;100990;58837;48976;386389;88852;89876;96990;52391;27034;359726;93435;2009;42.0
43;Haute-Loire;48843;62613;35113;23967;223122;52586;24024;30596;18181;15245;113626;25580;24819;32017;16932;8722;109496;27006;2009;43.0
44;Loire-Atlantique;336242;339997;161266;101150;1266358;327703;166845;173106;86805;65431;652267;160080;169397;166891;74461;35719;614091;167623;2009;44.0
45;Loiret;166733;175800;88486;57534;653510;164957;83225;89128;46219;35610;334468;80286;83508;86672;42267;21924;319042;84671;2009;45.0
46;Lot;32902;49955;32329;22774;173562;35602;16463;25277;16606;13811;89455;17298;16439;24678;15723;8963;84107;18304;2009;46.0
47;Lot-et-Garonne;69772;91938;55806;40065;329697;72116;35185;47120;29199;24514;170667;34649;34587;44818;26607;15551;159030;37467;2009;47.0
48;Lozère;17307;22094;12670;8727;77163;16365;8435;10570;6380;5269;38402;7748;8872;11524;6290;3458;38761;8617;2009;48.0
49;Maine-et-Loire;199135;205010;100530;69106;780082;206301;99505;103652;53546;43104;401039;101232;99630;101358;46984;26002;379043;105069;2009;49.0
50;Manche;109367;138857;77151;54815;497762;117572;53799;68610;40894;34479;255055;57273;55568;70247;36257;20336;242707;60299;2009;50.0
51;Marne;152322;154460;73129;45743;566145;140491;75607;79151;38738;29637;291502;68369;76715;75309;34391;16106;274643;72122;2009;51.0
52;Haute-Marne;41686;52793;28902;19277;185214;42556;20205;26493;15019;12230;94635;20688;21481;26300;13883;7047;90579;21868;2009;52.0
53;Mayenne;72248;81379;41740;31413;305147;78367;35152;40326;22035;19293;154805;37999;37096;41053;19705;12120;150342;40368;2009;53.0
54;Meurthe-et-Moselle;199325;196077;95432;61702;731019;178483;99113;100501;50824;39716;377585;87431;100212;95576;44608;21986;353434;91052;2009;54.0
55;Meuse;46758;54963;27029;18469;194003;46784;22419;27134;13986;11801;97918;22578;24339;27829;13043;6668;96085;24206;2009;55.0
56;Morbihan;161608;199347;113663;71400;716182;170164;78961;100222;60773;45991;368391;82444;82647;99125;52890;25409;347791;87720;2009;56.0
57;Moselle;272761;305123;139232;81660;1044898;246122;133869;153912;73541;51749;532677;119606;138892;151211;65691;29911;512221;126516;2009;57.0
58;Nièvre;43505;62762;39746;28741;220199;45445;21496;31913;20786;18388;114758;22175;22009;30849;18960;10353;105441;23270;2009;58.0
59;Nord;715501;671480;300062;183881;2571940;701016;359260;344329;164052;122445;1331750;341664;356241;327151;136010;61436;1240190;359352;2009;59.0
60;Oise;210356;226182;95483;51820;801512;217671;104817;113931;48911;32745;406580;106176;105539;112251;46572;19075;394932;111495;2009;60.0
61;Orne;63435;81154;45786;32728;292210;69107;31409;40580;24006;20396;149991;33600;32026;40574;21780;12332;142219;35507;2009;61.0
62;Pas-de-Calais;374134;399473;182642;115119;1461257;389889;187355;201739;100363;76609;755964;189898;186779;197734;82279;38510;705293;199991;2009;62.0
63;Puy-de-Dôme;159662;176801;93278;58775;629416;140900;79105;89498;49276;38053;325308;69376;80557;87303;44002;20722;304108;71524;2009;63.0
64;Pyrénées-Atlantiques;149521;183725;101643;71658;650356;143809;74210;94136;54465;45171;337721;69739;75311;89589;47178;26487;312635;74070;2009;64.0
65;Hautes-Pyrénées;47768;66197;38992;28542;229670;48171;23367;33942;20796;18028;119417;23284;24401;32255;18196;10514;110253;24887;2009;65.0
66;Pyrénées-Orientales;98838;118785;75675;51910;445890;100682;50891;62124;40445;32098;234387;48829;47947;56661;35230;19812;211503;51853;2009;66.0
67;Bas-Rhin;299239;310288;137930;80945;1094439;266037;151496;155619;71643;52293;561476;130425;147743;154669;66287;28652;532963;135612;2009;67.0
68;Haut-Rhin;189782;216977;98522;59512;748614;183821;94795;108411;50772;38201;381773;89594;94987;108566;47750;21311;366841;94227;2009;68.0
69;Rhône;498109;426247;210625;133483;1708671;440207;253196;220370;111589;84788;887381;217438;244913;205877;99036;48695;821290;222769;2009;69.0
70;Haute-Saône;55168;67861;35772;22080;239194;58313;27130;33671;18318;13900;121179;28160;28038;34190;17454;8180;118015;30153;2009;70.0
71;Saône-et-Loire;119004;156837;90386;64073;554720;124420;58548;79080;47406;40146;285065;59885;60456;77757;42980;23927;269655;64535;2009;71.0
72;Sarthe;134182;152436;78636;54966;561050;140830;66337;76590;41409;34076;287235;68823;67845;75846;37227;20890;273815;72007;2009;72.0
73;Savoie;102995;115615;56733;35001;411007;100663;50517;57908;29864;22015;208965;48661;52478;57707;26869;12986;202042;52002;2009;73.0
74;Haute-Savoie;192769;205947;91784;49533;725794;185761;95233;104247;47866;31182;368305;89777;97536;101700;43918;18351;357489;95984;2009;74.0
75;Paris;785061;566908;271489;166361;2234105;444286;405010;295774;149886;109352;1181933;221911;380051;271134;121603;57009;1052172;222375;2009;75.0
76;Seine-Maritime;322904;339222;164225;105541;1250120;318228;162825;173755;88751;68294;649794;156169;160079;165467;75474;37247;600326;162059;2009;76.0
77;Seine-et-Marne;363000;366182;140386;71986;1313414;371860;184783;185742;72227;45932;670674;181990;178217;180440;68159;26054;642740;189870;2009;77.0
78;Yvelines;372462;389611;168898;90358;1407560;386231;187355;200562;87226;56650;720610;188817;185107;189049;81672;33708;686950;197414;2009;78.0
79;Deux-Sèvres;83849;102715;54605;39962;366339;85208;41423;51567;28324;24124;186734;41296;42426;51148;26281;15838;179605;43912;2009;79.0
80;Somme;149287;153806;75534;47688;569775;143460;74848;77824;40105;30162;293087;70148;74439;75982;35429;17526;276688;73312;2009;80.0
81;Tarn;80036;104240;59756;45832;374018;84154;39995;53157;31519;27855;193636;41110;40041;51083;28237;17977;180382;43044;2009;81.0
82;Tarn-et-Garonne;54838;66469;35331;25198;239291;57455;27414;33327;18461;15256;122448;27990;27424;33142;16870;9942;116843;29465;2009;82.0
83;Var;220479;273094;177215;112905;1007303;223610;110087;142063;93792;69258;523731;108531;110392;131031;83423;43647;483572;115079;2009;83.0
84;Vaucluse;126465;149024;81570;49801;540065;133205;64181;77182;42986;31068;280276;64859;62284;71842;38584;18733;259789;68346;2009;84.0
85;Vendée;144641;169446;99273;63162;626411;149889;71017;84715;51715;38773;319063;72843;73624;84731;47558;24389;307348;77046;2009;85.0
86;Vienne;109691;114026;59944;42698;426066;99707;56069;57802;31258;26275;220723;49319;53622;56224;28686;16423;205343;50388;2009;86.0
87;Haute-Vienne;90184;103055;58539;43783;374849;79288;45535;52405;30951;27277;195283;39115;44649;50650;27588;16506;179566;40173;2009;87.0
88;Vosges;87076;108732;56704;37035;380192;90645;42755;54649;29745;24168;195417;44100;44321;54083;26959;12867;184775;46545;2009;88.0
89;Yonne;76463;95918;52902;36976;343377;81118;38384;48293;27218;23270;176599;39434;38079;47625;25684;13706;166778;41684;2009;89.0
90;Territoire de Belfort;37734;38727;18625;11767;142461;35608;17678;19476;9621;7613;71340;16952;20056;19251;9004;4154;71121;18656;2009;90.0
91;Essonne;331892;330275;139566;73396;1208004;332875;165686;168071;72908;46035;615526;162826;166206;162204;66658;27361;592478;170049;2009;91.0
92;Hauts-de-Seine;480385;405194;170313;113183;1561745;392670;245647;213445;91591;73654;817187;192850;234738;191749;78722;39529;744558;199820;2009;92.0
93;Seine-Saint-Denis;453825;397180;147939;78292;1515983;438747;232048;201639;74418;50239;773971;215627;221777;195541;73521;28053;742012;223120;2009;93.0
94;Val-de-Marne;389181;353514;146703;88928;1318537;340211;200057;183384;78429;57753;686142;166519;189124;170130;68274;31175;632395;173692;2009;94.0
95;Val-d'Oise;327597;321264;121064;63584;1168892;335383;167392;165430;62678;40808;600426;164118;160205;155834;58386;22776;568466;171265;2009;95.0
971;Guadeloupe;93918;114404;48820;24100;401554;120312;52003;61951;26680;14632;213687;58421;41915;52453;22140;9468;187867;61891;2009;971.0
972;Martinique;92318;116740;51695;26760;396404;108891;50847;63649;27947;16388;212749;53918;41471;53091;23748;10372;183655;54973;2009;972.0
973;Guyane;65773;45078;10478;3460;224469;99680;34727;22324;5145;2043;113268;49029;31046;22754;5333;1417;111201;50651;2009;973.0
974;La Réunion;227738;213165;69968;25908;816364;279585;120139;109600;37452;16480;420676;137005;107599;103565;32516;9428;395688;142580;2009;974.0
2B;Haute-Corse;40763;46029;26014;15726;162013;33481;20036;23127;13392;9768;82484;16161;20727;22902;12622;5958;79529;17320;2008;
2A;Corse-du-Sud;32696;41309;23175;14223;140953;29550;16795;20920;12129;8565;72650;14241;15901;20389;11046;5658;68303;15309;2008;
01;Ain;147366;164828;71681;42654;581355;154826;73014;82113;36710;26635;294121;75649;74352;82715;34971;16019;287234;79177;2008;1.0
02;Aisne;131229;151630;69382;46005;538790;140544;65608;75923;37042;29590;276770;68607;65621;75707;32340;16415;262020;71937;2008;2.0
03;Allier;73290;97231;57314;43492;342807;71480;36382;49218;30680;27569;178517;34668;36908;48013;26634;15923;164290;36812;2008;3.0
04;Alpes-de-Haute-Provence;32664;45454;26838;16743;157965;36266;16586;23208;13996;10201;81417;17426;16078;22246;12842;6542;76548;18840;2008;4.0
05;Hautes-Alpes;29360;39384;20677;13466;134205;31318;14654;19775;10715;8244;68751;15363;14706;19609;9962;5222;65454;15955;2008;5.0
06;Alpes-Maritimes;254862;292633;172567;126003;1084428;238363;130298;153013;93848;79675;572393;115559;124564;139620;78719;46328;512035;122804;2008;6.0
07;Ardèche;67836;88287;49187;33389;311452;72753;33893;44159;25478;20959;159849;35360;33943;44128;23709;12430;151603;37393;2008;7.0
08;Ardennes;68842;80977;37600;24492;284197;72286;34251;40363;19896;15690;144966;34766;34591;40614;17704;8802;139231;37520;2008;8.0
09;Ariège;32120;43332;24008;18395;150201;32346;15924;21601;12511;11139;76900;15725;16196;21731;11497;7256;73301;16621;2008;9.0
10;Aube;73981;83549;41805;27844;301327;74148;36732;42162;21915;17782;154751;36160;37249;41387;19890;10062;146576;37988;2008;10.0
11;Aude;76147;96438;57768;40558;349237;78326;38194;49176;30243;24711;180617;38293;37953;47262;27525;15847;168620;40033;2008;11.0
12;Aveyron;57907;77227;46347;36383;275889;58025;28464;38033;24166;22140;140854;28051;29443;39194;22181;14243;135035;29974;2008;12.0
13;Bouches-du-Rhône;509802;531957;270755;170392;1966005;483099;261647;278318;144811;107825;1028425;235824;248155;253639;125944;62567;937580;247275;2008;13.0
14;Calvados;172121;185551;89406;58310;678206;172818;86421;94806;48389;37777;352178;84785;85700;90745;41017;20533;326028;88033;2008;14.0
15;Cantal;31520;43867;25025;19270;148737;29055;15511;21523;13151;12010;76317;14122;16009;22344;11874;7260;72420;14933;2008;15.0
16;Charente;77997;102027;54925;39837;351581;76795;38737;51705;28836;24764;181452;37410;39260;50322;26089;15073;170129;39385;2008;16.0
17;Charente-Maritime;133797;169948;103604;71076;611714;133289;66630;87756;54746;43580;317281;64569;67167;82192;48858;27496;294433;68720;2008;17.0
18;Cher;69741;89562;50514;34098;313251;69336;34300;45274;26272;21281;161027;33900;35441;44288;24242;12817;152224;35436;2008;18.0
19;Corrèze;52043;68978;40298;32221;242896;49356;25209;34529;21392;20392;125123;23601;26834;34449;18906;11829;117773;25755;2008;19.0
21;Côte-d'Or;138039;143695;68552;46187;521608;125135;69865;73038;36174;29170;269891;61644;68174;70657;32378;17017;251717;63491;2008;21.0
22;Côtes-d'Armor;124751;160830;94996;65086;581570;135907;61409;80512;50983;41821;300626;65901;63342;80318;44013;23265;280944;70006;2008;22.0
23;Creuse;23610;35878;22162;18545;123907;23712;11545;17613;11511;11460;63631;11502;12065;18265;10651;7085;60276;12210;2008;23.0
24;Dordogne;81550;118200;72519;53043;409388;84076;41023;60123;37894;32565;212707;41102;40527;58077;34625;20478;196681;42974;2008;24.0
25;Doubs;141106;139801;68636;40737;522685;132405;69561;70790;36107;25413;266085;64214;71545;69011;32529;15324;256600;68191;2008;25.0
26;Drôme;111908;133109;70062;43370;478069;119620;56158;67831;36761;26986;245788;58052;55750;65278;33301;16384;232281;61568;2008;26.0
27;Eure;143543;163513;73027;42651;577087;154353;71987;82218;38216;27086;294920;75413;71556;81295;34811;15565;282167;78940;2008;27.0
28;Eure-et-Loir;105077;118848;54453;36751;423559;108430;52317;59647;28452;22591;215885;52878;52760;59201;26001;14160;207674;55552;2008;28.0
29;Finistère;212874;247660;129717;89360;890509;210898;103437;123874;70573;59005;459426;102537;109437;123786;59144;30355;431083;108361;2008;29.0
30;Gard;160477;196045;103920;64725;694323;169156;81558;100662;54678;39867;359329;82564;78919;95383;49242;24858;334994;86592;2008;30.0
31;Haute-Garonne;362769;325773;141516;89984;1217344;297302;179527;166098;75469;56652;622817;145071;183242;159675;66047;33332;594527;152231;2008;31.0
32;Gers;36535;54273;31672;24358;185266;38428;18271;27300;16359;14367;95158;18861;18264;26973;15313;9991;90108;19567;2008;32.0
33;Gironde;383529;392394;183629;123775;1421276;337949;194019;203178;97859;79582;740318;165680;189510;189216;85770;44193;680958;172269;2008;33.0
34;Hérault;265875;268869;148687;94674;1019798;241693;136618;141138;78832;58464;533632;118580;129257;127731;69855;36210;486166;123113;2008;34.0
35;Ille-et-Vilaine;269622;253673;115077;76247;967588;252969;133396;127938;61742;48164;495199;123959;136226;125735;53335;28083;472389;129010;2008;35.0
36;Indre;49273;65478;39254;29354;232004;48645;24301;32616;20740;18185;119639;23797;24972;32862;18514;11169;112365;24848;2008;36.0
37;Indre-et-Loire;148869;159210;80073;55239;585406;142015;75701;81248;42516;34528;303551;69558;73168;77962;37557;20711;281855;72457;2008;37.0
38;Isère;319149;319546;149464;87262;1188660;313239;158006;161737;77879;54501;604002;151879;161143;157809;71585;32761;584658;161360;2008;38.0
39;Jura;59626;72523;38276;26470;260740;63845;29654;36334;20039;16566;133529;30936;29972;36189;18237;9904;127211;32909;2008;39.0
40;Landes;82183;107536;60426;39958;373142;83039;40715;54418;31758;24839;191941;40211;41468;53118;28668;15119;181201;42828;2008;40.0
41;Loir-et-Cher;72093;91293;50268;36927;326599;76018;35902;45921;26477;22519;167896;37077;36191;45372;23791;14408;158703;38941;2008;41.0
42;Loire;179646;199089;108476;73846;742076;181019;89380;101676;57564;47571;384731;88540;90266;97413;50912;26275;357345;92479;2008;42.0
43;Haute-Loire;49194;62639;34219;23329;221834;52453;24163;30489;17877;14857;112880;25494;25031;32150;16342;8472;108954;26959;2008;43.0
44;Loire-Atlantique;335206;339721;154865;99063;1255871;327016;166150;172948;83627;64323;646897;159849;169056;166773;71238;34740;608974;167167;2008;44.0
45;Loiret;167688;177159;85544;56014;650769;164364;83498;89750;44601;34637;332950;80464;84190;87409;40943;21377;317819;83900;2008;45.0
46;Lot;33715;50021;31236;22912;172796;34912;16816;25210;16197;13787;88889;16879;16899;24811;15039;9125;83907;18033;2008;46.0
47;Lot-et-Garonne;70007;91530;53857;39343;326399;71662;35264;46872;28195;24147;168887;34409;34743;44658;25662;15196;157512;37253;2008;47.0
48;Lozère;17428;22181;12243;8813;76973;16308;8418;10649;6190;5319;38283;7707;9010;11532;6053;3494;38690;8601;2008;48.0
49;Maine-et-Loire;199144;205314;96777;67518;774823;206070;99440;103923;51537;42235;398315;101180;99704;101391;45240;25283;376508;104890;2008;49.0
50;Manche;110897;139391;74762;53298;496937;118589;54842;68791;39862;33647;254800;57658;56055;70600;34900;19651;242137;60931;2008;50.0
51;Marne;153636;155268;70668;45018;566010;141420;76220;79504;37508;29249;291516;69035;77416;75764;33160;15769;274494;72385;2008;51.0
52;Haute-Marne;42604;53573;28040;19084;186470;43169;20770;26656;14623;12108;95163;21006;21834;26917;13417;6976;91307;22163;2008;52.0
53;Mayenne;72415;81400;40606;30462;302983;78100;35210;40348;21517;18795;153766;37896;37205;41052;19089;11667;149217;40204;2008;53.0
54;Meurthe-et-Moselle;199380;197142;93076;60259;729768;179911;98956;100771;49871;39020;376603;87985;100424;96371;43205;21239;353165;91926;2008;54.0
55;Meuse;46922;55368;26260;18262;194218;47406;22521;27293;13743;11662;98063;22844;24401;28075;12517;6600;96155;24562;2008;55.0
56;Morbihan;163259;199359;109741;69777;710034;167898;79436;100297;58825;45132;364982;81292;83823;99062;50916;24645;345052;86606;2008;56.0
57;Moselle;273578;305317;136192;79856;1042230;247287;134888;153747;72124;50608;531706;120339;138690;151570;64068;29248;510524;126948;2008;57.0
58;Nièvre;44473;63636;38902;28305;220653;45337;21920;32226;20528;18013;114834;22147;22553;31410;18374;10292;105819;23190;2008;58.0
59;Nord;715658;675782;290368;180341;2564959;702810;359618;346395;159867;119902;1328718;342936;356040;329387;130501;60439;1236241;359874;2008;59.0
60;Oise;212416;226512;91490;50871;799725;218436;105807;113919;46974;32189;405659;106770;106609;112593;44516;18682;394066;111666;2008;60.0
61;Orne;63967;81972;44885;32235;292282;69223;31548;40999;23647;20177;149931;33560;32419;40973;21238;12058;142351;35663;2008;61.0
62;Pas-de-Calais;376735;400266;176833;113748;1459531;391949;188821;202233;97666;75935;755257;190602;187914;198033;79167;37813;704274;201347;2008;62.0
63;Puy-de-Dôme;163161;177961;90152;58263;628485;138948;81009;90024;47586;37928;324857;68310;82152;87937;42566;20335;303628;70638;2008;63.0
64;Pyrénées-Atlantiques;151137;183292;99375;70614;647420;143002;74801;93689;53468;44541;336061;69562;76336;89603;45907;26073;311359;73440;2008;64.0
65;Hautes-Pyrénées;47928;66686;38161;28090;229079;48214;23513;34047;20440;17716;118981;23265;24415;32639;17721;10374;110098;24949;2008;65.0
66;Pyrénées-Orientales;99197;118255;73580;51423;441387;98932;51091;61912;39311;31712;232067;48041;48106;56343;34269;19711;209320;50891;2008;66.0
67;Bas-Rhin;301122;309084;133703;79034;1091015;268072;151818;154838;69919;51366;559743;131802;149304;154246;63784;27668;531272;136270;2008;67.0
68;Haut-Rhin;192255;216065;95838;58146;746072;183768;95730;107881;49596;37491;380234;89536;96525;108184;46242;20655;365838;94232;2008;68.0
69;Rhône;491252;425013;205504;131440;1690498;437289;250029;219699;109185;83886;878577;215778;241223;205314;96319;47554;811921;221511;2008;69.0
70;Haute-Saône;55999;67899;34437;21850;238548;58363;27512;33656;17779;13739;120834;28148;28487;34243;16658;8111;117714;30215;2008;70.0
71;Saône-et-Loire;120512;157469;88262;62740;553968;124985;59425;79278;46577;39416;284744;60048;61087;78191;41685;23324;269224;64937;2008;71.0
72;Sarthe;135223;152834;76589;53925;559587;141016;66828;76842;40513;33479;286597;68935;68395;75992;36076;20446;272990;72081;2008;72.0
73;Savoie;103707;115258;54661;34797;408842;100419;50797;57751;28821;21948;207797;48480;52910;57507;25840;12849;201045;51939;2008;73.0
74;Haute-Savoie;191581;203859;88816;47366;716277;184655;94748;103035;46390;29859;363283;89251;96833;100824;42426;17507;352994;95404;2008;74.0
75;Paris;780427;566535;260902;165185;2211297;438248;401232;296084;144417;109281;1168501;217487;379195;270451;116485;55904;1042796;220761;2008;75.0
76;Seine-Maritime;325037;340938;159610;103742;1248580;319253;164094;174682;86495;67229;649516;157016;160943;166256;73115;36513;599064;162237;2008;76.0
77;Seine-et-Marne;363177;365436;133870;70390;1303702;370829;184633;184962;69153;45040;665228;181440;178544;180474;64717;25350;638474;189389;2008;77.0
78;Yvelines;374465;392300;164075;88150;1406053;387063;187981;202377;84984;55316;719488;188830;186484;189923;79091;32834;686565;198233;2008;78.0
79;Deux-Sèvres;84459;102802;53468;39145;365059;85185;41802;51700;27754;23724;186360;41380;42657;51102;25714;15421;178699;43805;2008;79.0
80;Somme;150295;154027;73240;47078;568086;143446;75438;77771;39145;29821;292249;70074;74857;76256;34095;17257;275837;73372;2008;80.0
81;Tarn;80424;104183;58239;45230;371738;83662;40182;53103;30778;27535;192325;40727;40242;51080;27461;17695;179413;42935;2008;81.0
82;Tarn-et-Garonne;54233;66132;34276;24781;235915;56493;27106;33190;17941;15045;120907;27625;27127;32942;16335;9736;115008;28868;2008;82.0
83;Var;221223;273742;173075;109577;1001408;223791;110603;142563;91489;67194;520626;108777;110620;131179;81586;42383;480782;115014;2008;83.0
84;Vaucluse;127812;148999;79666;48610;538902;133815;65001;77184;42064;30289;279566;65028;62811;71815;37602;18321;259336;68787;2008;84.0
85;Vendée;144744;169195;95453;61036;616906;146478;70982;84624;49804;37608;314288;71270;73762;84571;45649;23428;302618;75208;2008;85.0
86;Vienne;109960;114296;58362;41746;424354;99990;55941;57805;30497;25737;219397;49417;54019;56491;27865;16009;204957;50573;2008;86.0
87;Haute-Vienne;91250;103965;56594;43638;373940;78493;46042;52946;30089;27275;195017;38665;45208;51019;26505;16363;178923;39828;2008;87.0
88;Vosges;87889;109388;54765;36575;380145;91528;43198;54940;28970;23963;195486;44415;44691;54448;25795;12612;184659;47113;2008;88.0
89;Yonne;77098;96142;51255;36853;342359;81011;38600;48284;26576;23111;175950;39379;38498;47858;24679;13742;166409;41632;2008;89.0
90;Territoire de Belfort;37962;38870;17972;11374;141958;35780;17781;19526;9381;7363;71139;17088;20181;19344;8591;4011;70819;18692;2008;90.0
91;Essonne;332394;332529;135648;71177;1205850;334102;166334;169076;70774;44975;614240;163081;166060;163453;64874;26202;591610;171021;2008;91.0
92;Hauts-de-Seine;481383;402897;165819;111392;1549619;388128;246586;211539;89961;72522;811588;190980;234797;191358;75858;38870;738031;197148;2008;92.0
93;Seine-Saint-Denis;453220;396497;144613;76861;1506466;435275;231679;200950;73408;49569;769447;213841;221541;195547;71205;27292;737019;221434;2008;93.0
94;Val-de-Marne;387365;353283;143711;87576;1310876;338941;199232;182861;76907;57039;681305;165266;188133;170422;66804;30537;629571;173675;2008;94.0
95;Val-d'Oise;327003;322559;117025;62042;1165397;336768;167141;166179;60694;39882;598078;164182;159862;156380;56331;22160;567319;172586;2008;95.0
971;Guadeloupe;96835;112364;46794;23476;401784;122315;53407;60781;25483;14275;213395;59449;43428;51583;21311;9201;188389;62866;2008;971.0
972;Martinique;94918;115236;50072;25766;397693;111701;51994;62619;27130;15854;213256;55659;42924;52617;22942;9912;184437;56042;2008;972.0
973;Guyane;65337;43598;9786;3315;219266;97230;34272;21420;4747;1965;110593;48189;31065;22178;5039;1350;108673;49041;2008;973.0
974;La Réunion;228427;207299;67556;24904;808250;280064;120660;106408;36419;15890;416209;136832;107767;100891;31137;9014;392041;143232;2008;974.0
2A;Corse-du-Sud;32857;40518;22564;13825;139362;29598;16879;20568;11869;8449;71947;14182;15978;19950;10695;5376;67415;15416;2007;
2B;Haute-Corse;40289;45351;25106;15390;159847;33711;19831;22921;12975;9632;81627;16268;20458;22430;12131;5758;78220;17443;2007;
01;Ain;147284;163003;68837;41534;574377;153719;73097;81232;35341;25909;290626;75047;74187;81771;33496;15625;283751;78672;2007;1.0
02;Aisne;131304;152341;67757;45339;537820;141079;65666;76307;36355;29131;276236;68777;65638;76034;31402;16208;261584;72302;2007;2.0
03;Allier;74685;97923;56218;42842;343114;71446;37071;49524;30300;27055;178643;34693;37614;48399;25918;15787;164471;36753;2007;3.0
04;Alpes-de-Haute-Provence;32707;45416;25895;16144;156067;35905;16716;23062;13573;9897;80498;17250;15991;22354;12322;6247;75569;18655;2007;4.0
05;Hautes-Alpes;29774;38809;19827;12997;132482;31075;14688;19437;10347;7906;67641;15263;15086;19372;9480;5091;64841;15812;2007;5.0
06;Alpes-Maritimes;256608;292526;169954;123674;1082465;239703;131181;153494;92613;78555;572323;116480;125427;139032;77341;45119;510142;123223;2007;6.0
07;Ardèche;68567;88303;47712;32650;309456;72224;34189;44112;24777;20513;158649;35058;34378;44191;22935;12137;150807;37166;2007;7.0
08;Ardennes;69172;81450;37288;23981;284749;72858;34299;40584;19801;15336;145180;35160;34873;40866;17487;8645;139569;37698;2007;8.0
09;Ariège;31680;43092;23647;18120;148568;32029;15746;21450;12389;10935;76136;15616;15934;21642;11258;7185;72432;16413;2007;9.0
10;Aube;74864;84398;40502;27369;300840;73707;37057;42546;21469;17475;154739;36192;37807;41852;19033;9894;146101;37515;2007;10.0
11;Aude;76345;96123;55928;39507;345779;77876;38349;49027;29312;24087;178583;37808;37996;47096;26616;15420;167196;40068;2007;11.0
12;Aveyron;58899;77179;45668;35348;274425;57331;28895;38013;23900;21568;140115;27739;30004;39166;21768;13780;134310;29592;2007;12.0
13;Bouches-du-Rhône;512459;532223;264067;167398;1958926;482779;263240;278359;141251;106518;1025311;235943;249219;253864;122816;60880;933615;246836;2007;13.0
14;Calvados;174239;185816;86608;56413;673667;170591;87762;94770;47263;36462;349919;83662;86477;91046;39345;19951;323748;86929;2007;14.0
15;Cantal;31926;44099;24922;18803;149057;29307;15674;21678;13159;11698;76432;14223;16252;22421;11763;7105;72625;15084;2007;15.0
16;Charente;78949;101896;53555;38683;349535;76452;39408;51528;28183;23980;180210;37111;39541;50368;25372;14703;169325;39341;2007;16.0
17;Charente-Maritime;133640;170408;99787;68590;605410;132985;66633;88022;52747;42174;314081;64505;67007;82386;47040;26416;291329;68480;2007;17.0
18;Cher;71131;90397;49568;33336;314599;70167;35059;45626;25955;20916;162059;34503;36072;44771;23613;12420;152540;35664;2007;18.0
19;Corrèze;53659;69022;39795;31590;242038;47972;25720;34413;21290;19878;124507;23206;27939;34609;18505;11712;117531;24766;2007;19.0
21;Côte-d'Or;139443;143617;66344;44745;519143;124994;70656;72909;35290;28292;268647;61500;68787;70708;31054;16453;250496;63494;2007;21.0
22;Côtes-d'Armor;125334;160378;92412;64253;576049;133672;61857;80296;49767;41301;297958;64737;63477;80082;42645;22952;278091;68935;2007;22.0
23;Creuse;23731;36180;21643;18514;123861;23793;11665;17717;11314;11415;63540;11429;12066;18463;10329;7099;60321;12364;2007;23.0
24;Dordogne;82308;118201;70820;52046;406793;83418;41293;59961;37227;32049;211370;40840;41015;58240;33593;19997;195423;42578;2007;24.0
25;Doubs;141041;140229;66571;39304;520133;132988;69337;70841;35188;24627;264463;64470;71704;69388;31383;14677;255670;68518;2007;25.0
26;Drôme;111909;132435;67811;42502;473428;118771;56134;67799;35640;26364;243454;57517;55775;64636;32171;16138;229974;61254;2007;26.0
27;Eure;143293;163096;70012;41775;572105;153929;71865;81921;36754;26515;292187;75132;71428;81175;33258;15260;279918;78797;2007;27.0
28;Eure-et-Loir;105757;118780;52986;36124;422411;108764;52721;59539;27746;22126;215007;52875;53036;59241;25240;13998;207404;55889;2007;28.0
29;Finistère;213372;246865;126252;88220;885906;211197;103601;123215;69136;58256;457280;103072;109771;123650;57116;29964;428626;108125;2007;29.0
30;Gard;161679;195803;101240;63247;689847;167878;82205;100690;53279;39114;357095;81807;79474;95113;47961;24133;332752;86071;2007;30.0
31;Haute-Garonne;360344;323835;136773;87716;1202920;294252;178680;165291;72923;55573;616611;144144;181664;158544;63850;32143;586309;150108;2007;31.0
32;Gers;36590;54212;31016;23722;183615;38075;18247;27231;16039;14059;94177;18601;18343;26981;14977;9663;89438;19474;2007;32.0
33;Gironde;383734;392433;176475;120901;1409345;335802;194421;202988;94789;77410;734158;164550;189313;189445;81686;43491;675187;171252;2007;33.0
34;Hérault;264751;268298;143457;92329;1011207;242372;136225;140966;76423;56827;529378;118937;128526;127332;67034;35502;481829;123435;2007;34.0
35;Ille-et-Vilaine;268714;251468;111337;73357;955846;250970;133414;126654;60116;46604;489509;122721;135300;124814;51221;26753;466337;128249;2007;35.0
36;Indre;50387;65812;38773;28691;232799;49136;24740;32808;20546;17840;120011;24077;25647;33004;18227;10851;112788;25059;2007;36.0
37;Indre-et-Loire;149154;159279;77907;53783;583086;142963;75855;81389;41382;33833;302606;70147;73299;77890;36525;19950;280480;72816;2007;37.0
38;Isère;321129;317897;144150;84299;1178714;311239;158767;161070;75538;52823;599266;151068;162362;156827;68612;31476;579448;160171;2007;38.0
39;Jura;60038;72377;37114;25991;258897;63377;29903;36188;19495;16278;132522;30658;30135;36189;17619;9713;126375;32719;2007;39.0
40;Landes;81343;106552;58538;39486;367492;81573;40265;54128;30889;24568;189229;39379;41078;52424;27649;14918;178263;42194;2007;40.0
41;Loir-et-Cher;73964;91401;49139;35914;326291;75873;36923;45930;26001;21972;167884;37058;37041;45471;23138;13942;158407;38815;2007;41.0
42;Loire;181029;200415;105380;72556;740668;181288;90196;102101;56339;46868;384098;88594;90833;98314;49041;25688;356570;92694;2007;42.0
43;Haute-Loire;50017;62410;33242;22929;220437;51839;24495;30404;17467;14621;112217;25230;25522;32006;15775;8308;108220;26609;2007;43.0
44;Loire-Atlantique;337407;339937;149527;96126;1246798;323801;167439;172623;81215;62509;642152;158366;169968;167314;68312;33617;604646;165435;2007;44.0
45;Loiret;167801;177466;83089;54433;647733;164944;83676;89866;43585;33614;331341;80600;84125;87600;39504;20819;316392;84344;2007;45.0
46;Lot;33916;49724;30290;22364;171173;34879;16878;25093;15794;13490;88112;16857;17038;24631;14496;8874;83061;18022;2007;46.0
47;Lot-et-Garonne;70508;91523;52656;38240;324170;71243;35338;46745;27752;23426;167693;34432;35170;44778;24904;14814;156477;36811;2007;47.0
48;Lozère;17559;22195;11889;8708;76880;16529;8548;10655;6024;5282;38303;7794;9011;11540;5865;3426;38577;8735;2007;48.0
49;Maine-et-Loire;199885;205023;94421;65646;770777;205802;99642;103832;50781;40861;396034;100918;100243;101191;43640;24785;374743;104884;2007;49.0
50;Manche;111453;138936;72967;51965;495153;119832;54984;68568;39098;32859;253916;58407;56469;70368;33869;19106;241237;61425;2007;50.0
51;Marne;155488;156017;68220;44017;566491;142749;77140;79631;36331;28510;291343;69731;78348;76386;31889;15507;275148;73018;2007;51.0
52;Haute-Marne;43142;54189;27466;18876;187407;43734;21025;27026;14393;11982;95701;21275;22117;27163;13073;6894;91706;22459;2007;52.0
53;Mayenne;72305;81344;39641;29048;300643;78305;35125;40431;20973;18014;152470;37927;37180;40913;18668;11034;148173;40378;2007;53.0
54;Meurthe-et-Moselle;200295;197759;90863;58313;726592;179362;99510;100810;49041;37729;374927;87837;100785;96949;41822;20584;351665;91525;2007;54.0
55;Meuse;46889;55543;25745;17856;193962;47929;22609;27282;13642;11373;97953;23047;24280;28261;12103;6483;96009;24882;2007;55.0
56;Morbihan;163638;198059;106129;67647;702487;167014;79499;99727;57118;43876;360870;80650;84139;98332;49011;23771;341617;86364;2007;56.0
57;Moselle;275140;303189;134170;77623;1039023;248901;135339;152847;71185;49366;529875;121138;139801;150342;62985;28257;509148;127763;2007;57.0
58;Nièvre;45298;64497;38191;27737;221488;45765;22400;32617;20240;17663;115174;22254;22898;31880;17951;10074;106314;23511;2007;58.0
59;Nord;717069;679229;283683;178140;2564950;706829;360700;347836;157075;118377;1328772;344784;356369;331393;126608;59763;1236178;362045;2007;59.0
60;Oise;212289;227189;88197;50015;796624;218934;105595;113993;45793;31763;403833;106689;106694;113196;42404;18252;392791;112245;2007;60.0
61;Orne;65312;82302;43983;31429;292609;69583;32117;41135;23360;19706;150047;33729;33195;41167;20623;11723;142562;35854;2007;61.0
62;Pas-de-Calais;377330;400857;172403;112633;1456726;393503;188964;202357;95692;75371;754070;191686;188366;198500;76711;37262;702656;201817;2007;62.0
63;Puy-de-Dôme;162636;178880;87552;57561;626639;140010;80922;90401;46431;37438;324173;68981;81714;88479;41121;20123;302466;71029;2007;63.0
64;Pyrénées-Atlantiques;152101;183055;96735;68389;643090;142810;75253;93562;52178;43227;333529;69309;76848;89493;44557;25162;309561;73501;2007;64.0
65;Hautes-Pyrénées;48611;67085;37800;27137;228594;47961;24042;34244;20322;17131;119039;23300;24569;32841;17478;10006;109555;24661;2007;65.0
66;Pyrénées-Orientales;99343;117857;72046;49640;437157;98271;51166;61673;38515;30619;229953;47980;48177;56184;33531;19021;207204;50291;2007;66.0
67;Bas-Rhin;302665;306397;130537;76564;1084840;268677;152265;153466;68421;50235;556400;132013;150400;152931;62116;26329;528440;136664;2007;67.0
68;Haut-Rhin;194216;214104;93850;55780;742408;184458;96364;106725;48796;36374;378309;90050;97852;107379;45054;19406;364099;94408;2007;68.0
69;Rhône;489006;426882;201024;126744;1677073;433417;248738;221041;107407;81579;872274;213509;240268;205841;93617;45165;804799;219908;2007;69.0
70;Haute-Saône;56388;67885;33352;21438;237197;58134;27576;33783;17234;13507;120132;28032;28812;34102;16118;7931;117065;30102;2007;70.0
71;Saône-et-Loire;121118;158151;86064;61342;551842;125167;59980;79341;45651;38547;283673;60154;61138;78810;40413;22795;268169;65013;2007;71.0
72;Sarthe;136330;152577;74745;52648;556946;140646;67354;76562;39723;32718;285072;68715;68976;76015;35022;19930;271874;71931;2007;72.0
73;Savoie;103285;114594;53407;33714;405535;100535;50495;57424;28270;21370;206115;48556;52790;57170;25137;12344;199420;51979;2007;73.0
74;Haute-Savoie;191260;201209;84925;46118;706708;183196;94689;101629;44481;29291;358499;88409;96571;99580;40444;16827;348209;94787;2007;74.0
75;Paris;778460;567554;250518;161357;2193030;435141;399573;297860;139140;107281;1159914;216060;378887;269694;111378;54076;1033116;219081;2007;75.0
76;Seine-Maritime;326286;341349;155322;100862;1244611;320792;164506;174540;84543;65557;646619;157473;161780;166809;70779;35305;597992;163319;2007;76.0
77;Seine-et-Marne;360485;364330;127310;68943;1289524;368456;183018;184186;65983;44286;657541;180068;177467;180144;61327;24657;631983;188388;2007;77.0
78;Yvelines;377698;393763;159240;83690;1403957;389566;189736;203220;82714;52886;718397;189841;187962;190543;76526;30804;685560;199725;2007;78.0
79;Deux-Sèvres;84729;102520;52382;38177;362944;85136;41893;51518;27217;23104;184825;41093;42836;51002;25165;15073;178119;44043;2007;79.0
80;Somme;150390;154166;71245;46581;565910;143528;75449;77905;38238;29579;291285;70114;74941;76261;33007;17002;274625;73414;2007;80.0
81;Tarn;81186;104260;56829;44058;369189;82856;40522;53296;30140;26925;191217;40334;40664;50964;26689;17133;177972;42522;2007;81.0
82;Tarn-et-Garonne;53628;65506;33394;23759;231763;55476;26986;32777;17633;14503;118921;27022;26642;32729;15761;9256;112842;28454;2007;82.0
83;Var;222986;274293;168230;105644;995934;224781;111842;142656;89092;65153;517956;109213;111144;131637;79138;40491;477978;115568;2007;83.0
84;Vaucluse;128991;148999;77574;47614;538141;134963;65508;77063;41022;29736;278924;65595;63483;71936;36552;17878;259217;69368;2007;84.0
85;Vendée;143469;168273;91754;58874;607430;145060;70335;84017;48181;36436;309719;70750;73134;84256;43573;22438;297711;74310;2007;85.0
86;Vienne;110789;114154;56671;40745;421891;99532;56059;57627;29761;25051;217737;49239;54730;56527;26910;15694;204154;50293;2007;86.0
87;Haute-Vienne;90689;104475;55083;42428;371102;78427;45783;53348;29317;26673;193616;38495;44906;51127;25766;15755;177486;39932;2007;87.0
88;Vosges;88974;109578;53457;35894;380304;92401;43594;54861;28570;23533;195479;44921;45380;54717;24887;12361;184825;47480;2007;88.0
89;Yonne;77264;96684;49926;36363;341418;81181;38617;48377;26118;22816;175473;39545;38647;48307;23808;13547;165945;41636;2007;89.0
90;Territoire de Belfort;38979;39439;17684;10955;142444;35387;18100;19839;9345;7152;71551;17115;20879;19600;8339;3803;70893;18272;2007;90.0
91;Essonne;335696;333992;131849;67899;1201994;332558;167629;169967;68914;43265;612404;162629;168067;164025;62935;24634;589590;169929;2007;91.0
92;Hauts-de-Seine;482086;404814;161518;108430;1544411;387563;246610;212142;87901;71228;808452;190571;235476;192672;73617;37202;735959;196992;2007;92.0
93;Seine-Saint-Denis;454414;397098;140966;74753;1502340;435109;232059;201394;72061;48339;767382;213529;222355;195704;68905;26414;734958;221580;2007;93.0
94;Val-de-Marne;386148;354070;139829;85317;1302889;337525;198381;182829;75102;55820;676649;164517;187767;171241;64727;29497;626240;173008;2007;94.0
95;Val-d'Oise;328308;323309;112904;60141;1160721;336059;167913;166438;58672;38943;595716;163750;160395;156871;54232;21198;565005;172309;2007;95.0
971;Guadeloupe;98651;110972;45406;22578;400584;122977;53921;59947;24720;13812;212259;59859;44730;51025;20686;8766;188325;63118;2007;971.0
972;Martinique;97129;113223;48495;25070;397730;113813;52938;61543;26379;15478;212760;56422;44191;51680;22116;9592;184970;57391;2007;972.0
973;Guyane;63937;41967;9220;3185;213031;94722;33399;20586;4500;1901;107485;47099;30538;21381;4720;1284;105546;47623;2007;973.0
974;La Réunion;227692;200272;63748;24205;794107;278190;119899;102585;34505;15467;408772;136316;107793;97687;29243;8738;385335;141874;2007;974.0
2B;Haute-Corse;39518;45286;24361;15055;158400;34180;19477;22823;12587;9388;80889;16614;20041;22463;11774;5667;77511;17566;2006;
2A;Corse-du-Sud;32143;39420;21953;13106;135718;29096;16554;20121;11592;8078;70145;13800;15589;19299;10361;5028;65573;15296;2006;
01;Ain;146329;160690;66927;40230;566740;152564;72705;80054;34492;25116;286750;74383;73624;80636;32435;15114;279990;78181;2006;1.0
02;Aisne;132064;152396;66219;44659;537061;141723;66155;76434;35835;28693;276299;69182;65909;75962;30384;15966;260762;72541;2006;2.0
03;Allier;75578;98440;55656;41801;343309;71834;37365;49728;30226;26475;178774;34980;38213;48712;25430;15326;164535;36854;2006;3.0
04;Alpes-de-Haute-Provence;33002;44789;24983;15680;154501;36047;16800;22785;13021;9633;79651;17412;16202;22004;11962;6047;74850;18635;2006;4.0
05;Hautes-Alpes;29853;37934;19128;12661;130752;31176;14831;18993;10033;7751;66795;15187;15022;18941;9095;4910;63957;15989;2006;5.0
06;Alpes-Maritimes;256807;289337;167748;121321;1073184;237971;131695;151997;91521;77235;568213;115765;125112;137340;76227;44086;504971;122206;2006;6.0
07;Ardèche;68840;87513;46299;31823;306238;71763;34300;43722;24108;20010;156939;34799;34540;43791;22191;11813;149299;36964;2006;7.0
08;Ardennes;70314;81440;36902;23431;285653;73566;34803;40580;19699;15040;145756;35634;35511;40860;17203;8391;139897;37932;2006;8.0
09;Ariège;31330;42582;23098;17469;146289;31810;15620;21168;12157;10589;75005;15471;15710;21414;10941;6880;71284;16339;2006;9.0
10;Aube;74770;84671;39602;26645;299704;74016;37040;42744;21151;17008;154132;36189;37730;41927;18451;9637;145572;37827;2006;10.0
11;Aude;76923;95357;54418;38452;341022;75872;38498;48498;28778;23413;176307;37120;38425;46859;25640;15039;164715;38752;2006;11.0
12;Aveyron;59803;76928;45293;34516;273377;56837;29257;37896;23766;21138;139534;27477;30546;39032;21527;13378;133843;29360;2006;12.0
13;Bouches-du-Rhône;510603;526532;257243;163045;1937405;479982;262881;275432;138272;104000;1015115;234530;247722;251100;118971;59045;922290;245452;2006;13.0
14;Calvados;174640;185310;84372;54819;671351;172210;88038;94478;46335;35445;349039;84743;86602;90832;38037;19374;322312;87467;2006;14.0
15;Cantal;33172;44142;24686;18351;149682;29331;16189;21717;13063;11430;76653;14254;16983;22425;11623;6921;73029;15077;2006;15.0
16;Charente;79041;101346;52260;37670;347037;76720;39595;51157;27640;23420;179184;37372;39446;50189;24620;14250;167853;39348;2006;16.0
17;Charente-Maritime;135185;169490;96722;66354;598915;131164;67453;87221;51397;40875;310835;63889;67732;82269;45325;25479;288080;67275;2006;17.0
18;Cher;71708;90713;48668;32581;314675;71005;35398;45683;25663;20485;162258;35029;36310;45030;23005;12096;152417;35976;2006;18.0
19;Corrèze;53655;68819;39171;31206;240363;47512;25693;34289;21038;19641;123652;22991;27962;34530;18133;11565;116711;24521;2006;19.0
21;Côte-d'Or;139093;143530;64476;43613;517168;126456;70481;72781;34304;27744;267642;62332;68612;70749;30172;15869;249526;64124;2006;21.0
22;Côtes-d'Armor;125920;159578;90128;62416;570861;132819;62071;79921;48678;40378;295380;64332;63849;79657;41450;22038;275481;68487;2006;22.0
23;Creuse;24482;35901;21507;18301;123401;23210;11923;17591;11341;11291;63349;11203;12559;18310;10166;7010;60052;12007;2006;23.0
24;Dordogne;82900;117961;69057;50564;404052;83570;41701;59873;36315;31277;209947;40781;41199;58088;32742;19287;194105;42789;2006;24.0
25;Doubs;141690;139616;64605;37821;516157;132425;69815;70403;34324;23761;262692;64389;71875;69213;30281;14060;253465;68036;2006;25.0
26;Drôme;111907;131109;66218;41350;468608;118024;56056;67051;34999;25677;240863;57080;55851;64058;31219;15673;227745;60944;2006;26.0
27;Eure;143181;162311;67768;40544;567221;153417;71914;81480;35856;25748;289807;74809;71267;80831;31912;14796;277414;78608;2006;27.0
28;Eure-et-Loir;106453;118552;51725;35188;421114;109196;53012;59393;27235;21593;214211;52978;53441;59159;24490;13595;206903;56218;2006;28.0
29;Finistère;214616;246663;123957;86347;883001;211418;104479;123049;68526;57101;456287;103132;110137;123614;55431;29246;426714;108286;2006;29.0
30;Gard;161370;194026;98644;61560;683169;167569;82128;99575;52188;38269;353994;81834;79242;94451;46456;23291;329175;85735;2006;30.0
31;Haute-Garonne;358968;318300;132278;85725;1186330;291059;178272;162477;70821;54281;608921;143070;180696;155823;61457;31444;577409;147989;2006;31.0
32;Gers;36683;53615;30674;22891;181375;37512;18285;26991;15803;13619;93038;18340;18398;26624;14871;9272;88337;19172;2006;32.0
33;Gironde;381191;389894;170787;118762;1393758;333124;193593;201578;92260;76234;727042;163377;187598;188316;78527;42528;666716;169747;2006;33.0
34;Hérault;263206;266454;139553;89121;1001041;242707;135565;140076;74587;54723;524116;119165;127641;126378;64966;34398;476925;123542;2006;34.0
35;Ille-et-Vilaine;271164;247920;108458;71270;945851;247039;134246;124914;58665;45279;484544;121440;136918;123006;49793;25991;461307;125599;2006;35.0
36;Indre;51720;65898;38136;28200;232959;49005;25337;32813;20247;17551;120044;24096;26383;33085;17889;10649;112915;24909;2006;36.0
37;Indre-et-Loire;148830;159053;76293;52846;580312;143290;75574;81433;40771;33233;301636;70625;73256;77620;35522;19613;278676;72665;2006;37.0
38;Isère;324217;315764;139908;81230;1169491;308372;160277;160021;73547;50971;594363;149547;163940;155743;66361;30259;575128;158825;2006;38.0
39;Jura;60614;71858;36295;25210;257399;63422;30225;35966;19101;15842;131686;30552;30389;35892;17194;9368;125713;32870;2006;39.0
40;Landes;81151;105603;57275;38943;362827;79855;40139;53654;30247;24351;186936;38545;41012;51949;27028;14592;175891;41310;2006;40.0
41;Loir-et-Cher;75098;91247;48163;35077;325182;75597;37256;45914;25496;21441;167196;37089;37842;45333;22667;13636;157986;38508;2006;41.0
42;Loire;182372;201806;104050;71249;741269;181792;90728;102859;56092;46117;384517;88721;91644;98947;47958;25132;356752;93071;2006;42.0
43;Haute-Loire;50517;62250;32385;22627;219484;51705;24770;30419;17111;14431;111836;25105;25747;31831;15274;8196;107648;26600;2006;43.0
44;Loire-Atlantique;334874;337550;145620;93403;1234085;322638;166351;171431;79531;60941;635818;157564;168523;166119;66089;32462;598267;165074;2006;44.0
45;Loiret;167529;177883;80547;53730;645325;165636;83501;90052;42383;33236;330038;80866;84028;87831;38164;20494;315287;84770;2006;45.0
46;Lot;34288;49531;29539;21611;169531;34562;17063;24954;15465;13101;87381;16798;17225;24577;14074;8510;82150;17764;2006;46.0
47;Lot-et-Garonne;70779;91028;51263;37427;322292;71795;35468;46523;27135;22942;166972;34904;35311;44505;24128;14485;155320;36891;2006;47.0
48;Lozère;17730;22101;11583;8488;76800;16898;8652;10655;5912;5150;38299;7930;9078;11446;5671;3338;38501;8968;2006;48.0
49;Maine-et-Loire;201816;204251;92298;64243;766659;204051;100872;103530;49711;40127;394221;99981;100944;100721;42587;24116;372438;104070;2006;49.0
50;Manche;112534;138043;71798;50328;492563;119860;55457;68067;38680;31890;252698;58604;57077;69976;33118;18438;239865;61256;2006;50.0
51;Marne;156951;156610;66066;43018;565841;143196;77830;79897;35503;27948;291043;69865;79121;76713;30563;15070;274798;73331;2006;51.0
52;Haute-Marne;43820;54166;26871;18673;187652;44122;21269;27031;14158;11861;95770;21451;22551;27135;12713;6812;91882;22671;2006;52.0
53;Mayenne;72746;80680;39032;28404;299000;78138;35265;40063;20778;17678;151702;37918;37481;40617;18254;10726;147298;40220;2006;53.0
54;Meurthe-et-Moselle;200356;198278;88916;56408;725302;181344;99742;101133;48338;36621;374674;88840;100614;97145;40578;19787;350628;92504;2006;54.0
55;Meuse;46923;55743;25247;17357;193696;48426;22701;27350;13473;11134;97913;23255;24222;28393;11774;6223;95783;25171;2006;55.0
56;Morbihan;164629;196278;103015;64822;694821;166077;79718;98981;55689;42194;357029;80447;84911;97297;47326;22628;337792;85630;2006;56.0
57;Moselle;276409;301108;132957;74780;1036776;251522;136086;151393;70713;47827;528503;122484;140323;149715;62244;26953;508273;129038;2006;57.0
58;Nièvre;46125;64896;37678;27361;222220;46160;22788;32664;20087;17412;115484;22533;23337;32232;17591;9949;106736;23627;2006;58.0
59;Nord;718061;681657;277703;172991;2565257;714845;361403;349215;154581;115173;1329377;349005;356658;332442;123122;57818;1235880;365840;2006;59.0
60;Oise;213362;226824;85177;48503;792975;219109;106131;113570;44650;30838;402206;107017;107231;113254;40527;17665;390769;112092;2006;60.0
61;Orne;66402;82643;43108;30534;292879;70192;32739;41231;23009;19182;150226;34065;33663;41412;20099;11352;142653;36127;2006;61.0
62;Pas-de-Calais;377761;401635;168868;109156;1453387;395967;189254;202832;94727;73135;752900;192952;188507;198803;74141;36021;700487;203015;2006;62.0
63;Puy-de-Dôme;162935;178607;85063;56232;623463;140626;80848;90300;45354;36572;322265;69191;82087;88307;39709;19660;301198;71435;2006;63.0
64;Pyrénées-Atlantiques;153050;180903;95217;66272;636849;141407;75489;92831;51358;42069;330310;68563;77561;88072;43859;24203;306539;72844;2006;64.0
65;Hautes-Pyrénées;49647;66968;37368;26420;227736;47333;24424;34167;20118;16749;118434;22976;25223;32801;17250;9671;109302;24357;2006;65.0
66;Pyrénées-Orientales;98747;116653;70698;48430;432112;97584;51009;61032;37938;29847;227504;47678;47738;55621;32760;18583;204608;49906;2006;66.0
67;Bas-Rhin;306264;301909;128347;73307;1079016;269189;153658;151211;67949;48669;553713;132226;152606;150698;60398;24638;525303;136963;2006;67.0
68;Haut-Rhin;194901;211283;92351;53602;736477;184340;96697;105200;48312;35116;375320;89995;98204;106083;44039;18486;361157;94345;2006;68.0
69;Rhône;489995;428079;196978;122214;1669655;432389;249693;221534;105412;79004;868766;213123;240302;206545;91566;43210;800889;219266;2006;69.0
70;Haute-Saône;56638;67862;32309;20864;235867;58194;27659;33696;16870;13182;119612;28205;28979;34166;15439;7682;116255;29989;2006;70.0
71;Saône-et-Loire;122623;157976;84205;60256;549361;124301;60601;79198;44840;37997;282658;60022;62022;78778;39365;22259;266703;64279;2006;71.0
72;Sarthe;137504;151858;73139;51316;553484;139667;67644;76198;39139;32054;283429;68394;69860;75660;34000;19262;270055;71273;2006;72.0
73;Savoie;104960;113642;52446;32483;403090;99559;51359;56952;27835;20801;205002;48055;53601;56690;24611;11682;198088;51504;2006;73.0
74;Haute-Savoie;190860;198089;82164;44548;696255;180594;94426;100041;43118;28292;352876;86999;96434;98048;39046;16256;343379;93595;2006;74.0
75;Paris;776146;568538;242247;159344;2181371;435096;398231;298983;134904;106495;1154499;215886;377915;269555;107343;52849;1026872;219210;2006;75.0
76;Seine-Maritime;329320;342873;151371;97622;1243834;322648;166263;175733;82734;63253;646741;158758;163057;167140;68637;34369;597093;163890;2006;76.0
77;Seine-et-Marne;357742;361968;122256;66398;1273488;365124;181744;182695;63625;42801;649622;178757;175998;179273;58631;23597;623866;186367;2006;77.0
78;Yvelines;379628;394638;153872;79787;1395804;387879;190839;203096;80243;50396;713126;188552;188789;191542;73629;29391;682678;199327;2006;78.0
79;Deux-Sèvres;84528;101963;51181;37482;359711;84557;41792;51159;26732;22631;183013;40699;42736;50804;24449;14851;176698;43858;2006;79.0
80;Somme;151125;154334;69062;45070;564319;144728;75988;77980;37433;28698;291142;71043;75137;76354;31629;16372;273177;73685;2006;80.0
81;Tarn;81318;103432;55794;43195;365335;81596;40658;52744;29698;26383;189411;39928;40660;50688;26096;16812;175924;41668;2006;81.0
82;Tarn-et-Garonne;53198;63878;32654;23496;226849;53623;26723;32034;17197;14318;116288;26016;26475;31844;15457;9178;110561;27607;2006;82.0
83;Var;223251;272809;163032;102634;985099;223373;111870;141710;86397;63498;512542;109067;111381;131099;76635;39136;472557;114306;2006;83.0
84;Vaucluse;129937;147981;75305;46590;534291;134478;65952;76488;40267;29107;277253;65439;63985;71493;35038;17483;257038;69039;2006;84.0
85;Vendée;142979;165967;88537;57091;597185;142611;70039;82900;46661;35475;304658;69583;72940;83067;41876;21616;292527;73028;2006;85.0
86;Vienne;109805;113544;55702;40021;418460;99388;55435;57369;29282;24661;215711;48964;54370;56175;26420;15360;202749;50424;2006;86.0
87;Haute-Vienne;90585;103967;53733;41000;367156;77871;45620;53004;28664;25830;191275;38157;44965;50963;25069;15170;175881;39714;2006;87.0
88;Vosges;90808;109779;52352;34853;379975;92183;44344;55088;28128;22977;195288;44751;46464;54691;24224;11876;184687;47432;2006;88.0
89;Yonne;78073;96626;48711;35668;340088;81010;38945;48440;25621;22401;174847;39440;39128;48186;23090;13267;165241;41570;2006;89.0
90;Territoire de Belfort;38903;39275;17234;10594;141201;35195;18117;19693;9248;6895;70881;16928;20786;19582;7986;3699;70320;18267;2006;90.0
91;Essonne;339107;333712;128082;65583;1198273;331789;169303;169538;67282;41903;610539;162513;169804;164174;60800;23680;587734;169276;2006;91.0
92;Hauts-de-Seine;484928;402952;158477;105953;1536100;383790;247997;210731;86675;69686;803767;188678;236931;192221;71802;36267;732333;195112;2006;92.0
93;Seine-Saint-Denis;454114;394306;139022;71944;1491970;432584;232490;199337;71482;46578;762168;212281;221624;194969;67540;25366;729802;220303;2006;93.0
94;Val-de-Marne;388893;353961;137027;84074;1298340;334385;198692;182373;73980;55121;673934;163768;190201;171588;63047;28953;624406;170617;2006;94.0
95;Val-d'Oise;328244;323885;108429;58684;1157052;337810;168236;166356;56954;37832;594502;165124;160008;157529;51475;20852;562550;172686;2006;95.0
971;Guadeloupe;101499;109121;44114;21952;400736;124050;55512;58664;23933;13406;211964;60449;45987;50457;20181;8546;188772;63601;2006;971.0
972;Martinique;99421;111263;47758;24481;397732;114809;54111;60352;25943;15186;212113;56521;45310;50911;21815;9295;185619;58288;2006;972.0
973;Guyane;60648;40878;8896;3004;205954;92528;31987;20052;4352;1747;103922;45784;28661;20826;4544;1257;102032;46744;2006;973.0
974;La Réunion;227033;192735;62458;23771;781962;275965;119133;98891;33970;15076;402752;135682;107900;93844;28488;8695;379210;140283;2006;974.0
2B;Haute-Corse;39904;44056;24086;14499;155964;33419;19938;22141;12457;9073;79888;16279;19966;21915;11629;5426;76076;17140;2005;
2A;Corse-du-Sud;31913;38419;21647;12492;133128;28657;16437;19505;11359;7834;68757;13622;15476;18914;10288;4658;64371;15035;2005;
01;Ain;146125;157308;65923;38141;558968;151471;72550;78214;33954;24023;282573;73832;73575;79094;31969;14118;276395;77639;2005;1.0
02;Aisne;134079;150175;66443;43354;536798;142747;66925;75116;36067;27695;275786;69983;67154;75059;30376;15659;261012;72764;2005;2.0
03;Allier;76599;97599;56287;41155;343558;71918;37937;49301;30640;25785;178672;35009;38662;48298;25647;15370;164886;36909;2005;3.0
04;Alpes-de-Haute-Provence;33300;43795;24726;15250;152376;35305;16969;22163;12878;9308;78379;17061;16331;21632;11848;5942;73997;18244;2005;4.0
05;Hautes-Alpes;30239;37283;18820;12265;129453;30846;15072;18659;9809;7633;66142;14969;15167;18624;9011;4632;63311;15877;2005;5.0
06;Alpes-Maritimes;256715;284825;167182;119417;1063500;235361;132065;149094;91180;76339;563030;114352;124650;135731;76002;43078;500470;121009;2005;6.0
07;Ardèche;69368;86049;46030;30622;303117;71048;34536;42748;24050;19163;154873;34376;34832;43301;21980;11459;148244;36672;2005;7.0
08;Ardennes;71874;80394;37263;22846;286425;74048;35493;40022;20133;14626;146400;36126;36381;40372;17130;8220;140025;37922;2005;8.0
09;Ariège;31374;41628;23363;17073;144888;31450;15584;20661;12214;10394;74078;15225;15790;20967;11149;6679;70810;16225;2005;9.0
10;Aube;75072;83362;39590;26291;298483;74168;37321;41965;21235;16672;153480;36287;37751;41397;18355;9619;145003;37881;2005;10.0
11;Aude;76221;93314;54249;36846;336237;75607;38524;47632;28611;22395;174140;36978;37697;45682;25638;14451;162097;38629;2005;11.0
12;Aveyron;60136;75837;46099;33297;271979;56610;29398;37193;24295;20546;138658;27226;30738;38644;21804;12751;133321;29384;2005;12.0
13;Bouches-du-Rhône;510014;521846;254789;157257;1921821;477915;262575;272013;136937;100463;1004934;232946;247439;249833;117852;56794;916887;244969;2005;13.0
14;Calvados;175333;182751;84505;52894;668210;172727;88452;93107;46654;34238;347826;85375;86881;89644;37851;18656;320384;87352;2005;14.0
15;Cantal;33616;43723;24850;17824;149830;29817;16467;21541;13195;11116;76912;14593;17149;22182;11655;6708;72918;15224;2005;15.0
16;Charente;80153;99838;53161;36354;345911;76405;40092;50424;28105;22785;178727;37321;40061;49414;25056;13569;167184;39084;2005;16.0
17;Charente-Maritime;134823;165787;96349;64696;592640;130985;67243;85197;51273;39936;307373;63724;67580;80590;45076;24760;285267;67261;2005;17.0
18;Cher;72681;89837;48697;31588;314642;71839;36111;45093;25725;19772;161898;35197;36570;44744;22972;11816;152744;36642;2005;18.0
19;Corrèze;53518;67897;39957;30389;239185;47424;25717;33850;21355;19218;122822;22682;27801;34047;18602;11171;116363;24742;2005;19.0
21;Côte-d'Or;139605;142152;64331;41951;515829;127790;70705;72003;34226;26798;266795;63063;68900;70149;30105;15153;249034;64727;2005;21.0
22;Côtes-d'Armor;126460;156897;90972;60409;566688;131950;62231;78507;49436;38598;292809;64037;64229;78390;41536;21811;273879;67913;2005;22.0
23;Creuse;24878;35188;22038;18029;123423;23290;12088;17323;11638;10971;63349;11329;12790;17865;10400;7058;60074;11961;2005;23.0
24;Dordogne;84134;115611;69889;49098;401607;82875;42386;58747;36687;30532;208890;40538;41748;56864;33202;18566;192717;42337;2005;24.0
25;Doubs;142597;138404;64096;36156;513571;132318;70271;70022;34367;22747;261954;64547;72326;68382;29729;13409;251617;67771;2005;25.0
26;Drôme;112496;128973;65307;39419;463976;117781;56531;65785;34698;24619;238640;57007;55965;63188;30609;14800;225336;60774;2005;26.0
27;Eure;143773;160078;67231;39286;563316;152948;72127;80474;35734;24863;287893;74695;71646;79604;31497;14423;275423;78253;2005;27.0
28;Eure-et-Loir;106779;117026;51258;34399;418968;109506;53037;58613;26837;21001;212862;53374;53742;58413;24421;13398;206106;56132;2005;28.0
29;Finistère;216126;241946;125218;84428;878532;210814;105368;120678;69767;55543;453831;102475;110758;121268;55451;28885;424701;108339;2005;29.0
30;Gard;160894;190340;97702;59299;674062;165827;81776;97558;51792;36883;349024;81015;79118;92782;45910;22416;325038;84812;2005;30.0
31;Haute-Garonne;354677;312110;131767;80782;1165193;285857;176525;159051;70422;51522;597833;140313;178152;153059;61345;29260;567360;145544;2005;31.0
32;Gers;37028;52376;31144;22114;179995;37333;18386;26236;16042;13237;92164;18263;18642;26140;15102;8877;87831;19070;2005;32.0
33;Gironde;380716;382383;170085;114413;1377991;330394;193244;197009;91651;74315;718799;162580;187472;185374;78434;40098;659192;167814;2005;33.0
34;Hérault;262092;260187;137744;86094;985113;238996;135257;136739;73322;53426;516086;117342;126835;123448;64422;32668;469027;121654;2005;34.0
35;Ille-et-Vilaine;267951;242571;109129;68549;933885;245685;132641;122480;58774;43901;478456;120660;135310;120091;50355;24648;455429;125025;2005;35.0
36;Indre;51768;65434;38727;27560;232612;49123;25429;32543;20503;17112;119822;24235;26339;32891;18224;10448;112790;24888;2005;36.0
37;Indre-et-Loire;150069;156895;76688;51473;576366;141241;76108;80247;41086;32498;299320;69381;73961;76648;35602;18975;277046;71860;2005;37.0
38;Isère;322666;311157;138534;76215;1157903;309331;159529;157507;72952;48310;588405;150107;163137;153650;65582;27905;569498;159224;2005;38.0
39;Jura;61285;71080;36476;24425;256567;63301;30376;35424;19247;15357;131169;30765;30909;35656;17229;9068;125398;32536;2005;39.0
40;Landes;81320;102747;57175;37095;357544;79207;40096;52025;30107;23437;183844;38179;41224;50722;27068;13658;173700;41028;2005;40.0
41;Loir-et-Cher;75608;89666;48512;34273;323489;75430;37558;44920;25894;20829;166255;37054;38050;44746;22618;13444;157234;38376;2005;41.0
42;Loire;184550;200205;104688;68390;739393;181560;91990;102037;56511;44270;382856;88048;92560;98168;48177;24120;356537;93512;2005;42.0
43;Haute-Loire;50884;61260;32810;21586;217820;51280;25036;29755;17467;13910;110904;24736;25848;31505;15343;7676;106916;26544;2005;43.0
44;Loire-Atlantique;332491;331087;145633;90317;1218810;319282;165291;167992;79801;58749;627962;156129;167200;163095;65832;31568;590848;163153;2005;44.0
45;Loiret;168829;174706;80228;52439;641169;164967;84101;88463;42096;32498;327560;80402;84728;86243;38132;19941;313609;84565;2005;45.0
46;Lot;34859;48412;29753;20784;168271;34463;17341;24168;15570;12838;86576;16659;17518;24244;14183;7946;81695;17804;2005;46.0
47;Lot-et-Garonne;70867;89888;51961;36442;319719;70561;35590;45795;27493;22535;165640;34227;35277;44093;24468;13907;154079;36334;2005;47.0
48;Lozère;18225;21603;11689;8196;76298;16585;8920;10383;5903;4908;37904;7790;9305;11220;5786;3288;38394;8795;2005;48.0
49;Maine-et-Loire;202225;201350;92258;62285;761529;203411;100920;101884;49947;38737;391408;99920;101305;99466;42311;23548;370121;103491;2005;49.0
50;Manche;114483;135040;72465;48745;491110;120377;56583;66682;38830;31026;251850;58729;57900;68358;33635;17719;239260;61648;2005;50.0
51;Marne;158605;155462;65647;41753;565675;144208;78644;79102;35679;27140;290941;70376;79961;76360;29968;14613;274734;73832;2005;51.0
52;Haute-Marne;44943;53832;27264;17920;188817;44858;21856;26707;14541;11281;96155;21770;23087;27125;12723;6639;92662;23088;2005;52.0
53;Mayenne;73945;79182;39602;27404;296884;76751;35916;39438;21165;16981;150769;37269;38029;39744;18437;10423;146115;39482;2005;53.0
54;Meurthe-et-Moselle;201173;196109;89584;54398;723797;182533;99811;99648;48884;35406;372747;88998;101362;96461;40700;18992;351050;93535;2005;54.0
55;Meuse;47975;54645;25636;16846;193637;48535;23202;26715;13662;10829;97743;23335;24773;27930;11974;6017;95894;25200;2005;55.0
56;Morbihan;165164;191822;102628;62402;687480;165464;80347;96778;55859;40198;352999;79817;84817;95044;46769;22204;334481;85647;2005;56.0
57;Moselle;278439;296541;134714;69897;1034768;255177;137204;148517;71764;45273;527147;124389;141235;148024;62950;24624;507621;130788;2005;57.0
58;Nièvre;47145;63825;38015;27155;222711;46571;23338;32151;20377;17139;115798;22793;23807;31674;17638;10016;106913;23778;2005;58.0
59;Nord;722933;672330;276814;170726;2563886;721083;363471;344308;155553;112756;1327670;351582;359462;328022;121261;57970;1236216;369501;2005;59.0
60;Oise;214226;223642;84277;46434;789012;220433;107045;111774;44617;29664;400477;107377;107181;111868;39660;16770;388535;113056;2005;60.0
61;Orne;67710;81335;43711;29562;293105;70787;33337;40561;23265;18559;150024;34302;34373;40774;20446;11003;143081;36485;2005;61.0
62;Pas-de-Calais;381137;395007;168025;109081;1451727;398477;190939;199084;95180;72157;751441;194081;190198;195923;72845;36924;700286;204396;2005;62.0
63;Puy-de-Dôme;164091;176663;85638;53753;620571;140426;81459;89328;45949;34984;320409;68689;82632;87335;39689;18769;300162;71737;2005;63.0
64;Pyrénées-Atlantiques;153464;177443;95453;63986;631335;140989;75806;90747;51396;40966;327413;68498;77658;86696;44057;23020;303922;72491;2005;64.0
65;Hautes-Pyrénées;49725;66215;37748;25670;227083;47725;24688;33628;20103;16328;117758;23011;25037;32587;17645;9342;109325;24714;2005;65.0
66;Pyrénées-Orientales;98008;114192;70623;46711;426008;96474;50555;59760;38017;28818;224449;47299;47453;54432;32606;17893;201559;49175;2005;66.0
67;Bas-Rhin;308041;296451;128839;68790;1071160;269039;154533;147953;68677;46304;549798;132331;153508;148498;60162;22486;521362;136708;2005;67.0
68;Haut-Rhin;196611;207490;93469;49830;732242;184842;97450;102982;49116;32940;372878;90390;99161;104508;44353;16890;359364;94452;2005;68.0
69;Rhône;487219;423814;195529;116703;1655211;431946;248020;218849;105154;76278;861121;212820;239199;204965;90375;40425;794090;219126;2005;69.0
70;Haute-Saône;57264;67050;32363;20186;234934;58071;28091;33128;16761;12847;118892;28065;29173;33922;15602;7339;116042;30006;2005;70.0
71;Saône-et-Loire;125017;156409;84520;58259;548667;124462;62004;78548;45307;36474;282550;60217;63013;77861;39213;21785;266117;64245;2005;71.0
72;Sarthe;138452;148470;73579;49963;550067;139603;68244;74468;39504;31083;281667;68368;70208;74002;34075;18880;268400;71235;2005;72.0
73;Savoie;104987;111620;51674;31211;398546;99054;51792;55752;27569;20162;202691;47416;53195;55868;24105;11049;195855;51638;2005;73.0
74;Haute-Savoie;189904;194872;79962;42581;686622;179303;93926;98397;42322;27255;348248;86348;95978;96475;37640;15326;338374;92955;2005;74.0
75;Paris;774451;565574;241161;162537;2172186;428463;397787;296281;134275;107833;1148539;212363;376664;269293;106886;54704;1023647;216100;2005;75.0
76;Seine-Maritime;330516;339506;151558;95179;1243361;326602;166403;174120;83384;61354;645835;160574;164113;165386;68174;33825;597526;166028;2005;76.0
77;Seine-et-Marne;356028;357882;119712;63028;1261010;364360;180833;180306;62643;40970;643244;178492;175195;177576;57069;22058;617766;185868;2005;77.0
78;Yvelines;382393;391842;151438;75511;1389456;388272;191864;201063;79067;48109;709282;189179;190529;190779;72371;27402;680174;199093;2005;78.0
79;Deux-Sèvres;85654;100047;51417;36350;357319;83851;42296;50031;26761;21710;181217;40419;43358;50016;24656;14640;176102;43432;2005;79.0
80;Somme;151918;152210;68840;44646;563218;145604;76336;76949;37664;28161;290399;71289;75582;75261;31176;16485;272819;74315;2005;80.0
81;Tarn;81190;101237;57248;41352;361932;80905;40709;51534;30462;25486;187616;39425;40481;49703;26786;15866;174316;41480;2005;81.0
82;Tarn-et-Garonne;52730;62474;32800;22509;223732;53219;26385;31207;17319;13858;114650;25881;26345;31267;15481;8651;109082;27338;2005;82.0
83;Var;222986;267046;160471;99359;972379;222517;111854;138606;85052;61597;505687;108578;111132;128440;75419;37762;466692;113939;2005;83.0
84;Vaucluse;129896;145728;74504;44475;529035;134432;65945;74956;39743;27861;273624;65119;63951;70772;34761;16614;255411;69313;2005;84.0
85;Vendée;142419;161997;88654;54889;588101;140142;69640;80853;46708;34311;299895;68383;72779;81144;41946;20578;288206;71759;2005;85.0
86;Vienne;110620;111464;56148;39015;415437;98190;55933;56136;29246;24074;213786;48397;54687;55328;26902;14941;201651;49793;2005;86.0
87;Haute-Vienne;90873;102450;54314;40321;364879;76921;45747;51947;28977;25448;189656;37537;45126;50503;25337;14873;175223;39384;2005;87.0
88;Vosges;91766;108284;52463;33957;380266;93796;44925;54281;28413;22313;195358;45426;46841;54003;24050;11644;184908;48370;2005;88.0
89;Yonne;78969;95253;48634;35141;338983;80986;39283;47835;25788;21907;174501;39688;39686;47418;22846;13234;164482;41298;2005;89.0
90;Territoire de Belfort;38709;38697;17223;10394;140672;35649;18171;19433;9255;6787;70750;17104;20538;19264;7968;3607;69922;18545;2005;90.0
91;Essonne;337861;329762;126802;61488;1188351;332438;169019;167544;66681;39773;605685;162668;168842;162218;60121;21715;582666;169770;2005;91.0
92;Hauts-de-Seine;481858;396945;158337;103745;1520106;379221;246642;207445;86412;68317;795153;186337;235216;189500;71925;35428;724953;192884;2005;92.0
93;Seine-Saint-Denis;449083;388274;138456;70676;1474920;428431;229319;196450;71906;45974;754438;210789;219764;191824;66550;24702;720482;217642;2005;93.0
94;Val-de-Marne;387046;349214;136195;81917;1287350;332978;197957;179252;74187;53638;668229;163195;189089;169962;62008;28279;619121;169783;2005;94.0
95;Val-d'Oise;326727;321227;107093;55766;1148764;337951;167387;164711;56428;36652;590366;165188;159340;156516;50665;19114;558398;172763;2005;95.0
971;Guadeloupe;104562;106609;41740;22112;399178;124155;56963;57339;22746;13305;211020;60667;47599;49270;18994;8807;188158;63488;2005;971.0
972;Martinique;102449;108876;46061;23349;395982;115247;55649;58835;24911;14567;211141;57179;46800;50041;21150;8782;184841;58068;2005;972.0
973;Guyane;58770;39614;8353;3413;199206;89056;30742;19265;4034;1980;99983;43962;28028;20349;4319;1433;99223;45094;2005;973.0
974;La Réunion;229240;184544;59941;23772;772907;275410;120048;94670;32185;14945;396898;135050;109192;89874;27756;8827;376009;140360;2005;974.0
2A;Corse-du-Sud;31806;37208;21128;11889;130613;28582;16357;18841;11073;7510;67428;13647;15449;18367;10055;4379;63185;14935;2004;
2B;Haute-Corse;39805;42786;23699;13914;153359;33155;19946;21429;12229;8758;78490;16128;19859;21357;11470;5156;74869;17027;2004;
01;Ain;146231;153657;64494;36881;550939;149676;72593;76216;33268;23286;278319;72956;73638;77441;31226;13595;272620;76720;2004;1.0
02;Aisne;135672;148122;67118;41839;536464;143713;67578;73921;36626;26705;275325;70495;68094;74201;30492;15134;261139;73218;2004;2.0
03;Allier;78053;96508;56728;40136;343547;72122;38600;48753;30994;25173;178603;35083;39453;47755;25734;14963;164944;37039;2004;3.0
04;Alpes-de-Haute-Provence;33423;42620;24332;14683;150051;34993;16954;21495;12688;8973;77080;16970;16469;21125;11644;5710;72971;18023;2004;4.0
05;Hautes-Alpes;30425;36470;18554;11865;128067;30753;15169;18239;9658;7355;65373;14952;15256;18231;8896;4510;62694;15801;2004;5.0
06;Alpes-Maritimes;257725;280288;165632;116682;1053182;232855;132731;146798;90494;74601;557779;113155;124994;133490;75138;42081;495403;119700;2004;6.0
07;Ardèche;70037;84058;45750;29656;300021;70520;34727;41735;23982;18576;153155;34135;35310;42323;21768;11080;146866;36385;2004;7.0
08;Ardennes;73130;79173;37744;22114;287136;74975;36058;39380;20419;14197;146626;36572;37072;39793;17325;7917;140510;38403;2004;8.0
09;Ariège;31569;40666;23437;16683;143371;31016;15658;20178;12257;10177;73262;14992;15911;20488;11180;6506;70109;16024;2004;9.0
10;Aube;75726;82133;39488;25482;297154;74325;37587;41281;21299;16182;152708;36359;38139;40852;18189;9300;144446;37966;2004;10.0
11;Aude;76252;91014;53817;35688;331267;74496;38394;46409;28420;21759;171394;36412;37858;44605;25397;13929;159873;38084;2004;11.0
12;Aveyron;60779;74384;46255;32528;270275;56329;29622;36530;24370;20101;137721;27098;31157;37854;21885;12427;132554;29231;2004;12.0
13;Bouches-du-Rhône;511794;515431;251451;152182;1905689;474831;263242;267978;135378;97090;995205;231517;248552;247453;116073;55092;910484;243314;2004;13.0
14;Calvados;177030;179723;84239;51077;664769;172700;89190;91508;46569;33095;345749;85387;87840;88215;37670;17982;319020;87313;2004;14.0
15;Cantal;34332;43148;25083;17444;149944;29937;16794;21168;13317;10927;76828;14622;17538;21980;11766;6517;73116;15315;2004;15.0
16;Charente;81135;98387;53108;35389;344708;76689;40580;49631;28118;22205;177911;37377;40555;48756;24990;13184;166797;39312;2004;16.0
17;Charente-Maritime;135526;162258;95733;62494;586082;130071;67588;83238;50988;38593;303674;63267;67938;79020;44745;23901;282408;66804;2004;17.0
18;Cher;73851;88857;48814;30900;314490;72068;36681;44468;25795;19433;161676;35299;37170;44389;23019;11467;152814;36769;2004;18.0
19;Corrèze;53869;66773;40238;29623;237823;47320;25847;33352;21538;18777;122181;22667;28022;33421;18700;10846;115642;24653;2004;19.0
21;Côte-d'Or;140935;140287;64073;40774;514022;127953;71357;71026;34230;26048;265756;63095;69578;69261;29843;14726;248266;64858;2004;21.0
22;Côtes-d'Armor;127456;153880;91368;58551;562226;130971;62500;77097;49702;37557;290492;63636;64956;76783;41666;20994;271734;67335;2004;22.0
23;Creuse;25433;34570;22548;17674;123561;23336;12310;16989;11963;10785;63396;11349;13123;17581;10585;6889;60165;11987;2004;23.0
24;Dordogne;85404;113493;69904;47915;398994;82278;42870;57553;36829;29791;207281;40238;42534;55940;33075;18124;191713;42040;2004;24.0
25;Doubs;143184;136829;63699;34883;510794;132199;70658;69082;34255;22011;260515;64509;72526;67747;29444;12872;250279;67690;2004;25.0
26;Drôme;113037;126491;64278;38106;459076;117164;56734;64460;34159;23825;235918;56740;56303;62031;30119;14281;223158;60424;2004;26.0
27;Eure;144838;157064;66644;38087;559393;152760;72655;78655;35448;24154;285495;74583;72183;78409;31196;13933;273898;78177;2004;27.0
28;Eure-et-Loir;107271;115392;51234;33224;416808;109687;53244;57630;26890;20370;211615;53481;54027;57762;24344;12854;205193;56206;2004;28.0
29;Finistère;218311;237237;125898;81880;873568;210242;106244;118244;70267;54006;450971;102210;112067;118993;55631;27874;422597;108032;2004;29.0
30;Gard;160872;186296;95979;57609;664622;163866;81633;95317;50908;35891;343865;80116;79239;90979;45071;21718;320757;83750;2004;30.0
31;Haute-Garonne;352406;303388;129761;78300;1143706;279851;175739;154518;69487;49762;587004;137498;176667;148870;60274;28538;556702;142353;2004;31.0
32;Gers;37523;51274;31290;21490;178515;36938;18619;25625;16159;12842;91302;18057;18904;25649;15131;8648;87213;18881;2004;32.0
33;Gironde;380550;374980;168182;110811;1361225;326702;193329;192997;90879;71881;709654;160568;187221;181983;77303;38930;651571;166134;2004;33.0
34;Hérault;261290;254210;135014;83061;968476;234901;134872;133329;71932;51620;507033;115280;126418;120881;63082;31441;461443;119621;2004;34.0
35;Ille-et-Vilaine;267557;236705;109009;66157;921911;242483;132768;119452;58820;42556;472561;118965;134789;117253;50189;23601;449350;123518;2004;35.0
36;Indre;52777;64534;39031;26840;232211;49029;25952;31994;20723;16667;119460;24124;26825;32540;18308;10173;112751;24905;2004;36.0
37;Indre-et-Loire;151146;154285;76039;49979;572255;140806;76763;78855;40777;31453;297002;69154;74383;75430;35262;18526;275253;71652;2004;37.0
38;Isère;323486;305929;136469;73628;1145897;306385;159975;154695;72045;46755;582214;148744;163511;151234;64424;26873;563683;157641;2004;38.0
39;Jura;62164;70020;36304;23762;255536;63286;30785;34867;19127;14949;130504;30776;31379;35153;17177;8813;125032;32510;2004;39.0
40;Landes;81569;99837;56807;35705;351827;77909;40244;50513;29981;22580;180858;37540;41325;49324;26826;13125;170969;40369;2004;40.0
41;Loir-et-Cher;76403;88250;48623;33332;321808;75200;37933;44112;25948;20275;165181;36913;38470;44138;22675;13057;156627;38287;2004;41.0
42;Loire;186156;198560;104531;66317;737297;181733;92766;101024;56643;42962;381690;88295;93390;97536;47888;23355;355607;93438;2004;42.0
43;Haute-Loire;51528;59830;32987;21002;216165;50818;25270;29070;17559;13581;109983;24503;26258;30760;15428;7421;106182;26315;2004;43.0
44;Loire-Atlantique;331897;323914;144487;87195;1203474;315981;165113;164338;79361;56789;620107;154506;166784;159576;65126;30406;583367;161475;2004;44.0
45;Loiret;169415;172423;79765;50795;636707;164309;84462;87128;42044;31416;325178;80128;84953;85295;37721;19379;311529;84181;2004;45.0
46;Lot;35233;47269;29848;20193;166873;34330;17499;23610;15641;12455;85866;16661;17734;23659;14207;7738;81007;17669;2004;46.0
47;Lot-et-Garonne;71570;87966;51918;35251;316872;70167;35885;44887;27470;21782;164127;34103;35685;43079;24448;13469;152745;36064;2004;47.0
48;Lozère;18313;21156;11665;8123;75784;16527;8908;10154;5924;4879;37661;7796;9405;11002;5741;3244;38123;8731;2004;48.0
49;Maine-et-Loire;203823;197417;92126;60341;756253;202546;101788;99773;49944;37670;388706;99531;102035;97644;42182;22671;367547;103015;2004;49.0
50;Manche;116189;132338;73074;46971;489608;121036;57295;65259;39182;30042;250882;59104;58894;67079;33892;16929;238726;61932;2004;50.0
51;Marne;160367;153964;65643;40403;565512;145135;79532;78230;35732;26321;290637;70822;80835;75734;29911;14082;274875;74313;2004;51.0
52;Haute-Marne;45749;53317;27566;17463;189795;45700;22290;26371;14763;11046;96615;22145;23459;26946;12803;6417;93180;23555;2004;52.0
53;Mayenne;74516;77573;39764;26520;294813;76440;36124;38591;21278;16507;149632;37132;38392;38982;18486;10013;145181;39308;2004;53.0
54;Meurthe-et-Moselle;202507;193557;90293;52407;721734;182970;100621;98290;49338;34204;371638;89185;101886;95267;40955;18203;350096;93785;2004;54.0
55;Meuse;48432;53772;25967;16390;193376;48815;23418;26258;13880;10590;97636;23490;25014;27514;12087;5800;95740;25325;2004;55.0
56;Morbihan;165914;186801;102093;60233;679372;164331;80703;94139;55821;38822;348828;79343;85211;92662;46272;21411;330544;84988;2004;56.0
57;Moselle;281618;290467;136134;67175;1032634;257240;138850;145363;72577;43673;525833;125370;142768;145104;63557;23502;506801;131870;2004;57.0
58;Nièvre;48150;63030;38473;26428;223050;46969;23771;31712;20622;16713;115774;22956;24379;31318;17851;9715;107276;24013;2004;58.0
59;Nord;727365;664292;278455;165225;2561038;725701;365654;339414;156742;109522;1325509;354177;361711;324878;121713;55703;1235529;371524;2004;59.0
60;Oise;215707;220103;83504;44815;785007;220878;107640;109742;44259;28732;397902;107529;108067;110361;39245;16083;387105;113349;2004;60.0
61;Orne;68887;80119;44137;28558;293052;71351;33815;39968;23498;18031;149914;34602;35072;40151;20639;10527;143138;36749;2004;61.0
62;Pas-de-Calais;384079;388402;170437;105293;1449510;401299;192108;195547;96782;69971;749849;195441;191971;192855;73655;35322;699661;205858;2004;62.0
63;Puy-de-Dôme;165282;174963;85033;52208;617448;139962;82229;88289;45793;33952;318670;68407;83053;86674;39240;18256;298778;71555;2004;63.0
64;Pyrénées-Atlantiques;154563;173608;95080;62187;625669;140231;76362;88884;51241;39885;324491;68119;78201;84724;43839;22302;301178;72112;2004;64.0
65;Hautes-Pyrénées;50785;65085;37850;24871;226132;47541;25191;33027;20199;15853;117236;22966;25594;32058;17651;9018;108896;24575;2004;65.0
66;Pyrénées-Orientales;98049;111165;70239;45302;419820;95065;50386;58196;37765;27961;220940;46632;47663;52969;32474;17341;198880;48433;2004;66.0
67;Bas-Rhin;310146;289038;129088;66600;1063274;268402;155333;144201;68879;45088;545346;131845;154813;144837;60209;21512;517928;136557;2004;67.0
68;Haut-Rhin;198345;202992;93769;47769;727871;184996;98267;100675;49455;31699;370508;90412;100078;102317;44314;16070;357363;94584;2004;68.0
69;Rhône;487139;418485;193763;112490;1640876;428999;247913;215940;104334;73682;853222;211353;239226;202545;89429;38808;787654;217646;2004;69.0
70;Haute-Saône;57884;66011;32217;19794;233991;58085;28364;32539;16783;12517;118287;28084;29520;33472;15434;7277;115704;30001;2004;70.0
71;Saône-et-Loire;127151;154481;84609;56448;547660;124971;62949;77459;45538;35321;281693;60426;64202;77022;39071;21127;265967;64545;2004;71.0
72;Sarthe;139474;145701;73916;48397;546270;138782;68787;73024;39812;30036;279534;67875;70687;72677;34104;18361;266736;70907;2004;72.0
73;Savoie;105373;109249;51108;29980;393868;98158;51989;54548;27362;19383;200301;47019;53384;54701;23746;10597;193567;51139;2004;73.0
74;Haute-Savoie;189647;190521;78046;40920;676755;177621;93797;96063;41422;26174;343047;85591;95850;94458;36624;14746;333708;92030;2004;74.0
75;Paris;774514;562437;239200;160627;2161932;425154;397740;294431;133654;106937;1143736;210974;376774;268006;105546;53690;1018196;214180;2004;75.0
76;Seine-Maritime;333592;336389;151035;92193;1242398;329189;168036;171930;83384;59571;644689;161768;165556;164459;67651;32622;597709;167421;2004;76.0
77;Seine-et-Marne;355437;352019;117438;61025;1248865;362946;180389;176932;61531;39744;636330;177734;175048;175087;55907;21281;612535;185212;2004;77.0
78;Yvelines;384498;388988;148651;72742;1383145;388266;193130;199097;77724;46573;705728;189204;191368;189891;70927;26169;677417;199062;2004;78.0
79;Deux-Sèvres;86432;97966;51935;35193;354914;83388;42676;48951;27060;21066;179988;40235;43756;49015;24875;14127;174926;43153;2004;79.0
80;Somme;153400;150194;68863;43492;561938;145989;76905;75794;37726;27470;289442;71547;76495;74400;31137;16022;272496;74442;2004;80.0
81;Tarn;81758;99096;57345;40016;358395;80180;40897;50440;30505;24710;185611;39059;40861;48656;26840;15306;172784;41121;2004;81.0
82;Tarn-et-Garonne;52585;60916;32705;21855;220316;52255;26252;30421;17315;13416;112881;25477;26333;30495;15390;8439;107435;26778;2004;82.0
83;Var;223204;261210;158026;95603;958745;220702;112116;135505;83785;59273;498358;107679;111088;125705;74241;36330;460387;113023;2004;83.0
84;Vaucluse;130606;143060;73338;42947;523398;133447;66174;73485;39150;26928;270546;64809;64432;69575;34188;16019;252852;68638;2004;84.0
85;Vendée;142383;157108;88273;52746;578974;138464;69504;78376;46572;32987;294966;67527;72879;78732;41701;19759;284008;70937;2004;85.0
86;Vienne;111275;109337;56099;37930;412316;97675;56251;55037;29347;23356;212202;48211;55024;54300;26752;14574;200114;49464;2004;86.0
87;Haute-Vienne;91570;100877;54490;39225;362522;76360;46085;51107;29154;24796;188513;37371;45485;49770;25336;14429;174009;38989;2004;87.0
88;Vosges;93391;106624;52945;32956;380392;94476;45677;53356;28752;21722;195261;45754;47714;53268;24193;11234;185131;48722;2004;88.0
89;Yonne;79757;93641;49043;34003;337724;81280;39594;46881;26062;21193;173479;39749;40163;46760;22981;12810;164245;41531;2004;89.0
90;Territoire de Belfort;38957;38195;17122;10079;140157;35804;18341;19131;9250;6598;70535;17215;20616;19064;7872;3481;69622;18589;2004;90.0
91;Essonne;339030;325717;124497;59018;1178214;329952;169484;165153;65545;38246;599915;161487;169546;160564;58952;20772;578299;168465;2004;91.0
92;Hauts-de-Seine;480531;390511;157696;100459;1503568;374371;245915;203650;86421;66191;786168;183991;234616;186861;71275;34268;717400;190380;2004;92.0
93;Seine-Saint-Denis;445687;382755;137770;68331;1458081;423538;227565;192942;72100;44486;745395;208302;218122;189813;65670;23845;712686;215236;2004;93.0
94;Val-de-Marne;386990;344177;135513;79255;1276157;330222;197702;176211;74060;51964;661946;162009;189288;167966;61453;27291;614211;168213;2004;94.0
95;Val-d'Oise;327161;317238;105609;53800;1140328;336520;167521;162067;55793;35426;585254;164447;159640;155171;49816;18374;555074;172073;2004;95.0
971;Guadeloupe;107600;103377;40302;21403;396992;124310;58339;55345;21968;12911;209389;60826;49261;48032;18334;8492;187603;63484;2004;971.0
972;Martinique;104798;105488;44899;22606;393852;116061;56757;56740;24342;14076;209549;57634;48041;48748;20557;8530;184303;58427;2004;972.0
973;Guyane;57302;38022;7951;3218;193167;86674;29864;18425;3872;1872;96867;42834;27438;19597;4079;1346;96300;43840;2004;973.0
974;La Réunion;230017;176332;57948;22744;761630;274589;119883;90337;31159;14364;390575;134832;110134;85995;26789;8380;371055;139757;2004;974.0
2A;Corse-du-Sud;31548;36007;20741;11285;128098;28517;16273;18152;10877;7169;66097;13626;15275;17855;9864;4116;62001;14891;2003;
2B;Haute-Corse;39485;41644;23305;13500;150929;32995;19832;20743;12075;8496;77183;16037;19653;20901;11230;5004;73746;16958;2003;
01;Ain;146212;149722;63598;35811;543136;147793;72502;74080;32932;22616;274228;72098;73710;75642;30666;13195;268908;75695;2003;1.0
02;Aisne;137507;145834;68038;40791;536651;144481;68276;72610;37268;26086;275183;70943;69231;73224;30770;14705;261468;73538;2003;2.0
03;Allier;79277;95675;57415;39370;344005;72268;39174;48352;31361;24761;178793;35145;40103;47323;26054;14609;165212;37123;2003;3.0
04;Alpes-de-Haute-Provence;33509;41594;23913;14274;147970;34680;16932;20940;12486;8713;75946;16875;16577;20654;11427;5561;72024;17805;2003;4.0
05;Hautes-Alpes;30658;35604;18318;11542;126721;30599;15304;17753;9563;7128;64628;14880;15354;17851;8755;4414;62093;15719;2003;5.0
06;Alpes-Maritimes;258401;276196;164039;115062;1044429;230731;133204;144544;89696;73828;553538;112266;125197;131652;74343;41234;490891;118465;2003;6.0
07;Ardèche;70618;82226;45482;28817;296960;69817;34964;40874;23846;18050;151558;33824;35654;41352;21636;10767;145402;35993;2003;7.0
08;Ardennes;74470;77812;38437;21344;287820;75757;36704;38624;20842;13773;146819;36876;37766;39188;17595;7571;141001;38881;2003;8.0
09;Ariège;31801;39848;23488;16304;142043;30602;15758;19733;12326;9952;72532;14763;16043;20115;11162;6352;69511;15839;2003;9.0
10;Aube;76576;80822;39617;24880;296294;74399;38052;40474;21423;15832;152157;36376;38524;40348;18194;9048;144137;38023;2003;10.0
11;Aude;76226;88796;53321;34816;326491;73332;38228;45248;28189;21248;168686;35773;37998;43548;25132;13568;157805;37559;2003;11.0
12;Aveyron;61395;73071;46666;31898;269114;56084;29831;35891;24643;19708;137120;27047;31564;37180;22023;12190;131994;29037;2003;12.0
13;Bouches-du-Rhône;514168;508542;249014;148323;1891344;471297;264115;263757;134105;94764;986640;229899;250053;244785;114909;53559;904704;241398;2003;13.0
14;Calvados;179159;176608;83814;49462;661498;172455;90078;89831;46498;32074;343748;85267;89081;86777;37316;17388;317750;87188;2003;14.0
15;Cantal;35032;42512;25471;16959;150118;30144;17079;20815;13540;10609;76759;14716;17953;21697;11931;6350;73359;15428;2003;15.0
16;Charente;82198;96779;53086;34739;343894;77092;40979;48827;28098;21827;177292;37561;41219;47952;24988;12912;166602;39531;2003;16.0
17;Charente-Maritime;135839;159185;95084;60585;579877;129184;67781;81521;50733;37409;300216;62772;68058;77664;44351;23176;279661;66412;2003;17.0
18;Cher;74842;87982;49106;30512;314781;72339;37134;43883;26001;19271;161705;35416;37708;44099;23105;11241;153076;36923;2003;18.0
19;Corrèze;54223;65721;40651;28882;236805;47328;26086;32768;21926;18249;121728;22699;28137;32953;18725;10633;115077;24629;2003;19.0
21;Côte-d'Or;142828;138240;63885;39912;512591;127726;72389;69882;34318;25515;265106;63002;70439;68358;29567;14397;247485;64724;2003;21.0
22;Côtes-d'Armor;128531;150834;91765;56737;557831;129964;62932;75447;50091;36606;288269;63193;65599;75387;41674;20131;269562;66771;2003;22.0
23;Creuse;25937;33993;23103;17389;123797;23375;12510;16652;12267;10693;63480;11358;13427;17341;10836;6696;60317;12017;2003;23.0
24;Dordogne;86526;111355;70146;46964;396905;81914;43327;56376;36999;29181;205907;40024;43199;54979;33147;17783;190998;41890;2003;24.0
25;Doubs;144055;134833;63548;33894;508532;132202;71195;67941;34170;21538;259381;64537;72860;66892;29378;12356;249151;67665;2003;25.0
26;Drôme;113548;124082;63515;37003;454702;116554;56884;63152;33799;23164;233459;56460;56664;60930;29716;13839;221243;60094;2003;26.0
27;Eure;145877;154145;66161;37165;555822;152474;72960;77077;35188;23665;283360;74470;72917;77068;30973;13500;272462;78004;2003;27.0
28;Eure-et-Loir;107885;113556;51404;32353;415032;109834;53493;56564;27128;19857;210680;53638;54392;56992;24276;12496;204352;56196;2003;28.0
29;Finistère;220709;232676;126975;79380;869205;209465;107198;115816;71069;52524;448588;101981;113511;116860;55906;26856;420617;107484;2003;29.0
30;Gard;161126;182186;94502;56098;655892;161980;81635;92982;50177;34967;339058;79297;79491;89204;44325;21131;316834;82683;2003;30.0
31;Haute-Garonne;350120;295453;127508;76357;1122778;273340;175050;150514;68402;48400;576530;134164;175070;144939;59106;27957;546248;139176;2003;31.0
32;Gers;37996;50251;31395;20936;177185;36607;18800;25102;16178;12595;90564;17889;19196;25149;15217;8341;86621;18718;2003;32.0
33;Gironde;380833;367678;166820;107797;1345768;322640;193525;188967;90366;69929;701272;158485;187308;178711;76454;37868;644496;164155;2003;33.0
34;Hérault;260772;248575;132418;80582;952865;230518;134703;130021;70787;50149;498668;113008;126069;118554;61631;30433;454197;117510;2003;34.0
35;Ille-et-Vilaine;267285;231198;108769;64150;910367;238965;132786;116702;58715;41510;466901;117188;134499;114496;50054;22640;443466;121777;2003;35.0
36;Indre;53780;63606;39395;26348;232155;49026;26377;31432;20976;16386;119279;24108;27403;32174;18419;9962;112876;24918;2003;36.0
37;Indre-et-Loire;152409;151982;75569;48774;568765;140031;77511;77507;40593;30709;295152;68832;74898;74475;34976;18065;273613;71199;2003;37.0
38;Isère;324776;300862;134690;71489;1135080;303263;160799;151721;71277;45482;576560;147281;163977;149141;63413;26007;558520;155982;2003;38.0
39;Jura;63003;68935;36334;23127;254691;63292;31171;34290;19242;14558;129964;30703;31832;34645;17092;8569;124727;32589;2003;39.0
40;Landes;81885;97085;56379;34525;346620;76746;40284;49098;29862;21855;178077;36978;41601;47987;26517;12670;168543;39768;2003;40.0
41;Loir-et-Cher;77313;86666;48955;32586;320536;75016;38363;43286;26125;19846;164427;36807;38950;43380;22830;12740;156109;38209;2003;41.0
42;Loire;187869;196322;104772;64795;735780;182022;93554;99651;57169;41963;380981;88644;94315;96671;47603;22832;354799;93378;2003;42.0
43;Haute-Loire;51997;58425;33325;20408;214595;50440;25387;28382;17799;13236;109124;24320;26610;30043;15526;7172;105471;26120;2003;43.0
44;Loire-Atlantique;331424;317124;143554;84453;1189157;312602;164981;160946;79065;55106;612907;152809;166443;156178;64489;29347;576250;159793;2003;44.0
45;Loiret;170342;169841;79594;49662;633019;163580;85072;85542;42176;30761;323311;79760;85270;84299;37418;18901;309708;83820;2003;45.0
46;Lot;35616;46192;29826;19765;165493;34094;17668;23091;15617;12196;85103;16531;17948;23101;14209;7569;80390;17563;2003;46.0
47;Lot-et-Garonne;71853;86422;51978;34139;314421;70029;36008;44058;27542;21100;162788;34080;35845;42364;24436;13039;151633;35949;2003;47.0
48;Lozère;18496;20716;11685;8006;75314;16411;8937;9893;5975;4818;37431;7808;9559;10823;5710;3188;37883;8603;2003;48.0
49;Maine-et-Loire;205357;193648;92248;58827;751708;201628;102596;97733;50063;36954;386460;99114;102761;95915;42185;21873;365248;102514;2003;49.0
50;Manche;118029;129459;73890;45196;488260;121686;58002;63793;39815;28917;250037;59510;60027;65666;34075;16279;238223;62176;2003;50.0
51;Marne;162557;151992;65884;39513;565830;145884;80708;77057;35874;25800;290586;71147;81849;74935;30010;13713;275244;74737;2003;51.0
52;Haute-Marne;46856;52581;27896;17045;190907;46529;22793;25997;14964;10790;97080;22536;24063;26584;12932;6255;93827;23993;2003;52.0
53;Mayenne;75064;75958;40099;25798;293122;76203;36476;37714;21503;16109;148761;36959;38588;38244;18596;9689;144361;39244;2003;53.0
54;Meurthe-et-Moselle;204494;190615;91510;50868;720638;183151;101797;96632;50105;33290;371217;89393;102697;93983;41405;17578;349421;93758;2003;54.0
55;Meuse;48905;52617;26567;16049;193321;49183;23587;25763;14238;10365;97624;23671;25318;26854;12329;5684;95697;25512;2003;55.0
56;Morbihan;166641;181977;101869;58072;671846;163287;81154;91564;55771;37585;344920;78846;85487;90413;46098;20487;326926;84441;2003;56.0
57;Moselle;285216;284398;137727;64862;1031421;259218;140672;142201;73450;42376;525047;126348;144544;142197;64277;22486;506374;132870;2003;57.0
58;Nièvre;49146;62271;38954;25800;223605;47434;24243;31255;20922;16367;115964;23177;24903;31016;18032;9433;107641;24257;2003;58.0
59;Nord;733976;654214;282437;160110;2559871;729134;368831;333447;159335;106575;1324267;356079;365145;320767;123102;53535;1235604;373055;2003;59.0
60;Oise;217267;216542;82819;43712;781462;221122;108349;107571;44017;28070;395598;107591;108918;108971;38802;15642;385864;113531;2003;60.0
61;Orne;69983;78895;44584;27731;293158;71965;34313;39252;23771;17636;149889;34917;35670;39643;20813;10095;143269;37048;2003;61.0
62;Pas-de-Calais;387638;381118;173484;102198;1448757;404319;193383;191701;98637;68143;749045;197181;194255;189417;74847;34055;699712;207138;2003;62.0
63;Puy-de-Dôme;166598;173134;84759;50827;614688;139370;82987;87131;45886;33012;317233;68217;83611;86003;38873;17815;297455;71153;2003;63.0
64;Pyrénées-Atlantiques;155362;169962;95139;60334;620208;139411;76894;86979;51292;38818;321726;67743;78468;82983;43847;21516;298482;71668;2003;64.0
65;Hautes-Pyrénées;51820;64102;37698;24319;225411;47472;25654;32516;20213;15520;116839;22936;26166;31586;17485;8799;108572;24536;2003;65.0
66;Pyrénées-Orientales;98029;108273;69868;44307;413956;93479;50251;56593;37596;27364;217650;45846;47778;51680;32272;16943;196306;47633;2003;66.0
67;Bas-Rhin;312644;282832;128541;64828;1055890;267045;156518;140812;68824;44149;541394;131091;156126;142020;59717;20679;514496;135954;2003;67.0
68;Haut-Rhin;199933;199154;93713;45977;723685;184908;99012;98635;49632;30737;368464;90448;100921;100519;44081;15240;355221;94460;2003;68.0
69;Rhône;487209;413278;192478;109352;1628151;425834;247890;212926;103964;71965;846646;209901;239319;200352;88514;37387;781505;215933;2003;69.0
70;Haute-Saône;58392;64842;32392;19354;233209;58229;28561;31974;16900;12250;117831;28146;29831;32868;15492;7104;115378;30083;2003;70.0
71;Saône-et-Loire;129146;152256;85249;55277;547532;125604;63739;76223;45932;34779;281488;60815;65407;76033;39317;20498;266044;64789;2003;71.0
72;Sarthe;140770;143100;74182;47193;543037;137792;69393;71693;39968;29321;277719;67344;71377;71407;34214;17872;265318;70448;2003;72.0
73;Savoie;105706;106857;50695;28949;389544;97337;52188;53305;27154;18768;198208;46793;53518;53552;23541;10181;191336;50544;2003;73.0
74;Haute-Savoie;189470;185809;76352;39672;667160;175857;93712;93495;40634;25429;338131;84861;95758;92314;35718;14243;329029;90996;2003;74.0
75;Paris;775126;559029;238077;160807;2154521;421482;398145;292511;133528;107301;1140684;209199;376981;266518;104549;53506;1013837;212283;2003;75.0
76;Seine-Maritime;337704;332321;151106;89892;1242102;331079;170129;169361;83692;58303;644010;162525;167575;162960;67414;31589;598092;168554;2003;76.0
77;Seine-et-Marne;355631;345591;115289;59711;1237515;361293;180230;173322;60627;38914;629972;176879;175401;172269;54662;20797;607543;184414;2003;77.0
78;Yvelines;387169;385860;146114;70589;1377260;387528;194594;196897;76584;45397;702303;188831;192575;188963;69530;25192;674957;198697;2003;78.0
79;Deux-Sèvres;87017;96115;52101;34535;352970;83202;42853;47969;27175;20711;178919;40211;44164;48146;24926;13824;174051;42991;2003;79.0
80;Somme;155418;147868;69365;42351;560966;145964;77938;74446;38036;26818;288765;71527;77480;73422;31329;15533;272201;74437;2003;80.0
81;Tarn;82380;97123;57540;38816;355243;79384;41168;49367;30708;23913;183777;38621;41212;47756;26832;14903;171466;40763;2003;81.0
82;Tarn-et-Garonne;52562;59377;32666;21289;217292;51398;26173;29657;17266;13108;111268;25064;26389;29720;15400;8181;106024;26334;2003;82.0
83;Var;223518;255462;155572;92700;946272;219020;112345;132203;82697;57517;491652;106890;111173;123259;72875;35183;454620;112130;2003;83.0
84;Vaucluse;131128;140586;72244;41811;518320;132551;66366;72126;38572;26307;267838;64467;64762;68460;33672;15504;250482;68084;2003;84.0
85;Vendée;142263;152566;87669;51162;570651;136991;69280;76118;46300;32050;290570;66822;72983;76448;41369;19112;280081;70169;2003;85.0
86;Vienne;112071;107470;56141;37193;409731;96856;56687;54017;29469;22941;210979;47865;55384;53453;26672;14252;198752;48991;2003;86.0
87;Haute-Vienne;92427;99563;54755;38176;360749;75828;46620;50387;29411;24134;187646;37094;45807;49176;25344;14042;173103;38734;2003;87.0
88;Vosges;94993;104771;53612;32055;380639;95208;46445;52297;29221;21191;195285;46131;48548;52474;24391;10864;185354;49077;2003;88.0
89;Yonne;80766;91953;49393;33290;337029;81627;39980;45879;26300;20777;172800;39864;40786;46074;23093;12513;164229;41763;2003;89.0
90;Territoire de Belfort;39235;37607;17203;9738;139550;35767;18480;18807;9321;6400;70264;17256;20755;18800;7882;3338;69286;18511;2003;90.0
91;Essonne;340363;321759;122449;57256;1169540;327713;170074;162787;64520;37314;595198;160503;170289;158972;57929;19942;574342;167210;2003;91.0
92;Hauts-de-Seine;479197;384062;157655;98445;1488605;369246;245331;199753;86654;64924;778158;181496;233866;184309;71001;33521;710447;187750;2003;92.0
93;Seine-Saint-Denis;442888;376521;137957;66804;1442929;418759;226086;189096;72677;43677;737408;205872;216802;187425;65280;23127;705521;212887;2003;93.0
94;Val-de-Marne;387536;338967;135318;77782;1266690;327087;197645;173304;74247;51100;656846;160550;189891;165663;61071;26682;609844;166537;2003;94.0
95;Val-d'Oise;327771;312731;104858;52206;1133014;335448;167718;159063;55676;34499;580981;164025;160053;153668;49182;17707;552033;171423;2003;95.0
971;Guadeloupe;110318;99649;39550;20537;394881;124827;59440;53203;21639;12383;207730;61065;50878;46446;17911;8154;187151;63762;2003;971.0
972;Martinique;107397;101527;44169;21964;391676;116619;57933;54406;24051;13623;207941;57928;49464;47121;20118;8341;183735;58691;2003;972.0
973;Guyane;55435;36028;7497;3041;184792;82791;28828;17333;3654;1784;92519;40920;26607;18695;3843;1257;92273;41871;2003;973.0
974;La Réunion;231657;168327;56076;21675;750840;273105;120167;86162;30167;13774;384466;134196;111490;82165;25909;7901;366374;138909;2003;974.0
2B;Haute-Corse;39079;40640;22900;13032;148431;32780;19663;20090;11860;8301;75830;15916;19416;20550;11040;4731;72601;16864;2002;
2A;Corse-du-Sud;31155;34891;20156;10996;125662;28464;16055;17535;10580;6984;64815;13661;15100;17356;9576;4012;60847;14803;2002;
01;Ain;145248;146194;62718;34816;535616;146640;71896;72296;32544;22019;270311;71556;73352;73898;30174;12797;265305;75084;2002;1.0
02;Aisne;138617;143369;69349;39614;536784;145835;68782;71213;37942;25425;274942;71580;69835;72156;31407;14189;261842;74255;2002;2.0
03;Allier;80217;94450;58224;38588;344355;72876;39644;47695;31858;24309;179020;35514;40573;46755;26366;14279;165335;37362;2002;3.0
04;Alpes-de-Haute-Provence;33536;40312;23687;13781;145750;34434;16952;20207;12323;8472;74647;16693;16584;20105;11364;5309;71103;17741;2002;4.0
05;Hautes-Alpes;30821;34593;18193;11168;125287;30512;15361;17240;9531;6892;63861;14837;15460;17353;8662;4276;61426;15675;2002;5.0
06;Alpes-Maritimes;258535;271996;163015;113269;1035271;228456;133299;142317;89415;72786;549127;111310;125236;129679;73600;40483;486144;117146;2002;6.0
07;Ardèche;70727;80333;45377;27953;293922;69532;34903;39889;23870;17599;149997;33736;35824;40444;21507;10354;143925;35796;2002;7.0
08;Ardennes;75282;76507;39230;20594;288520;76907;37038;37910;21308;13324;147001;37421;38244;38597;17922;7270;141519;39486;2002;8.0
09;Ariège;31910;38731;23662;15941;140681;30437;15794;19108;12459;9726;71768;14681;16116;19623;11203;6215;68913;15756;2002;9.0
10;Aube;77082;79478;39798;24230;295419;74831;38226;39710;21601;15461;151679;36681;38856;39768;18197;8769;143740;38150;2002;10.0
11;Aude;75956;86233;53232;34077;321972;72474;37911;43861;28259;20723;166184;35430;38045;42372;24973;13354;155788;37044;2002;11.0
12;Aveyron;61762;71448;47178;31231;267766;56147;29883;35143;24863;19332;136342;27121;31879;36305;22315;11899;131424;29026;2002;12.0
13;Bouches-du-Rhône;514714;502316;246704;144258;1876310;468318;263911;259799;133095;92218;977500;228477;250803;242517;113609;52040;898810;239841;2002;13.0
14;Calvados;180520;173396;84001;47723;658189;172549;90700;87965;46623;31091;341722;85343;89820;85431;37378;16632;316467;87206;2002;14.0
15;Cantal;35497;41727;25922;16573;150181;30462;17317;20347;13808;10365;76674;14837;18180;21380;12114;6208;73507;15625;2002;15.0
16;Charente;82942;94904;53465;33954;343012;77747;41266;47828;28318;21396;176690;37882;41676;47076;25147;12558;166322;39865;2002;16.0
17;Charente-Maritime;135663;155569;95081;58620;573817;128884;67590;79520;50873;36162;296853;62708;68073;76049;44208;22458;276964;66176;2002;17.0
18;Cher;75714;86767;49498;30050;314887;72858;37494;43186;26268;19008;161536;35580;38220;43581;23230;11042;153351;37278;2002;18.0
19;Corrèze;54390;64536;41146;28321;235775;47382;26172;32138;22281;17846;121231;22794;28218;32398;18865;10475;114544;24588;2002;19.0
21;Côte-d'Or;144366;136277;64014;38857;511197;127683;73371;68703;34404;24917;264394;62999;70995;67574;29610;13940;246803;64684;2002;21.0
22;Côtes-d'Armor;128691;147567;92596;55003;553556;129699;62871;73725;50683;35701;286118;63138;65820;73842;41913;19302;267438;66561;2002;22.0
23;Creuse;26276;33345;23684;17089;123953;23559;12700;16249;12575;10561;63505;11420;13576;17096;11109;6528;60448;12139;2002;23.0
24;Dordogne;87190;109029;70740;45883;394747;81905;43581;55133;37317;28538;204551;39982;43609;53896;33423;17345;190196;41923;2002;24.0
25;Doubs;144212;133078;63404;32790;506241;132757;71418;66959;34089;20952;258275;64857;72794;66119;29315;11838;247966;67900;2002;25.0
26;Drôme;113382;121595;62807;36077;450214;116353;56822;61713;33416;22642;231057;56464;56560;59882;29391;13435;219157;59889;2002;26.0
27;Eure;146123;151118;66165;35989;552211;152816;72931;75333;35263;22983;281237;74727;73192;75785;30902;13006;270974;78089;2002;27.0
28;Eure-et-Loir;107738;111688;51635;31394;413125;110670;53302;55562;27266;19350;209626;54146;54436;56126;24369;12044;203499;56524;2002;28.0
29;Finistère;222327;227343;128604;77083;865006;209649;107719;113141;72053;51150;446198;102135;114608;114202;56551;25933;418808;107514;2002;29.0
30;Gard;160410;177998;93627;54515;646976;160426;81121;90656;49809;34024;334198;78588;79289;87342;43818;20491;312778;81838;2002;30.0
31;Haute-Garonne;347598;287191;126138;74541;1102414;266946;174254;146383;67732;47145;566379;130865;173344;140808;58406;27396;536035;136081;2002;31.0
32;Gers;38413;49119;31553;20519;176049;36445;18945;24550;16274;12282;89803;17752;19468;24569;15279;8237;86246;18693;2002;32.0
33;Gironde;379542;359538;166651;104856;1330095;319508;192992;184523;90535;68079;693072;156943;186550;175015;76116;36777;637023;162565;2002;33.0
34;Hérault;259290;242606;130406;78331;936987;226354;134038;126585;69875;48756;490075;110821;125252;116021;60531;29575;446912;115533;2002;34.0
35;Ille-et-Vilaine;265985;225454;109295;61903;898909;236272;132331;113795;59055;40337;461220;115702;133654;111659;50240;21566;437689;120570;2002;35.0
36;Indre;54387;62687;39825;25786;231866;49181;26604;30984;21238;16060;119019;24133;27783;31703;18587;9726;112847;25048;2002;36.0
37;Indre-et-Loire;153323;149281;75409;47540;564886;139333;78140;76014;40531;29922;293066;68459;75183;73267;34878;17618;271820;70874;2002;37.0
38;Isère;324375;295951;133497;69367;1124185;300995;160616;149005;70847;44247;570995;146280;163759;146946;62650;25120;553190;154715;2002;38.0
39;Jura;63421;67822;36416;22675;253875;63541;31271;33683;19346;14283;129402;30819;32150;34139;17070;8392;124473;32722;2002;39.0
40;Landes;81692;94205;56219;33416;341456;75924;40090;47582;29884;21184;175395;36655;41602;46623;26335;12232;166061;39269;2002;40.0
41;Loir-et-Cher;77785;84896;49499;31820;319144;75144;38492;42400;26424;19457;163564;36791;39293;42496;23075;12363;155580;38353;2002;41.0
42;Loire;188666;194092;105464;63065;734267;182980;93905;98379;57725;40876;380161;89276;94761;95713;47739;22189;354106;93704;2002;42.0
43;Haute-Loire;52105;57257;33534;20026;213246;50324;25356;27812;17956;12938;108389;24327;26749;29445;15578;7088;104857;25997;2002;43.0
44;Loire-Atlantique;329687;309733;143753;81131;1174492;310188;164129;157166;79346;53168;605610;151801;165558;152567;64407;27963;568882;158387;2002;44.0
45;Loiret;170266;167014;79841;48309;629070;163640;85185;83885;42364;30018;321289;79837;85081;83129;37477;18291;307781;83803;2002;45.0
46;Lot;35791;44984;29983;19215;164076;34103;17759;22471;15691;11852;84355;16582;18032;22513;14292;7363;79721;17521;2002;46.0
47;Lot-et-Garonne;72072;84620;52114;33208;311984;69970;36097;43138;27576;20573;161498;34114;35975;41482;24538;12635;150486;35856;2002;47.0
48;Lozère;18511;20253;11757;7908;74857;16428;8888;9672;6010;4795;37226;7861;9623;10581;5747;3113;37631;8567;2002;48.0
49;Maine-et-Loire;205851;189624;92508;57223;747089;201883;102844;95629;50150;36159;383919;99137;103007;93995;42358;21064;363170;102746;2002;49.0
50;Manche;119359;126204;74870;43415;486544;122696;58513;62115;40480;27828;248962;60026;60846;64089;34390;15587;237582;62670;2002;50.0
51;Marne;164089;150085;66237;38409;565782;146962;81541;75965;36111;25055;290396;71724;82548;74120;30126;13354;275386;75238;2002;51.0
52;Haute-Marne;47545;51895;28265;16614;191914;47595;23151;25565;15208;10527;97493;23042;24394;26330;13057;6087;94421;24553;2002;52.0
53;Mayenne;75308;74162;40609;24868;291126;76179;36507;36843;21716;15706;147698;36926;38801;37319;18893;9162;143428;39253;2002;53.0
54;Meurthe-et-Moselle;205699;187698;92708;49151;719199;183943;102503;95014;50886;32352;370521;89766;103196;92684;41822;16799;348678;94177;2002;54.0
55;Meuse;49235;51489;27235;15699;193312;49654;23715;25213;14598;10180;97655;23949;25520;26276;12637;5519;95657;25705;2002;55.0
56;Morbihan;166365;176666;102231;55980;664294;163052;80999;88783;56018;36409;341005;78796;85366;87883;46213;19571;323289;84256;2002;56.0
57;Moselle;287268;279555;138358;62311;1029636;262144;141572;139649;73966;40805;523886;127894;145696;139906;64392;21506;505750;134250;2002;57.0
58;Nièvre;49910;61467;39572;25157;224139;48033;24581;30786;21327;16008;116125;23423;25329;30681;18245;9149;108014;24610;2002;58.0
59;Nord;737249;643109;288037;155195;2558213;734623;370432;326819;162833;103660;1322627;358883;366817;316290;125204;51535;1235586;375740;2002;59.0
60;Oise;217793;212607;82583;42511;777612;222118;108498;105354;44042;27241;393096;107961;109295;107253;38541;15270;384516;114157;2002;60.0
61;Orne;70715;77555;45158;26803;293068;72837;34606;38559;24127;17084;149737;35361;36109;38996;21031;9719;143331;37476;2002;61.0
62;Pas-de-Calais;388861;373530;177682;98707;1447364;408584;193543;187667;101143;66104;747847;199390;195318;185863;76539;32603;699517;209194;2002;62.0
63;Puy-de-Dôme;167395;170970;85107;49163;612018;139383;83399;85968;46255;31929;315726;68175;83996;85002;38852;17234;296292;71208;2002;63.0
64;Pyrénées-Atlantiques;155907;166058;95318;58588;614850;138979;77311;84917;51498;37771;318960;67463;78596;81141;43820;20817;295890;71516;2002;64.0
65;Hautes-Pyrénées;52405;63088;37957;23631;224657;47576;25914;31925;20446;15058;116376;23033;26491;31163;17511;8573;108281;24543;2002;65.0
66;Pyrénées-Orientales;97595;105272;69755;43190;407931;92119;49892;54937;37563;26702;214249;45155;47703;50335;32192;16488;193682;46964;2002;66.0
67;Bas-Rhin;313814;277534;127586;62778;1048305;266593;157108;137831;68569;43050;537381;130823;156706;139703;59017;19728;510924;135770;2002;67.0
68;Haut-Rhin;200585;196012;93215;44343;719749;185594;99297;96853;49612;29875;366409;90772;101288;99159;43603;14468;353340;94822;2002;68.0
69;Rhône;485671;408345;191631;106035;1615116;423434;247137;210088;104135;69759;839527;208408;238534;198257;87496;36276;775589;215026;2002;69.0
70;Haute-Saône;58538;63764;32562;18827;232305;58614;28588;31368;17110;11939;117305;28300;29950;32396;15452;6888;115000;30314;2002;70.0
71;Saône-et-Loire;130459;149862;86127;53788;547138;126902;64216;74916;46489;33984;281086;61481;66243;74946;39638;19804;266052;65421;2002;71.0
72;Sarthe;141224;140292;74689;45927;539720;137588;69576;70296;40147;28667;275922;67236;71648;69996;34542;17260;263798;70352;2002;72.0
73;Savoie;105612;104622;50282;27860;385099;96723;52206;52117;26893;18184;195963;46563;53406;52505;23389;9676;189136;50160;2002;73.0
74;Haute-Savoie;188356;181605;74820;38324;657725;174620;93122;91184;39936;24603;333325;84480;95234;90421;34884;13721;324400;90140;2002;74.0
75;Paris;774937;556427;237629;159930;2145472;416549;398501;290942;133706;107080;1136823;206594;376436;265485;103923;52850;1008649;209955;2002;75.0
76;Seine-Maritime;340057;327578;152363;87289;1241888;334601;171321;166331;84432;56941;643185;164160;168736;161247;67931;30348;598703;170441;2002;76.0
77;Seine-et-Marne;354155;338990;113866;58335;1225780;360434;179299;169503;60146;38039;623419;176432;174856;169487;53720;20296;602361;184002;2002;77.0
78;Yvelines;388551;382279;144083;68198;1371107;387996;195403;194427;75743;44187;698876;189116;193148;187852;68340;24011;672231;198880;2002;78.0
79;Deux-Sèvres;87198;94067;52559;33530;350799;83445;42816;46922;27470;20161;177747;40378;44382;47145;25089;13369;173052;43067;2002;79.0
80;Somme;156451;145361;70210;41191;559920;146707;78378;73070;38570;26094;287964;71852;78073;72291;31640;15097;271956;74855;2002;80.0
81;Tarn;82264;95179;57948;37657;352122;79074;41095;48306;30925;23179;181928;38423;41169;46873;27023;14478;170194;40651;2002;81.0
82;Tarn-et-Garonne;52305;57724;32752;20744;214215;50690;26046;28817;17372;12684;109625;24706;26259;28907;15380;8060;104590;25984;2002;82.0
83;Var;222638;249885;153585;89757;933602;217737;111867;129213;81563;55881;484783;106259;110771;120672;72022;33876;448819;111478;2002;83.0
84;Vaucluse;131200;138095;71340;40579;513276;132062;66517;70557;38196;25582;265075;64223;64683;67538;33144;14997;248201;67839;2002;84.0
85;Vendée;141332;147803;87432;49265;562222;136390;68773;73651;46277;30857;286052;66494;72559;74152;41155;18408;276170;69896;2002;85.0
86;Vienne;112717;105567;56328;36120;406832;96100;57042;53024;29680;22319;209454;47389;55675;52543;26648;13801;197378;48711;2002;86.0
87;Haute-Vienne;93020;98080;55316;37450;358988;75122;47004;49626;29749;23711;186730;36640;46016;48454;25567;13739;172258;38482;2002;87.0
88;Vosges;95819;103036;54334;31224;380879;96466;46733;51351;29698;20727;195366;46857;49086;51685;24636;10497;185513;49609;2002;88.0
89;Yonne;81124;90277;49969;32331;335963;82262;39990;44941;26594;20271;171961;40165;41134;45336;23375;12060;164002;42097;2002;89.0
90;Territoire de Belfort;39290;37105;17333;9410;139034;35896;18520;18509;9401;6193;69975;17352;20770;18596;7932;3217;69059;18544;2002;90.0
91;Essonne;340575;317794;120858;55325;1160665;326113;170167;160422;63709;36169;590251;159784;170408;157372;57149;19156;570414;166329;2002;91.0
92;Hauts-de-Seine;476636;377918;158274;95756;1473080;364496;243904;196045;87294;63366;769869;179260;232732;181873;70980;32390;703211;185236;2002;92.0
93;Seine-Saint-Denis;439638;369923;138165;65051;1427204;414427;224539;184951;73331;42625;729109;203663;215099;184972;64834;22426;698095;210764;2002;93.0
94;Val-de-Marne;387075;333774;135598;75572;1256515;324496;197303;170095;74763;49825;651393;159407;189772;163679;60835;25747;605122;165089;2002;94.0
95;Val-d'Oise;327875;307772;104379;50447;1125740;335267;167612;155853;55677;33419;576707;164146;160263;151919;48702;17028;549033;171121;2002;95.0
971;Guadeloupe;113075;95994;38679;19665;393024;125611;60446;51107;21180;11856;206197;61608;52629;44887;17499;7809;186827;64003;2002;971.0
972;Martinique;109998;97552;43404;21333;389302;117015;59058;52198;23648;13170;206153;58079;50940;45354;19756;8163;183149;58936;2002;972.0
973;Guyane;53199;34062;7143;2886;176638;79348;27572;16338;3496;1687;88266;39173;25627;17724;3647;1199;88372;40175;2002;973.0
974;La Réunion;232868;161116;54021;20647;740207;271555;120372;82078;29128;13224;378226;133424;112496;79038;24893;7423;361981;138131;2002;974.0
2A;Corse-du-Sud;30675;33796;19746;10497;123185;28471;15805;16972;10364;6731;63544;13672;14870;16824;9382;3766;59641;14799;2001;
2B;Haute-Corse;38789;39354;22757;12554;146088;32634;19513;19335;11826;8014;74532;15844;19276;20019;10931;4540;71556;16790;2001;
01;Ain;144025;142275;62270;33769;528195;145856;71228;70199;32386;21433;266453;71207;72797;72076;29884;12336;261742;74649;2001;1.0
02;Aisne;139639;139882;71521;38107;536626;147477;69162;69375;39100;24588;274550;72325;70477;70507;32421;13519;262076;75152;2001;2.0
03;Allier;81293;92804;59461;37633;344551;73360;40120;46842;32556;23825;179128;35785;41173;45962;26905;13808;165423;37575;2001;3.0
04;Alpes-de-Haute-Provence;33588;39043;23526;13281;143574;34136;16942;19528;12242;8137;73426;16577;16646;19515;11284;5144;70148;17559;2001;4.0
05;Hautes-Alpes;30909;33639;18124;10822;123873;30379;15403;16752;9501;6658;63106;14792;15506;16887;8623;4164;60767;15587;2001;5.0
06;Alpes-Maritimes;258351;267308;163079;111310;1026455;226407;133409;139695;89726;71605;544634;110199;124942;127613;73353;39705;481821;116208;2001;6.0
07;Ardèche;70794;78373;45423;27165;291079;69324;34914;38892;23870;17179;148428;33573;35880;39481;21553;9986;142651;35751;2001;7.0
08;Ardennes;76017;74817;40225;19876;289041;78106;37346;36971;21868;12902;147081;37994;38671;37846;18357;6974;141960;40112;2001;8.0
09;Ariège;31967;37566;24037;15516;139388;30302;15795;18519;12711;9450;71116;14641;16172;19047;11326;6066;68272;15661;2001;9.0
10;Aube;77517;77819;40303;23418;294310;75253;38259;38928;21922;14959;150985;36917;39258;38891;18381;8459;143325;38336;2001;10.0
11;Aude;75452;83536;53469;33323;317549;71769;37535;42381;28457;20332;163788;35083;37917;41155;25012;12991;153761;36686;2001;11.0
12;Aveyron;61914;69853;47789;30452;266369;56361;29779;34397;25195;18853;135493;27269;32135;35456;22594;11599;130876;29092;2001;12.0
13;Bouches-du-Rhône;515917;493981;246375;139542;1860948;465133;264047;254956;133072;89186;968261;227000;251870;239025;113303;50356;892687;238133;2001;13.0
14;Calvados;182289;169180;84556;45873;654684;172786;91668;85686;46922;30032;339551;85243;90621;83494;37634;15841;315133;87543;2001;14.0
15;Cantal;35960;40845;26529;16201;150457;30922;17452;19870;14128;10131;76663;15082;18508;20975;12401;6070;73794;15840;2001;15.0
16;Charente;83560;92963;54031;33120;341959;78285;41442;46871;28624;20881;175952;38134;42118;46092;25407;12239;166007;40151;2001;16.0
17;Charente-Maritime;135443;151269;95764;56643;567617;128498;67424;77240;51228;34979;293407;62536;68019;74029;44536;21664;274210;65962;2001;17.0
18;Cher;76698;85071;50190;29398;314636;73279;37951;42198;26720;18643;161298;35786;38747;42873;23470;10755;153338;37493;2001;18.0
19;Corrèze;54654;63102;41820;27545;234567;47446;26299;31427;22624;17418;120700;22932;28355;31675;19196;10127;113867;24514;2001;19.0
21;Côte-d'Or;146223;133417;64646;37856;509714;127572;74459;67064;34877;24298;263608;62910;71764;66353;29769;13558;246106;64662;2001;21.0
22;Côtes-d'Armor;128656;143574;94201;53060;549503;130012;62699;71632;51656;34566;284011;63458;65957;71942;42545;18494;265492;66554;2001;22.0
23;Creuse;26628;32563;24404;16792;124095;23708;12801;15826;13002;10420;63552;11503;13827;16737;11402;6372;60543;12205;2001;23.0
24;Dordogne;87768;106271;71651;44697;392493;82106;43799;53668;37917;27794;203181;40003;43969;52603;33734;16903;189312;42103;2001;24.0
25;Doubs;144708;130352;63941;31659;503929;133269;71849;65431;34318;20340;257038;65100;72859;64921;29623;11319;246891;68169;2001;25.0
26;Drôme;113195;118961;62412;35052;445862;116242;56627;60186;33242;22017;228542;56470;56568;58775;29170;13035;217320;59772;2001;26.0
27;Eure;146282;147482;66657;34852;548502;153229;72865;73375;35631;22301;279035;74863;73417;74107;31026;12551;269467;78366;2001;27.0
28;Eure-et-Loir;107729;109499;52223;30421;411292;111420;53291;54314;27619;18799;208546;54523;54438;55185;24604;11622;202746;56897;2001;28.0
29;Finistère;223662;220946;131258;74765;860540;209909;108181;109877;73571;49744;443566;102193;115481;111069;57687;25021;416974;107716;2001;29.0
30;Gard;159877;173188;93514;52668;638166;158919;80585;88144;49871;32829;329235;77806;79292;85044;43643;19839;308931;81113;2001;30.0
31;Haute-Garonne;345252;278458;125670;72478;1082140;260282;173408;141906;67639;45832;556233;127448;171844;136552;58031;26646;525907;132834;2001;31.0
32;Gers;38682;47774;31992;19948;174681;36285;19047;23836;16498;11952;89008;17675;19635;23938;15494;7996;85673;18610;2001;32.0
33;Gironde;378587;350176;167738;101975;1314667;316191;192687;179492;91245;66245;684755;155086;185900;170684;76493;35730;629912;161105;2001;33.0
34;Hérault;258276;235720;129788;75711;921521;222026;133722;122615;69639;47282;481849;108591;124554;113105;60149;28429;439672;113435;2001;34.0
35;Ille-et-Vilaine;265003;218779;110337;59975;887423;233329;132176;110300;59711;39219;455457;114051;132827;108479;50626;20756;431966;119278;2001;35.0
36;Indre;54961;61532;40500;25258;231681;49430;26835;30355;21603;15810;118819;24216;28126;31177;18897;9448;112862;25214;2001;36.0
37;Indre-et-Loire;154513;145926;75887;46232;561151;138593;78858;74118;40770;29113;290962;68103;75655;71808;35117;17119;270189;70490;2001;37.0
38;Isère;324137;290415;132868;67051;1113017;298546;160492;145926;70718;42864;565168;145168;163645;144489;62150;24187;547849;153378;2001;38.0
39;Jura;63872;66297;36812;21941;252840;63918;31496;32853;19637;13804;128793;31003;32376;33444;17175;8137;124047;32915;2001;39.0
40;Landes;81346;91056;56508;32276;336470;75284;39817;46024;30068;20479;172751;36363;41529;45032;26440;11797;163719;38921;2001;40.0
41;Loir-et-Cher;78012;83051;50228;30956;317783;75536;38457;41486;26695;19025;162665;37002;39555;41565;23533;11931;155118;38534;2001;41.0
42;Loire;189529;191323;106597;61171;732528;183908;94186;96861;58588;39734;379274;89905;95343;94462;48009;21437;353254;94003;2001;42.0
43;Haute-Loire;52125;55816;33932;19438;211774;50463;25333;27060;18272;12501;107617;24451;26792;28756;15660;6937;104157;26012;2001;43.0
44;Loire-Atlantique;328313;300876;144746;78224;1160239;308080;163479;152536;80079;51375;598299;150830;164834;148340;64667;26849;561940;157250;2001;44.0
45;Loiret;170520;163557;80700;46810;625235;163648;85230;82064;42889;29177;319260;79900;85290;81493;37811;17633;305975;83748;2001;45.0
46;Lot;35997;43690;30270;18684;162680;34039;17760;21901;15827;11534;83549;16527;18237;21789;14443;7150;79131;17512;2001;46.0
47;Lot-et-Garonne;71986;82905;52483;32138;309679;70167;36087;42218;27772;19906;160191;34208;35899;40687;24711;12232;149488;35959;2001;47.0
48;Lozère;18524;19732;11913;7701;74348;16478;8867;9388;6102;4677;36954;7920;9657;10344;5811;3024;37394;8558;2001;48.0
49;Maine-et-Loire;206295;184587;93653;55367;742072;202170;103080;92962;50854;35092;381207;99219;103215;91625;42799;20275;360865;102951;2001;49.0
50;Manche;120339;122604;76205;41733;484848;123967;58850;60310;41352;26872;247826;60442;61489;62294;34853;14861;237022;63525;2001;50.0
51;Marne;166002;147122;67369;37240;565535;147802;82609;74321;36726;24377;290183;72150;83393;72801;30643;12863;275352;75652;2001;51.0
52;Haute-Marne;48295;50907;28884;16138;192992;48768;23501;25085;15561;10243;97973;23583;24794;25822;13323;5895;95019;25185;2001;52.0
53;Mayenne;75340;72058;41165;24180;289124;76381;36387;35816;21998;15365;146596;37030;38953;36242;19167;8815;142528;39351;2001;53.0
54;Meurthe-et-Moselle;207683;183313;94662;47437;717358;184263;103718;92719;51953;31384;369574;89800;103965;90594;42709;16053;347784;94463;2001;54.0
55;Meuse;49430;50135;28067;15209;193019;50178;23839;24543;15076;9824;97548;24266;25591;25592;12991;5385;95471;25912;2001;55.0
56;Morbihan;165911;170649;103305;53890;656858;163103;80606;85738;56645;35175;337145;78981;85305;84911;46660;18715;319713;84122;2001;56.0
57;Moselle;289619;273409;139559;59562;1027458;265309;142575;136587;74613;39242;522475;129458;147044;136822;64946;20320;504983;135851;2001;57.0
58;Nièvre;50696;60326;40302;24477;224569;48768;24895;30178;21725;15607;116204;23799;25801;30148;18577;8870;108365;24969;2001;58.0
59;Nord;741239;627028;297280;149615;2555959;740797;372314;317864;168024;100422;1320702;362078;368925;309164;129256;49193;1235257;378719;2001;59.0
60;Oise;218084;207881;83297;41192;773713;223259;108421;102669;44479;26465;390668;108634;109663;105212;38818;14727;383045;114625;2001;60.0
61;Orne;71328;76017;45878;25890;292868;73755;34871;37730;24548;16618;149570;35803;36457;38287;21330;9272;143298;37952;2001;61.0
62;Pas-de-Calais;390763;362873;183981;95007;1445183;412559;194182;182083;104701;63965;746335;201404;196581;180790;79280;31042;698848;211155;2001;62.0
63;Puy-de-Dôme;168694;167860;86016;47497;609162;139095;84244;84197;46895;30833;314140;67971;84450;83663;39121;16664;295022;71124;2001;63.0
64;Pyrénées-Atlantiques;155980;161866;95863;56917;609605;138979;77523;82660;51839;36706;316190;67462;78457;79206;44024;20211;293415;71517;2001;64.0
65;Hautes-Pyrénées;53171;61923;38184;23041;223930;47611;26295;31274;20630;14655;115946;23092;26876;30649;17554;8386;107984;24519;2001;65.0
66;Pyrénées-Orientales;97073;102119;70078;41930;402045;90845;49599;53169;37794;25889;210959;44508;47474;48950;32284;16041;191086;46337;2001;66.0
67;Bas-Rhin;315391;271638;126913;60899;1040521;265680;157737;134739;68484;41981;533277;130336;157654;136899;58429;18918;507244;135344;2001;67.0
68;Haut-Rhin;201515;192145;93247;42614;715557;186036;99772;94699;49964;28875;364302;90992;101743;97446;43283;13739;351255;95044;2001;68.0
69;Rhône;485195;401872;191656;102310;1601972;420939;247226;206337;104528;67429;832518;206998;237969;195535;87128;34881;769454;213941;2001;69.0
70;Haute-Saône;58698;62233;33100;18316;231413;59066;28579;30554;17484;11628;116826;28581;30119;31679;15616;6688;114587;30485;2001;70.0
71;Saône-et-Loire;131573;146979;87436;52156;546312;128168;64500;73410;47240;33069;280483;62264;67073;73569;40196;19087;265829;65904;2001;71.0
72;Sarthe;141804;137007;75486;44596;536156;137263;69766;68624;40548;27973;274085;67174;72038;68383;34938;16623;262071;70089;2001;72.0
73;Savoie;105714;101919;50252;26824;380731;96022;52340;50715;26986;17481;193766;46244;53374;51204;23266;9343;186965;49778;2001;73.0
74;Haute-Savoie;186989;177017;73653;37113;648493;173721;92474;88690;39316;23910;328558;84168;94515;88327;34337;13203;319935;89553;2001;74.0
75;Paris;774605;552188;240084;158908;2137442;411657;398568;288503;135713;106649;1133465;204032;376037;263685;104371;52259;1003977;207625;2001;75.0
76;Seine-Maritime;343643;321149;154583;84543;1240904;336986;173132;162533;85661;55465;641977;165186;170511;158616;68922;29078;598927;171800;2001;76.0
77;Seine-et-Marne;352634;331421;113387;57023;1214294;359829;178509;165239;60030;37202;616932;175952;174125;166182;53357;19821;597362;183877;2001;77.0
78;Yvelines;389731;377164;143438;65788;1365015;388894;196063;191312;75494;42908;695631;189854;193668;185852;67944;22880;669384;199040;2001;78.0
79;Deux-Sèvres;87096;91779;53445;32378;348599;83901;42632;45709;28029;19580;176563;40613;44464;46070;25416;12798;172036;43288;2001;79.0
80;Somme;157775;141900;71813;39838;558420;147094;78866;71230;39402;25306;286870;72066;78909;70670;32411;14532;271550;75028;2001;80.0
81;Tarn;82305;92824;58626;36303;348900;78842;41009;47107;31254;22338;179979;38271;41296;45717;27372;13965;168921;40571;2001;81.0
82;Tarn-et-Garonne;51904;56046;32964;20155;211134;50065;25803;27982;17507;12327;107983;24364;26101;28064;15457;7828;103151;25701;2001;82.0
83;Var;221849;243463;152714;86621;921032;216385;111531;125588;81190;54017;478018;105692;110318;117875;71524;32604;443014;110693;2001;83.0
84;Vaucluse;131191;135148;71155;39237;508497;131766;66449;68946;38091;24819;262411;64106;64742;66202;33064;14418;246086;67660;2001;84.0
85;Vendée;140208;142628;87673;47362;554088;136217;68079;70974;46510;29663;281751;66525;72129;71654;41163;17699;272337;69692;2001;85.0
86;Vienne;113794;102900;56812;35257;403958;95195;57634;51693;30012;21786;207972;46847;56160;51207;26800;13471;195986;48348;2001;86.0
87;Haute-Vienne;93648;96019;56208;36602;357134;74657;47369;48601;30293;23166;185815;36386;46279;47418;25915;13436;171319;38271;2001;87.0
88;Vosges;96745;100267;55765;30301;380956;97878;47140;49886;30499;20198;195315;47592;49605;50381;25266;10103;185641;50286;2001;88.0
89;Yonne;81422;88207;50932;31487;335056;83008;40075;43740;27082;19824;171219;40498;41347;44467;23850;11663;163837;42510;2001;89.0
90;Territoire de Belfort;39475;36399;17599;8995;138513;36045;18625;18133;9585;5919;69706;17444;20850;18266;8014;3076;68807;18601;2001;90.0
91;Essonne;341390;312201;120352;53357;1151521;324221;170644;157260;63473;35046;585198;158775;170746;154941;56879;18311;566323;165446;2001;91.0
92;Hauts-de-Seine;474273;371312;159631;93253;1457738;359269;243059;191768;88396;61915;761777;176639;231214;179544;71235;31338;695961;182630;2001;92.0
93;Seine-Saint-Denis;435551;363762;139063;63017;1411789;410396;222599;180907;74441;41430;720964;201587;212952;182855;64622;21587;690825;208809;2001;93.0
94;Val-de-Marne;386754;327596;136773;73577;1246724;322024;197099;166388;75611;48790;646010;158122;189655;161208;61162;24787;600714;163902;2001;94.0
95;Val-d'Oise;327873;302169;104362;48810;1118301;335087;167446;152401;55920;32403;572140;163970;160427;149768;48442;16407;546161;171117;2001;95.0
971;Guadeloupe;115200;92549;37970;18983;390672;125970;61066;49224;20788;11415;204508;62015;54134;43325;17182;7568;186164;63955;2001;971.0
972;Martinique;112332;93700;42675;20771;386542;117064;59976;50143;23276;12825;204208;57988;52356;43557;19399;7946;182334;59076;2001;972.0
973;Guyane;51236;32058;6887;2710;168614;75723;26445;15311;3366;1601;84072;37349;24791;16747;3521;1109;84542;38374;2001;973.0
974;La Réunion;233311;153858;52585;19647;729010;269609;120072;78298;28378;12650;371839;132441;113239;75560;24207;6997;357171;137168;2001;974.0
2A;Corse-du-Sud;30475;32779;19170;10133;120753;28196;15783;16322;10133;6520;62291;13533;14692;16457;9037;3613;58462;14663;2000;
2B;Haute-Corse;38628;38341;22333;12194;143786;32290;19442;18770;11632;7803;73291;15644;19186;19571;10701;4391;70495;16646;2000;
01;Ain;143269;138484;62161;32766;521103;144423;70947;68095;32431;20828;262758;70457;72322;70389;29730;11938;258345;73966;2000;1.0
02;Aisne;141149;137021;72933;36745;536260;148412;69883;67875;39932;23714;274020;72616;71266;69146;33001;13031;262240;75796;2000;2.0
03;Allier;82572;91361;60546;36709;344710;73522;40781;46034;33197;23350;179176;35814;41791;45327;27349;13359;165534;37708;2000;3.0
04;Alpes-de-Haute-Provence;33705;37858;23394;12792;141454;33705;16988;18853;12217;7865;72280;16357;16717;19005;11177;4927;69174;17348;2000;4.0
05;Hautes-Alpes;31213;32647;18047;10466;122542;30169;15537;16279;9433;6450;62393;14694;15676;16368;8614;4016;60149;15475;2000;5.0
06;Alpes-Maritimes;258122;262843;163374;109051;1017956;224566;133355;137347;90117;70119;540262;109324;124767;125496;73257;38932;477694;115242;2000;6.0
07;Ardèche;71065;76478;45618;26385;288386;68840;34912;38003;23956;16800;147038;33367;36153;38475;21662;9585;141348;35473;2000;7.0
08;Ardennes;77292;73480;40718;19241;289609;78878;37976;36261;22148;12569;147264;38310;39316;37219;18570;6672;142345;40568;2000;8.0
09;Ariège;32235;36386;24381;15259;138199;29938;15910;17875;12919;9278;70406;14424;16325;18511;11462;5981;67793;15514;2000;9.0
10;Aube;78075;76241;40499;22847;293185;75523;38521;38040;22081;14602;150234;36990;39554;38201;18418;8245;142951;38533;2000;10.0
11;Aude;75355;80842;53961;32406;313341;70777;37442;40880;28783;19819;161450;34526;37913;39962;25178;12587;151891;36251;2000;11.0
12;Aveyron;62453;68187;48525;29700;265065;56200;30021;33632;25574;18377;134729;27125;32432;34555;22951;11323;130336;29075;2000;12.0
13;Bouches-du-Rhône;515726;485691;246121;135297;1846878;464043;263547;249788;133274;86413;959494;226472;252179;235903;112847;48884;887384;237571;2000;13.0
14;Calvados;182660;165492;84902;44200;651193;173939;91690;83776;47028;29114;337444;85836;90970;81716;37874;15086;313749;88103;2000;14.0
15;Cantal;36568;40104;27048;15704;150640;31216;17711;19510;14389;9843;76638;15185;18857;20594;12659;5861;74002;16031;2000;15.0
16;Charente;84427;90896;54653;32144;340761;78641;41795;45791;28989;20325;175153;38253;42632;45105;25664;11819;165608;40388;2000;16.0
17;Charente-Maritime;135480;147385;96073;54866;561742;127938;67506;75141;51343;33954;290127;62183;67974;72244;44730;20912;271615;65755;2000;17.0
18;Cher;77927;83725;50667;28860;314584;73405;38536;41394;27007;18402;161104;35765;39391;42331;23660;10458;153480;37640;2000;18.0
19;Corrèze;55225;61620;42576;26946;233631;47264;26575;30712;23066;17029;120246;22864;28650;30908;19510;9917;113385;24400;2000;19.0
21;Côte-d'Or;146583;130900;64878;36809;508015;128845;74466;65635;35174;23655;262608;63678;72117;65265;29704;13154;245407;65167;2000;21.0
22;Côtes-d'Armor;129118;140446;95167;51226;545656;129699;62896;70042;52254;33578;282012;63242;66222;70404;42913;17648;263644;66457;2000;22.0
23;Creuse;27283;31851;25115;16424;124303;23630;13126;15425;13403;10240;63645;11451;14157;16426;11712;6184;60658;12179;2000;23.0
24;Dordogne;88737;103890;72608;43331;390272;81706;44234;52387;38481;26953;201775;39720;44503;51503;34127;16378;188497;41986;2000;24.0
25;Doubs;144888;128180;63737;30716;501423;133902;72023;64203;34253;19851;255795;65465;72865;63977;29484;10865;245628;68437;2000;25.0
26;Drôme;113222;116180;62394;33922;441480;115762;56697;58689;33221;21349;226156;56200;56525;57491;29173;12573;215324;59562;2000;26.0
27;Eure;146951;143885;66899;33661;544635;153239;73219;71327;35812;21653;276732;74721;73732;72558;31087;12008;267903;78518;2000;27.0
28;Eure-et-Loir;108262;107426;52592;29390;409342;111672;53564;53164;27863;18270;207468;54607;54698;54262;24729;11120;201874;57065;2000;28.0
29;Finistère;225276;215732;132474;72386;855924;210056;108801;107271;74319;48334;440923;102198;116475;108461;58155;24052;415001;107858;2000;29.0
30;Gard;159729;168233;93553;51098;630051;157438;80423;85472;49829;31935;324642;76983;79306;82761;43724;19163;305409;80455;2000;30.0
31;Haute-Garonne;339757;269714;125826;70332;1062514;256885;170719;137380;67842;44480;546536;126115;169038;132334;57984;25852;515978;130770;2000;31.0
32;Gers;39274;46532;32369;19438;173522;35909;19274;23249;16640;11712;88325;17450;20000;23283;15729;7726;85197;18459;2000;32.0
33;Gironde;376182;340762;169074;98861;1299777;314898;191471;174505;92062;64364;676747;154345;184711;166257;77012;34497;623030;160553;2000;33.0
34;Hérault;256162;228899;129337;73263;907747;220086;132471;118754;69654;45678;474290;107733;123691;110145;59683;27585;433457;112353;2000;34.0
35;Ille-et-Vilaine;262614;212705;111092;57697;876201;232093;130832;107180;60279;37911;449983;113781;131782;105525;50813;19786;426218;118312;2000;35.0
36;Indre;55804;60351;41153;24739;231441;49394;27296;29716;21935;15557;118637;24133;28508;30635;19218;9182;112804;25261;2000;36.0
37;Indre-et-Loire;154770;142720;76091;44912;557170;138677;78744;72406;40904;28264;288765;68447;76026;70314;35187;16648;268405;70230;2000;37.0
38;Isère;323383;284378;132624;64780;1102331;297166;159991;142701;70707;41626;559820;144795;163392;141677;61917;23154;542511;152371;2000;38.0
39;Jura;64619;64898;37226;21201;251811;63867;31905;32086;19874;13346;128182;30971;32714;32812;17352;7855;123629;32896;2000;39.0
40;Landes;81376;88045;56845;31128;331510;74116;39873;44479;30258;19824;170163;35729;41503;43566;26587;11304;161347;38387;2000;40.0
41;Loir-et-Cher;78906;81121;50721;30155;316354;75451;38913;40498;26900;18643;161827;36873;39993;40623;23821;11512;154527;38578;2000;41.0
42;Loire;190618;188550;107670;59180;730614;184596;94775;95252;59276;38682;378189;90204;95843;93298;48394;20498;352425;94392;2000;42.0
43;Haute-Loire;52563;54491;34291;18987;210410;50078;25490;26392;18470;12273;106860;24235;27073;28099;15821;6714;103550;25843;2000;43.0
44;Loire-Atlantique;325923;292964;145348;75154;1146058;306669;162252;148492;80524;49622;591057;150167;163671;144472;64824;25532;555001;156502;2000;44.0
45;Loiret;171419;160237;81176;45126;621230;163272;85645;80291;43219;28147;317112;79810;85774;79946;37957;16979;304118;83462;2000;45.0
46;Lot;36287;42487;30727;18034;161375;33840;17895;21302;16083;11137;82825;16408;18392;21185;14644;6897;78550;17432;2000;46.0
47;Lot-et-Garonne;72252;81014;52777;31299;307415;70073;36295;41175;27981;19375;158979;34153;35957;39839;24796;11924;148436;35920;2000;47.0
48;Lozère;18690;19257;12112;7492;73851;16300;8925;9128;6205;4585;36697;7854;9765;10129;5907;2907;37154;8446;2000;48.0
49;Maine-et-Loire;205890;180221;94353;53552;736867;202851;102793;90684;51224;34094;378451;99656;103097;89537;43129;19458;358416;103195;2000;49.0
50;Manche;121945;119421;77172;40079;483178;124561;59485;58757;41925;25933;246820;60720;62460;60664;35247;14146;236358;63841;2000;50.0
51;Marne;167550;144493;67981;35983;565189;149182;83452;72793;37040;23591;289769;72893;84098;71700;30941;12392;275420;76289;2000;51.0
52;Haute-Marne;49423;50168;29243;15795;194024;49395;24067;24660;15770;10076;98444;23871;25356;25508;13473;5719;95580;25524;2000;52.0
53;Mayenne;75741;70130;41675;23347;286970;76077;36562;34885;22246;14902;145434;36839;39179;35245;19429;8445;141536;39238;2000;53.0
54;Meurthe-et-Moselle;208368;180435;95639;45639;715684;185603;104108;91144;52576;30321;368677;90528;104260;89291;43063;15318;347007;95075;2000;54.0
55;Meuse;50071;49067;28636;14729;192682;50179;24126;24080;15352;9552;97358;24248;25945;24987;13284;5177;95324;25931;2000;55.0
56;Morbihan;166115;165595;103703;51715;649831;162703;80661;83102;56976;33882;333495;78874;85454;82493;46727;17833;316336;83829;2000;56.0
57;Moselle;292446;267881;140317;57217;1025516;267655;144218;133556;75135;37890;521306;130507;148228;134325;65182;19327;504210;137148;2000;57.0
58;Nièvre;51822;59413;40786;23817;225054;49216;25475;29643;22027;15251;116304;23908;26347;29770;18759;8566;108750;25308;2000;58.0
59;Nord;745004;616434;301978;143871;2554638;747351;373983;311678;170722;97028;1318928;365517;371021;304756;131256;46843;1235710;381834;2000;59.0
60;Oise;219321;203701;83491;39778;769848;223557;109027;100249;44664;25651;388171;108580;110294;103452;38827;14127;381677;114977;2000;60.0
61;Orne;72475;74471;46455;24969;292557;74187;35370;36936;24849;16120;149234;35959;37105;37535;21606;8849;143323;38228;2000;61.0
62;Pas-de-Calais;393978;355237;187341;91376;1443226;415294;195719;178102;106694;61898;744968;202555;198259;177135;80647;29478;698258;212739;2000;62.0
63;Puy-de-Dôme;168884;164977;86793;45900;606467;139913;84211;82550;47465;29797;312692;68669;84673;82427;39328;16103;293775;71244;2000;63.0
64;Pyrénées-Atlantiques;156437;157877;96229;55153;604249;138553;77884;80654;52020;35630;313436;67248;78553;77223;44209;19523;290813;71305;2000;64.0
65;Hautes-Pyrénées;53981;60597;38637;22437;223299;47647;26670;30615;20936;14262;115586;23103;27311;29982;17701;8175;107713;24544;2000;65.0
66;Pyrénées-Orientales;96550;99199;70380;40713;397082;90240;49254;51607;37995;25056;208108;44196;47296;47592;32385;15657;188974;46044;2000;66.0
67;Bas-Rhin;316086;264844;127223;59078;1032498;265267;158062;131049;69060;40723;529023;130129;158024;133795;58163;18355;503475;135138;2000;67.0
68;Haut-Rhin;202691;188126;93242;41279;711457;186119;100369;92505;50372;28100;362282;90936;102322;95621;42870;13179;349175;95183;2000;68.0
69;Rhône;482320;395392;191399;99040;1588910;420759;245534;202621;104700;65439;825421;207127;236786;192771;86699;33601;763489;213632;2000;69.0
70;Haute-Saône;59159;60835;33364;17797;230380;59225;28759;29801;17678;11384;116277;28655;30400;31034;15686;6413;114103;30570;2000;70.0
71;Saône-et-Loire;133469;144422;88555;50626;545723;128651;65333;72027;47846;32217;279872;62449;68136;72395;40709;18409;265851;66202;2000;71.0
72;Sarthe;142742;133849;76305;43175;532765;136694;70219;67049;41063;27111;272239;66797;72523;66800;35242;16064;260526;69897;2000;72.0
73;Savoie;105635;99437;50118;25940;376516;95386;52259;49414;26978;16923;191702;46128;53376;50023;23140;9017;184814;49258;2000;73.0
74;Haute-Savoie;186156;172727;72777;35686;639184;171838;92118;86337;38989;23043;323738;83251;94038;86390;33788;12643;315446;88587;2000;74.0
75;Paris;771095;548164;242061;157447;2129731;410964;396653;286141;137533;105820;1130307;204160;374442;262023;104528;51627;999424;206804;2000;75.0
76;Seine-Maritime;347129;315903;155613;81897;1239940;339398;174930;159430;86351;53947;640915;166257;172199;156473;69262;27950;599025;173141;2000;76.0
77;Seine-et-Marne;351983;323961;112556;55634;1202569;358435;178067;161090;59782;36304;610322;175079;173916;162871;52774;19330;592247;183356;2000;77.0
78;Yvelines;391680;372130;141923;63808;1358816;389275;197300;188332;74826;41836;692187;189893;194380;183798;67097;21972;666629;199382;2000;78.0
79;Deux-Sèvres;87710;89468;54179;31376;346432;83699;42983;44491;28388;19131;175419;40426;44727;44977;25791;12245;171013;43273;2000;79.0
80;Somme;158583;138967;72875;38436;556830;147969;79004;69753;39913;24492;285789;72627;79579;69214;32962;13944;271041;75342;2000;80.0
81;Tarn;82550;90349;59596;35072;345859;78292;40943;45890;31760;21600;178187;37994;41607;44459;27836;13472;167672;40298;2000;81.0
82;Tarn-et-Garonne;51740;54422;33253;19707;208421;49299;25691;27158;17701;12041;106572;23981;26049;27264;15552;7666;101849;25318;2000;82.0
83;Var;221526;237724;151598;83303;908895;214744;111619;122233;80833;51933;471430;104812;109907;115491;70765;31370;437465;109932;2000;83.0
84;Vaucluse;131281;132151;70929;37933;503783;131489;66470;67222;38007;24016;259746;64031;64811;64929;32922;13917;244037;67458;2000;84.0
85;Vendée;139660;138141;87501;45569;546334;135463;67927;68590;46463;28620;277638;66038;71733;69551;41038;16949;268696;69425;2000;85.0
86;Vienne;113678;100410;57213;34370;401443;95772;57507;50379;30237;21319;206626;47184;56171;50031;26976;13051;194817;48588;2000;86.0
87;Haute-Vienne;94010;93915;57254;35515;355315;74621;47442;47510;30979;22412;184801;36458;46568;46405;26275;13103;170514;38163;2000;87.0
88;Vosges;98151;98373;56274;29628;381027;98601;47884;48813;30922;19744;195216;47853;50267;49560;25352;9884;185811;50748;2000;88.0
89;Yonne;82166;86414;51606;30578;334026;83262;40516;42581;27508;19332;170426;40489;41650;43833;24098;11246;163600;42773;2000;89.0
90;Territoire de Belfort;39495;35827;17652;8680;137898;36244;18763;17797;9629;5737;69422;17496;20732;18030;8023;2943;68476;18748;2000;90.0
91;Essonne;342737;306774;118991;51463;1142331;322366;171094;154347;62797;34021;580089;157830;171643;152427;56194;17442;562242;164536;2000;91.0
92;Hauts-de-Seine;471518;364892;160956;90381;1442087;354340;241789;187896;89393;60268;753413;174067;229729;176996;71563;30113;688674;180273;2000;92.0
93;Seine-Saint-Denis;432871;357260;139219;61050;1396942;406542;221589;176816;74986;40294;713280;199595;211282;180444;64233;20756;683662;206947;2000;93.0
94;Val-de-Marne;386819;321812;137034;71608;1236443;319170;197128;163110;76054;47598;640458;156568;189691;158702;60980;24010;595985;162602;2000;94.0
95;Val-d'Oise;328494;296499;104032;47207;1111072;334840;167657;149004;55849;31442;567691;163739;160837;147495;48183;15765;543381;171101;2000;95.0
971;Guadeloupe;117534;88926;37307;18081;388045;126197;61764;47289;20410;10958;202649;62228;55770;41637;16897;7123;185396;63969;2000;971.0
972;Martinique;114742;89953;41956;20114;383575;116810;60935;48063;22940;12374;202100;57788;53807;41890;19016;7740;181475;59022;2000;972.0
973;Guyane;49994;30420;6630;2532;162018;72442;25638;14496;3254;1489;80625;35748;24356;15924;3376;1043;81393;36694;2000;973.0
974;La Réunion;232747;147294;50588;18586;716314;267099;119283;74609;27509;12021;364759;131337;113464;72685;23079;6565;351555;135762;2000;974.0
2B;Haute-Corse;38492;37297;22052;11803;141686;32042;19341;18161;11562;7552;72128;15512;19151;19136;10490;4251;69558;16530;1999;
2A;Corse-du-Sud;30341;31731;18782;9770;118466;27842;15707;15747;9946;6321;61113;13392;14634;15984;8836;3449;57353;14450;1999;
01;Ain;143334;134761;61727;31777;514331;142732;70980;66127;32342;20222;259201;69530;72354;68634;29385;11555;255130;73202;1999;1.0
02;Aisne;143757;134542;73929;35293;536181;148660;71176;66507;40555;22841;273638;72559;72581;68035;33374;12452;262543;76101;1999;2.0
03;Allier;84220;90173;61283;35668;345072;73728;41613;45418;33620;22775;179319;35893;42607;44755;27663;12893;165753;37835;1999;3.0
04;Alpes-de-Haute-Provence;34127;36710;23120;12410;139515;33148;17172;18267;12076;7657;71190;16018;16955;18443;11044;4753;68325;17130;1999;4.0
05;Hautes-Alpes;31669;31668;18072;10064;121338;29865;15768;15806;9469;6182;61748;14523;15901;15862;8603;3882;59590;15342;1999;5.0
06;Alpes-Maritimes;258647;258299;163391;107442;1010644;222865;133656;134926;90378;69130;536685;108595;124991;123373;73013;38312;473959;114270;1999;6.0
07;Ardèche;71736;74762;45575;25520;285889;68296;35140;37139;24012;16281;145612;33040;36596;37623;21563;9239;140277;35256;1999;7.0
08;Ardennes;78902;72306;41119;18645;290452;79480;38769;35614;22391;12183;147473;38516;40133;36692;18728;6462;142979;40964;1999;8.0
09;Ariège;32606;35359;24666;14992;137201;29578;16068;17387;13035;9120;69849;14239;16538;17972;11631;5872;67352;15339;1999;9.0
10;Aube;78913;75075;40522;22234;292317;75573;38884;37407;22109;14271;149584;36913;40029;37668;18413;7963;142733;38660;1999;10.0
11;Aude;75342;78595;54167;31698;309463;69661;37420;39670;28909;19481;159327;33847;37922;38925;25258;12217;150136;35814;1999;11.0
12;Aveyron;63208;67080;48832;28961;264048;55967;30382;33164;25726;17912;134092;26908;32826;33916;23106;11049;129956;29059;1999;12.0
13;Bouches-du-Rhône;516980;477183;245917;131463;1833982;462439;263711;244551;133436;83990;951428;225740;253269;232632;112481;47473;882554;236699;1999;13.0
14;Calvados;183814;161938;84668;42489;647951;175042;92100;81927;46900;28079;335441;86435;91714;80011;37768;14410;312510;88607;1999;14.0
15;Cantal;37352;39539;27296;15293;150977;31497;18080;19172;14541;9606;76633;15234;19272;20367;12755;5687;74344;16263;1999;15.0
16;Charente;85772;89152;54775;31403;339828;78726;42423;44854;29134;19890;174512;38211;43349;44298;25641;11513;165316;40515;1999;16.0
17;Charente-Maritime;136146;144028;95910;53161;556419;127174;67817;73462;51159;32923;287014;61653;68329;70566;44751;20238;269405;65521;1999;17.0
18;Cher;79636;82583;50907;28312;314603;73165;39341;40755;27136;18137;160969;35600;40295;41828;23771;10175;153634;37565;1999;18.0
19;Corrèze;55952;60703;42913;26169;232819;47082;27021;30270;23276;16605;119917;22745;28931;30433;19637;9564;112902;24337;1999;19.0
21;Côte-d'Or;147444;128420;64789;36019;506699;130027;74801;64327;35175;23176;261930;64451;72643;64093;29614;12843;244769;65576;1999;21.0
22;Côtes-d'Armor;130074;137736;95498;49623;542398;129467;63364;68757;52477;32744;280244;62902;66710;68979;43021;16879;262154;66565;1999;22.0
23;Creuse;27961;31327;25539;16183;124597;23587;13439;15131;13633;10169;63791;11419;14522;16196;11906;6014;60806;12168;1999;23.0
24;Dordogne;90179;101762;73004;42152;388407;81310;44869;51267;38841;26180;200617;39460;45310;50495;34163;15972;187790;41850;1999;24.0
25;Doubs;145228;126123;63367;29807;499223;134698;72293;63140;33943;19328;254600;65896;72935;62983;29424;10479;244623;68802;1999;25.0
26;Drôme;113907;113645;62039;32803;437654;115260;56994;57185;33139;20693;223918;55907;56913;56460;28900;12110;213736;59353;1999;26.0
27;Eure;148647;140546;66681;32560;540918;152484;73955;69572;35701;21054;274448;74166;74692;70974;30980;11506;266470;78318;1999;27.0
28;Eure-et-Loir;109491;105332;52735;28539;407707;111610;54312;51929;28012;17806;206535;54476;55179;53403;24723;10733;201172;57134;1999;28.0
29;Finistère;227685;211804;132683;69993;852273;210108;109644;105454;74541;46928;438685;102118;118041;106350;58142;23065;413588;107990;1999;29.0
30;Gard;160060;163582;93332;49629;622509;155906;80537;82911;49776;31142;320576;76210;79523;80671;43556;18487;301933;79696;1999;30.0
31;Haute-Garonne;334626;261775;125314;68390;1044208;254103;168367;133211;67663;43242;537298;124815;166259;128564;57651;25148;506910;129288;1999;31.0
32;Gers;39924;45597;32573;18849;172484;35541;19665;22728;16721;11378;87666;17174;20259;22869;15852;7471;84818;18367;1999;32.0
33;Gironde;374758;332241;169395;95895;1286072;313783;190682;170071;92329;62459;669299;153758;184076;162170;77066;33436;616773;160025;1999;33.0
34;Hérault;254458;222396;128659;71028;894537;217996;131401;115057;69431;44313;467077;106875;123057;107339;59228;26715;427460;111121;1999;34.0
35;Ille-et-Vilaine;260718;207846;111018;55244;866111;231285;129925;104671;60440;36462;445010;113512;130793;103175;50578;18782;421101;117773;1999;35.0
36;Indre;56953;59436;41346;24294;231365;49336;27816;29210;22096;15279;118483;24082;29137;30226;19250;9015;112882;25254;1999;36.0
37;Indre-et-Loire;155643;139596;75915;43686;553690;138850;78948;70796;40759;27566;286833;68764;76695;68800;35156;16120;266857;70086;1999;37.0
38;Isère;323280;278362;131787;63012;1092778;296337;159763;139551;70321;40737;554860;144488;163517;138811;61466;22275;537918;151849;1999;38.0
39;Jura;65597;63725;37379;20609;250905;63595;32367;31475;20025;12970;127680;30843;33230;32250;17354;7639;123225;32752;1999;39.0
40;Landes;81860;85676;56647;30192;327240;72865;40083;43268;30188;19245;167850;35066;41777;42408;26459;10947;159390;37799;1999;40.0
41;Loir-et-Cher;80019;79498;50932;29263;314995;75283;39475;39638;27025;18105;160997;36754;40544;39860;23907;11158;153998;38529;1999;41.0
42;Loire;192205;186290;107661;57486;729081;185439;95443;94045;59423;37739;377367;90717;96762;92245;48238;19747;351714;94722;1999;42.0
43;Haute-Loire;53343;53404;34293;18441;209086;49605;25862;25831;18501;11963;106098;23941;27481;27573;15792;6478;102988;25664;1999;43.0
44;Loire-Atlantique;324446;285900;144611;72287;1133247;306003;161673;144966;80240;47857;584562;149826;162773;140934;64371;24430;548685;156177;1999;44.0
45;Loiret;172310;157226;81356;43661;617935;163382;86157;78682;43360;27285;315335;79851;86153;78544;37996;16376;302600;83531;1999;45.0
46;Lot;36837;41460;30821;17545;160230;33567;18145;20808;16177;10828;82242;16284;18692;20652;14644;6717;77988;17283;1999;46.0
47;Lot-et-Garonne;72885;79384;53004;30461;305482;69748;36643;40327;28118;18848;157889;33953;36242;39057;24886;11613;147593;35795;1999;47.0
48;Lozère;18863;18881;12141;7393;73513;16235;8990;8938;6233;4572;36542;7809;9873;9943;5908;2821;36971;8426;1999;48.0
49;Maine-et-Loire;206400;175982;94482;51758;732624;204002;102898;88549;51284;33196;376089;100162;103502;87433;43198;18562;356535;103840;1999;49.0
50;Manche;124124;116789;77462;38277;481466;124814;60579;57515;42089;24901;245619;60535;63545;59274;35373;13376;235847;64279;1999;50.0
51;Marne;169577;142134;68092;34943;565366;150620;84600;71320;37114;22970;289676;73672;84977;70814;30978;11973;275690;76948;1999;51.0
52;Haute-Marne;50787;49658;29407;15342;195131;49937;24780;24378;15808;9891;98952;24095;26007;25280;13599;5451;96179;25842;1999;52.0
53;Mayenne;76402;68444;41907;22547;285218;75918;36885;34099;22292;14534;144447;36637;39517;34345;19615;8013;140771;39281;1999;53.0
54;Meurthe-et-Moselle;209445;177776;95848;44085;714295;187141;104789;89653;52822;29374;367973;91335;104656;88123;43026;14711;346322;95806;1999;54.0
55;Meuse;50924;48086;29024;14264;192443;50145;24578;23582;15659;9265;97315;24231;26346;24504;13365;4999;95128;25914;1999;55.0
56;Morbihan;167077;161235;103208;49656;643293;162117;81263;80719;56721;32751;330123;78669;85814;80516;46487;16905;313170;83448;1999;56.0
57;Moselle;296674;263012;139781;54873;1023763;269423;146335;131023;75106;36488;520177;131225;150339;131989;64675;18385;503586;138198;1999;57.0
58;Nièvre;53248;58616;41013;23156;225485;49452;26171;29233;22128;14882;116393;23979;27077;29383;18885;8274;109092;25473;1999;58.0
59;Nord;751576;606955;304859;138393;2555471;753688;376954;306552;172300;93928;1318418;368684;374622;300403;132559;44465;1237053;385004;1999;59.0
60;Oise;221843;199618;82996;38790;766253;223006;110397;97894;44390;25069;385892;108142;111446;101724;38606;13721;380361;114864;1999;60.0
61;Orne;73970;73094;46888;23972;292530;74606;36097;36311;25075;15554;149127;36090;37873;36783;21813;8418;143403;38516;1999;61.0
62;Pas-de-Calais;398813;348188;189581;87750;1441996;417664;197759;174788;107916;59709;743684;203512;201054;173400;81665;28041;698312;214152;1999;62.0
63;Puy-de-Dôme;169644;162582;86847;44442;604239;140724;84521;81246;47638;28864;311411;69142;85123;81336;39209;15578;292828;71582;1999;63.0
64;Pyrénées-Atlantiques;157505;154367;96143;53516;599547;138016;78468;78821;52052;34703;310982;66938;79037;75546;44091;18813;288565;71078;1999;64.0
65;Hautes-Pyrénées;54992;59484;38751;21787;222631;47617;27168;30067;21041;13866;115198;23056;27824;29417;17710;7921;107433;24561;1999;65.0
66;Pyrénées-Orientales;96540;96336;70472;39823;392383;89212;49205;50051;37998;24511;205356;43591;47335;46285;32474;15312;187027;45621;1999;66.0
67;Bas-Rhin;317319;258911;126308;57592;1025033;264903;158607;127831;68989;39649;525015;129939;158712;131080;57319;17943;500018;134964;1999;67.0
68;Haut-Rhin;204766;184272;92930;40055;707555;185532;101524;90471;50435;27389;360419;90600;103242;93801;42495;12666;347136;94932;1999;68.0
69;Rhône;480779;389092;190702;96087;1577095;420435;244499;198918;104696;63685;818974;207176;236280;190174;86006;32402;758121;213259;1999;69.0
70;Haute-Saône;59896;59704;33343;17471;229728;59314;29080;29214;17785;11206;115934;28649;30816;30490;15558;6265;113794;30665;1999;70.0
71;Saône-et-Loire;135709;142573;88876;49193;545443;129092;66476;71017;47947;31499;279435;62496;69233;71556;40929;17694;266008;66596;1999;71.0
72;Sarthe;143879;131143;76437;41979;529782;136344;70832;65600;41098;26516;270683;66637;73047;65543;35339;15463;259099;69707;1999;72.0
73;Savoie;105931;96881;49792;25220;372752;94928;52358;48121;26887;16405;189776;46005;53573;48760;22905;8815;182976;48923;1999;73.0
74;Haute-Savoie;185849;168166;71975;34511;630654;170153;92152;83766;38694;22250;319195;82333;93697;84400;33281;12261;311459;87820;1999;74.0
75;Paris;768749;544064;244350;156500;2123686;410023;395773;283620;139299;105359;1127984;203933;372976;260444;105051;51141;995702;206090;1999;75.0
76;Seine-Maritime;352277;310570;155773;79398;1239584;341566;177504;156483;86402;52527;640146;167230;174773;154087;69371;26871;599438;174336;1999;76.0
77;Seine-et-Marne;352826;316426;111416;54366;1191775;356741;178537;156853;59339;35507;604289;174053;174289;159573;52077;18859;587486;182688;1999;77.0
78;Yvelines;394973;367561;139960;61958;1353945;389493;199386;185355;73946;40766;689271;189818;195587;182206;66014;21192;664674;199675;1999;78.0
79;Deux-Sèvres;88904;87507;54512;30348;344486;83215;43540;43505;28616;18585;174378;40132;45364;44002;25896;11763;170108;43083;1999;79.0
80;Somme;159969;136447;73346;37113;555547;148672;79667;68312;40063;23760;284829;73027;80302;68135;33283;13353;270718;75645;1999;80.0
81;Tarn;83032;88375;59872;34076;343444;78089;41088;44884;31836;21012;176652;37832;41944;43491;28036;13064;166792;40257;1999;81.0
82;Tarn-et-Garonne;51768;53021;33410;19271;206029;48559;25689;26511;17706;11789;105273;23578;26079;26510;15704;7482;100756;24981;1999;82.0
83;Var;222578;231596;150582;80641;897585;212188;112223;118894;80422;50332;465302;103431;110355;112702;70160;30309;432283;108757;1999;83.0
84;Vaucluse;131956;129228;70497;36951;499321;130689;66906;65437;37816;23429;257181;63593;65050;63791;32681;13522;242140;67096;1999;84.0
85;Vendée;139768;133870;86921;43737;539089;134793;67980;66480;46191;27621;273821;65549;71788;67390;40730;16116;265268;69244;1999;85.0
86;Vienne;113748;98283;57266;33426;399002;96279;57344;49279;30326;20811;205370;47610;56404;49004;26940;12615;193632;48669;1999;86.0
87;Haute-Vienne;94413;92298;57747;34662;354055;74935;47521;46633;31348;21879;184130;36749;46892;45665;26399;12783;169925;38186;1999;87.0
88;Vosges;100138;97026;56285;28830;381154;98875;48909;47983;31032;19277;195149;47948;51229;49043;25253;9553;186005;50927;1999;88.0
89;Yonne;83485;84703;52003;29803;333206;83212;41146;41562;27770;18953;169770;40339;42339;43141;24233;10850;163436;42873;1999;89.0
90;Territoire de Belfort;39838;35162;17572;8474;137397;36351;19061;17410;9582;5622;69197;17522;20777;17752;7990;2852;68200;18829;1999;90.0
91;Essonne;344560;302227;116714;50057;1133836;320278;171947;151850;61652;33223;575296;156624;172613;150377;55062;16834;558540;163654;1999;91.0
92;Hauts-de-Seine;469194;358530;162130;87923;1427888;350111;240800;183764;90476;58742;745856;172074;228394;174766;71654;29181;682032;178037;1999;92.0
93;Seine-Saint-Denis;431195;351039;139284;59365;1383319;402436;220933;172899;75479;39269;706015;197435;210262;178140;63805;20096;677304;205001;1999;93.0
94;Val-de-Marne;387606;316252;137272;69639;1227030;316261;197299;160012;76333;46452;635408;155312;190307;156240;60939;23187;591622;160949;1999;94.0
95;Val-d'Oise;330363;290677;103461;45665;1104533;334367;168502;145464;55722;30423;563583;163472;161861;145213;47739;15242;540950;170895;1999;95.0
971;Guadeloupe;120063;85774;36494;17254;385609;126024;62662;45572;19930;10463;200648;62021;57401;40202;16564;6791;184961;64003;1999;971.0
972;Martinique;117212;86321;41423;19273;380863;116634;61765;46184;22623;11889;200171;57710;55447;40137;18800;7384;180692;58924;1999;972.0
973;Guyane;48923;28834;6400;2369;155760;69234;24924;13758;3127;1386;77317;34122;23999;15076;3273;983;78443;35112;1999;973.0
974;La Réunion;230999;140720;49229;17502;703820;265370;117949;71117;26774;11402;357649;130407;113050;69603;22455;6100;346171;134963;1999;974.0
2A;Corse-du-Sud;30905;31228;18844;9484;118463;28002;15939;15460;9988;6135;61019;13497;14966;15768;8856;3349;57444;14505;1998;
2B;Haute-Corse;38726;36793;22078;11469;141003;31937;19420;17759;11637;7356;71679;15507;19306;19034;10441;4113;69324;16430;1998;
01;Ain;143604;131683;61484;30873;509520;141876;71092;64425;32227;19753;256653;69156;72512;67258;29257;11120;252867;72720;1998;1.0
02;Aisne;146111;132305;74862;33886;536629;149465;72278;65307;41038;22045;273714;73046;73833;66998;33824;11841;262915;76419;1998;2.0
03;Allier;85707;89502;62214;34696;346640;74521;42302;45030;34130;22285;180084;36337;43405;44472;28084;12411;166556;38184;1998;3.0
04;Alpes-de-Haute-Provence;34864;36254;23166;12013;139454;33157;17516;18000;12148;7402;71112;16046;17348;18254;11018;4611;68342;17111;1998;4.0
05;Hautes-Alpes;32031;31117;18094;9764;120972;29966;15954;15489;9470;6025;61468;14530;16077;15628;8624;3739;59504;15436;1998;5.0
06;Alpes-Maritimes;259341;254532;164928;105798;1006282;221683;133863;132782;91575;68108;534465;108137;125478;121750;73353;37690;471817;113546;1998;6.0
07;Ardèche;72432;73624;45845;24906;285181;68374;35420;36546;24133;15968;145264;33197;37012;37078;21712;8938;139917;35177;1998;7.0
08;Ardennes;80051;71569;41381;18072;291329;80256;39388;35257;22511;11882;147889;38851;40663;36312;18870;6190;143440;41405;1998;8.0
09;Ariège;33006;34611;25042;14613;136732;29460;16263;16983;13262;8924;69660;14228;16743;17628;11780;5689;67072;15232;1998;9.0
10;Aube;79947;74196;40774;21669;292676;76090;39460;36879;22252;13972;149695;37132;40487;37317;18522;7697;142981;38958;1998;10.0
11;Aude;76102;76775;54862;30959;308125;69427;37659;38774;29272;19061;158432;33666;38443;38001;25590;11898;149693;35761;1998;11.0
12;Aveyron;64050;66250;49532;28212;264419;56375;30882;32719;26132;17475;134362;27154;33168;33531;23400;10737;130057;29221;1998;12.0
13;Bouches-du-Rhône;518834;470184;246692;127649;1824390;461031;264936;240204;134178;81736;945967;224913;253898;229980;112514;45913;878423;236118;1998;13.0
14;Calvados;184910;158782;84835;40706;644513;175280;92743;80306;46918;27107;333538;86464;92167;78476;37917;13599;310975;88816;1998;14.0
15;Cantal;38164;39254;27585;14786;151841;32052;18442;19089;14651;9340;77040;15518;19722;20165;12934;5446;74801;16534;1998;15.0
16;Charente;87363;87554;55494;30519;339932;79002;43219;44015;29484;19343;174504;38443;44144;43539;26010;11176;165428;40559;1998;16.0
17;Charente-Maritime;137066;141090;96629;50725;552641;127131;68251;71898;51537;31581;285011;61744;68815;69192;45092;19144;267630;65387;1998;17.0
18;Cher;81289;81440;51390;27620;315255;73516;40122;40137;27398;17767;161236;35812;41167;41303;23992;9853;154019;37704;1998;18.0
19;Corrèze;56871;60028;43662;25343;233347;47443;27568;29964;23703;16053;120212;22924;29303;30064;19959;9290;113135;24519;1998;19.0
21;Côte-d'Or;149120;126469;65075;34969;506212;130579;75643;63256;35378;22528;261424;64619;73477;63213;29697;12441;244788;65960;1998;21.0
22;Côtes-d'Armor;131730;135742;96505;47393;541391;130021;64147;67725;53092;31402;279623;63257;67583;68017;43413;15991;261768;66764;1998;22.0
23;Creuse;28580;30834;26258;15877;125314;23765;13752;14896;13983;10073;64188;11484;14828;15938;12275;5804;61126;12281;1998;23.0
24;Dordogne;91511;99999;74008;40851;388050;81681;45527;50364;39385;25449;200376;39651;45984;49635;34623;15402;187674;42030;1998;24.0
25;Doubs;146724;124760;63089;28649;498613;135391;73071;62303;33986;18636;254220;66224;73653;62457;29103;10013;244393;69167;1998;25.0
26;Drôme;114786;111637;62065;31747;435256;115021;57446;56060;33235;20135;222737;55861;57340;55577;28830;11612;212519;59160;1998;26.0
27;Eure;150479;137694;66761;31554;539608;153120;74859;67956;35783;20528;273673;74547;75620;69738;30978;11026;265935;78573;1998;27.0
28;Eure-et-Loir;110796;103669;53057;27862;408212;112828;55130;50929;28228;17433;206793;55073;55666;52740;24829;10429;201419;57755;1998;28.0
29;Finistère;229862;208220;133944;67279;849779;210474;110762;103887;75391;45260;437607;102307;119100;104333;58553;22019;412172;108167;1998;29.0
30;Gard;161129;160135;93690;48171;618151;155026;81062;80882;50181;30274;318198;75799;80067;79253;43509;17897;299953;79227;1998;30.0
31;Haute-Garonne;332943;254978;125416;66227;1029466;249902;167513;129759;67956;41871;529662;122563;165430;125219;57460;24356;499804;127339;1998;31.0
32;Gers;40734;44962;32925;18421;172580;35538;20024;22435;16894;11165;87669;17151;20710;22527;16031;7256;84911;18387;1998;32.0
33;Gironde;376063;325094;170322;92779;1276453;312195;191330;166091;93171;60566;664208;153050;184733;159003;77151;32213;612245;159145;1998;33.0
34;Hérault;253706;217425;129196;68590;884890;215973;130846;112222;69840;42929;461861;106024;122860;105203;59356;25661;423029;109949;1998;34.0
35;Ille-et-Vilaine;260353;203277;110939;52673;857295;230053;129813;102370;60612;34939;440602;112868;130540;100907;50327;17734;416693;117185;1998;35.0
36;Indre;57969;58945;41816;23773;232252;49749;28360;28972;22359;14977;118924;24256;29609;29973;19457;8796;113328;25493;1998;36.0
37;Indre-et-Loire;156768;137259;76237;42416;551498;138818;79568;69552;40872;26927;285616;68697;77200;67707;35365;15489;265882;70121;1998;37.0
38;Isère;323646;273978;131190;60894;1085203;295495;160061;137071;70274;39513;550977;144058;163585;136907;60916;21381;534226;151437;1998;38.0
39;Jura;66406;62898;37711;19961;250917;63941;32710;31087;20204;12602;127681;31078;33696;31811;17507;7359;123236;32863;1998;39.0
40;Landes;82379;83998;56927;29113;325077;72660;40327;42410;30354;18598;166685;34996;42052;41588;26573;10515;158392;37664;1998;40.0
41;Loir-et-Cher;80949;78452;51138;28499;314616;75578;39944;39080;27148;17701;160714;36841;41005;39372;23990;10798;153902;38737;1998;41.0
42;Loire;194959;185160;108609;55656;731657;187273;96913;93329;60080;36656;378581;91603;98046;91831;48529;19000;353076;95670;1998;42.0
43;Haute-Loire;53658;52485;34566;17921;208285;49655;25981;25371;18701;11655;105754;24046;27677;27114;15865;6266;102531;25609;1998;43.0
44;Loire-Atlantique;324307;280033;144886;68892;1124006;305888;161731;141894;80545;45902;579909;149837;162576;138139;64341;22990;544097;156051;1998;44.0
45;Loiret;173988;154764;81712;42300;616372;163608;86938;77223;43711;26540;314480;80068;87050;77541;38001;15760;301892;83540;1998;45.0
46;Lot;37283;40758;31177;16923;159657;33516;18351;20462;16411;10484;81987;16279;18932;20296;14766;6439;77670;17237;1998;46.0
47;Lot-et-Garonne;73808;78115;53667;29421;304968;69957;37073;39583;28594;18242;157531;34039;36735;38532;25073;11179;147437;35918;1998;47.0
48;Lozère;19015;18598;12307;7233;73507;16354;9116;8755;6309;4508;36553;7865;9899;9843;5998;2725;36954;8489;1998;48.0
49;Maine-et-Loire;207308;172749;95015;49479;729551;205000;103565;86905;51551;31937;374378;100420;103743;85844;43464;17542;355173;104580;1998;49.0
50;Manche;126269;114678;78102;36616;481349;125684;61618;56572;42368;24012;245421;60851;64651;58106;35734;12604;235928;64833;1998;50.0
51;Marne;171500;140379;68241;33983;565935;151832;85525;70286;37277;22377;289865;74400;85975;70093;30964;11606;276070;77432;1998;51.0
52;Haute-Marne;51895;49230;29647;14807;196378;50799;25340;24193;15948;9523;99520;24516;26555;25037;13699;5284;96858;26283;1998;52.0
53;Mayenne;76751;67354;42173;21533;283893;76082;37060;33731;22385;13982;143820;36662;39691;33623;19788;7551;140073;39420;1998;53.0
54;Meurthe-et-Moselle;211942;176103;96356;42443;715062;188218;106084;88636;53154;28397;368175;91904;105858;87467;43202;14046;346887;96314;1998;54.0
55;Meuse;51691;47427;29293;13795;192797;50591;24924;23279;15827;8994;97491;24467;26767;24148;13466;4801;95306;26124;1998;55.0
56;Morbihan;169061;157354;103280;47250;639772;162827;82224;78792;56822;31381;328315;79096;86837;78562;46458;15869;311457;83731;1998;56.0
57;Moselle;300739;259259;139158;52574;1022916;271186;148426;128909;74993;35082;519529;132119;152313;130350;64165;17492;503387;139067;1998;57.0
58;Nièvre;54272;58171;41532;22694;226776;50107;26630;28998;22414;14656;117051;24353;27642;29173;19118;8038;109725;25754;1998;58.0
59;Nord;756941;598804;308003;133609;2554942;757585;379711;302117;174138;91242;1317852;370644;377230;296687;133865;42367;1237090;386941;1998;59.0
60;Oise;223841;196445;82969;37691;765111;224165;111515;95966;44401;24528;385183;108773;112326;100479;38568;13163;379928;115392;1998;60.0
61;Orne;75190;72164;47323;23070;292912;75165;36697;35901;25320;15005;149326;36403;38493;36263;22003;8065;143586;38762;1998;61.0
62;Pas-de-Calais;402835;341816;191493;84275;1440495;420076;199723;171766;108867;57581;742846;204909;203112;170050;82626;26694;697649;215167;1998;62.0
63;Puy-de-Dôme;171074;160264;87410;42895;602853;141210;85237;79927;48026;27989;310581;69402;85837;80337;39384;14906;292272;71808;1998;63.0
64;Pyrénées-Atlantiques;158090;150875;95986;51925;594245;137369;78729;77120;52085;33714;308286;66638;79361;73755;43901;18211;285959;70731;1998;64.0
65;Hautes-Pyrénées;55916;58707;39127;21300;222764;47714;27587;29712;21210;13620;115243;23114;28329;28995;17917;7680;107521;24600;1998;65.0
66;Pyrénées-Orientales;96770;94334;70944;38570;389051;88433;49313;49034;38273;23726;203536;43190;47457;45300;32671;14844;185515;45243;1998;66.0
67;Bas-Rhin;318861;253183;125447;55805;1016591;263295;159408;124768;69101;38483;520866;129106;159453;128415;56346;17322;495725;134189;1998;67.0
68;Haut-Rhin;206582;180756;92441;38594;703394;185021;102388;88625;50491;26505;358300;90291;104194;92131;41950;12089;345094;94730;1998;68.0
69;Rhône;481055;383384;190458;93155;1566215;418163;244565;195597;104836;62133;813159;206028;236490;187787;85622;31022;753056;212135;1998;69.0
70;Haute-Saône;60421;58744;33448;16983;229150;59554;29336;28707;17937;10908;115678;28790;31085;30037;15511;6075;113472;30764;1998;70.0
71;Saône-et-Loire;138385;141258;89773;47602;547472;130454;67876;70237;48512;30664;280499;63210;70509;71021;41261;16938;266973;67244;1998;71.0
72;Sarthe;145162;128980;76720;40394;527687;136431;71553;64468;41267;25634;269569;66647;73609;64512;35453;14760;258118;69784;1998;72.0
73;Savoie;106491;94865;49769;24245;369897;94527;52623;47076;26865;15820;188269;45885;53868;47789;22904;8425;181628;48642;1998;73.0
74;Haute-Savoie;187078;164524;71560;33248;625854;169444;92790;81679;38622;21528;316630;82011;94288;82845;32938;11720;309224;87433;1998;74.0
75;Paris;765258;536524;246059;156170;2111315;407304;394147;279394;141018;105550;1122769;202660;371111;257130;105041;50620;988546;204644;1998;75.0
76;Seine-Maritime;356839;306105;156493;77140;1239784;343207;179777;154002;86923;51258;639978;168018;177062;152103;69570;25882;599806;175189;1998;76.0
77;Seine-et-Marne;353291;310238;110254;53080;1182543;355680;178752;153362;58954;34794;599345;173483;174539;156876;51300;18286;583198;182197;1998;77.0
78;Yvelines;398616;365116;138329;60046;1353723;391616;201346;183541;73384;39721;688905;190913;197270;181575;64945;20325;664818;200703;1998;78.0
79;Deux-Sèvres;90196;86197;54983;29363;344574;83835;44144;42884;28823;18068;174396;40477;46052;43313;26160;11295;170178;43358;1998;79.0
80;Somme;161403;134197;74101;35733;554595;149161;80498;67017;40515;23064;284375;73281;80905;67180;33586;12669;270220;75880;1998;80.0
81;Tarn;83934;86962;60577;32963;342629;78193;41588;44058;32247;20447;176201;37861;42346;42904;28330;12516;166428;40332;1998;81.0
82;Tarn-et-Garonne;52304;52163;33847;18678;205519;48527;25913;26039;18012;11453;105013;23596;26391;26124;15835;7225;100506;24931;1998;82.0
83;Var;224309;227039;150819;77927;891598;211504;113043;116319;80701;48774;461996;103159;111266;110720;70118;29153;429602;108345;1998;83.0
84;Vaucluse;132754;127173;70931;35697;496948;130393;67179;64318;38072;22680;255836;63587;65575;62855;32859;13017;241112;66806;1998;84.0
85;Vendée;140330;130822;87082;41449;535322;135639;68324;64938;46325;26227;271761;65947;72006;65884;40757;15222;263561;69692;1998;85.0
86;Vienne;114271;96850;58024;32402;397941;96394;57526;48603;30648;20231;204576;47568;56745;48247;27376;12171;193365;48826;1998;86.0
87;Haute-Vienne;95119;91280;58554;33876;353941;75112;47943;46028;31841;21448;184020;36760;47176;45252;26713;12428;169921;38352;1998;87.0
88;Vosges;101642;95834;56519;28016;381791;99780;49699;47352;31218;18738;195484;48477;51943;48482;25301;9278;186307;51303;1998;88.0
89;Yonne;84370;83355;52440;29075;332773;83533;41698;40669;28136;18534;169483;40446;42672;42686;24304;10541;163290;43087;1998;89.0
90;Territoire de Belfort;40314;34643;17655;8190;137234;36432;19315;17091;9620;5503;69080;17551;20999;17552;8035;2687;68154;18881;1998;90.0
91;Essonne;349237;299925;115130;48693;1133653;320668;174041;150525;60981;32447;574874;156880;175196;149400;54149;16246;558779;163788;1998;91.0
92;Hauts-de-Seine;469396;353524;163417;85975;1419110;346798;240766;180777;91379;57808;741210;170480;228630;172747;72038;28167;677900;176318;1998;92.0
93;Seine-Saint-Denis;437812;347532;139888;58301;1386023;402490;224225;170418;76186;38795;707029;197405;213587;177114;63702;19506;678994;205085;1998;93.0
94;Val-de-Marne;391721;312974;137993;67714;1225473;315071;199224;158114;76911;45353;634285;154683;192497;154860;61082;22361;591188;160388;1998;94.0
95;Val-d'Oise;333218;285747;102990;44277;1100782;334550;170100;142630;55594;29687;561540;163529;163118;143117;47396;14590;539242;171021;1998;95.0
971;Guadeloupe;121010;83131;34172;15733;380738;126692;62910;43800;18583;9552;197227;62382;58100;39331;15589;6181;183511;64310;1998;971.0
972;Martinique;116858;84003;40449;18566;377221;117345;61437;44886;22086;11485;197904;58010;55421;39117;18363;7081;179317;59335;1998;972.0
973;Guyane;47755;27292;6178;2255;150242;66762;24125;12950;3023;1322;74332;32912;23630;14342;3155;933;75910;33850;1998;973.0
974;La Réunion;228359;136181;47942;16519;692184;263183;116510;68766;26089;10829;351748;129554;111849;67415;21853;5690;340436;133629;1998;974.0
2A;Corse-du-Sud;31448;30881;18941;9205;118712;28237;16210;15176;10085;5940;61018;13607;15238;15705;8856;3265;57694;14630;1997;
2B;Haute-Corse;39024;36185;22212;11047;140385;31917;19531;17314;11818;7073;71280;15544;19493;18871;10394;3974;69105;16373;1997;
01;Ain;143846;128419;61294;29643;504201;140999;71122;62693;32263;19027;253840;68735;72724;65726;29031;10616;250361;72264;1997;1.0
02;Aisne;148508;130143;75769;32618;537751;150713;73429;64202;41544;21374;274219;73670;75079;65941;34225;11244;263532;77043;1997;2.0
03;Allier;87333;88689;63312;33536;348200;75330;43112;44604;34700;21670;180807;36721;44221;44085;28612;11866;167393;38609;1997;3.0
04;Alpes-de-Haute-Provence;35310;35410;23081;11584;138373;32988;17715;17554;12092;7168;70470;15941;17595;17856;10989;4416;67903;17047;1997;4.0
05;Hautes-Alpes;32160;30178;18046;9352;119433;29697;16001;15007;9431;5826;60645;14380;16159;15171;8615;3526;58788;15317;1997;5.0
06;Alpes-Maritimes;260726;250775;167079;103300;1002360;220480;134495;130745;92934;66702;532376;107500;126231;120030;74145;36598;469984;112980;1997;6.0
07;Ardèche;73281;72113;46218;23900;283811;68299;35853;35732;24347;15525;144654;33197;37428;36381;21871;8375;139157;35102;1997;7.0
08;Ardennes;81179;70752;41733;17325;292175;81186;39980;34803;22734;11412;148298;39369;41199;35949;18999;5913;143877;41817;1997;8.0
09;Ariège;33412;33961;25481;14192;136544;29498;16494;16646;13460;8695;69527;14232;16918;17315;12021;5497;67017;15266;1997;9.0
10;Aube;81160;73167;41093;20988;292712;76304;40041;36382;22441;13552;149603;37187;41119;36785;18652;7436;143109;39117;1997;10.0
11;Aude;76644;74866;55289;29896;305604;68909;37758;37843;29476;18468;156938;33393;38886;37023;25813;11428;148666;35516;1997;11.0
12;Aveyron;64998;65570;50340;27230;265027;56889;31342;32418;26528;16971;134700;27441;33656;33152;23812;10259;130327;29448;1997;12.0
13;Bouches-du-Rhône;521386;462583;248187;123233;1815271;459882;266248;235695;135237;79219;940830;224431;255138;226888;112950;44014;874441;235451;1997;13.0
14;Calvados;186510;155331;85085;38934;641868;176008;93677;78480;47074;26135;332105;86739;92833;76851;38011;12799;309763;89269;1997;14.0
15;Cantal;39089;38797;27853;14297;152740;32704;18883;18881;14794;9114;77529;15857;20206;19916;13059;5183;75211;16847;1997;15.0
16;Charente;88953;86008;56123;29590;340431;79757;44049;43204;29901;18829;174791;38808;44904;42804;26222;10761;165640;40949;1997;16.0
17;Charente-Maritime;137641;137305;96712;48586;547041;126797;68532;69948;51608;30422;282114;61604;69109;67357;45104;18164;264927;65193;1997;17.0
18;Cher;82901;80432;51771;26888;316121;74129;40972;39566;27613;17384;161604;36069;41929;40866;24158;9504;154517;38060;1997;18.0
19;Corrèze;57800;59095;44479;24596;233767;47797;28042;29475;24170;15644;120445;23114;29758;29620;20309;8952;113322;24683;1997;19.0
21;Côte-d'Or;150462;124210;65650;33874;505716;131520;76194;62064;35685;21936;260977;65098;74268;62146;29965;11938;244739;66422;1997;21.0
22;Côtes-d'Armor;133182;133556;96754;45423;539324;130409;64760;66683;53281;30363;278581;63494;68422;66873;43473;15060;260743;66915;1997;22.0
23;Creuse;29192;30434;26854;15444;125856;23932;14023;14714;14286;9855;64458;11580;15169;15720;12568;5589;61398;12352;1997;23.0
24;Dordogne;93108;97872;74988;39491;387393;81934;46253;49339;39908;24724;200027;39803;46855;48533;35080;14767;187366;42131;1997;24.0
25;Doubs;147949;123117;62758;27650;497719;136245;73698;61390;33887;18076;253648;66597;74251;61727;28871;9574;244071;69648;1997;25.0
26;Drôme;115589;109524;62010;30507;432251;114621;57783;55007;33248;19428;221134;55668;57806;54517;28762;11079;211117;58953;1997;26.0
27;Eure;152207;134401;66565;30520;537186;153493;75745;66113;35716;19972;272249;74703;76462;68288;30849;10548;264937;78790;1997;27.0
28;Eure-et-Loir;112024;101676;53132;27021;407793;113940;55793;49871;28295;16947;206550;55644;56231;51805;24837;10074;201243;58296;1997;28.0
29;Finistère;231855;204208;135032;64724;847075;211256;111787;102051;75989;43786;436347;102734;120068;102157;59043;20938;410728;108522;1997;29.0
30;Gard;162349;156107;94118;46502;612981;153905;81598;78797;50445;29288;315421;75293;80751;77310;43673;17214;297560;78612;1997;30.0
31;Haute-Garonne;331941;248934;125718;63862;1016846;246391;166874;126642;68276;40478;523213;120943;165067;122292;57442;23384;493633;125448;1997;31.0
32;Gers;41428;44217;33371;17830;172401;35555;20375;22022;17135;10825;87502;17145;21053;22195;16236;7005;84899;18410;1997;32.0
33;Gironde;377795;318432;172058;89567;1270159;312307;192189;162309;94394;58611;660703;153200;185606;156123;77664;30956;609456;159107;1997;33.0
34;Hérault;252090;211531;129490;65750;872270;213409;129854;109113;70110;41238;455000;104685;122236;102418;59380;24512;417270;108724;1997;34.0
35;Ille-et-Vilaine;259650;199053;110446;50408;848726;229169;129485;100132;60647;33628;436291;112399;130165;98921;49799;16780;412435;116770;1997;35.0
36;Indre;58885;58131;42370;23206;232829;50237;28831;28617;22616;14668;119238;24506;30054;29514;19754;8538;113591;25731;1997;36.0
37;Indre-et-Loire;157817;134974;76377;41100;549262;138994;80015;68334;40951;26238;284357;68819;77802;66640;35426;14862;264905;70175;1997;37.0
38;Isère;324512;268854;130644;58372;1076887;294505;160439;134305;70207;38041;546492;143500;164073;134549;60437;20331;530395;151005;1997;38.0
39;Jura;67243;61887;38077;19330;250659;64122;33106;30532;20442;12215;127476;31181;34137;31355;17635;7115;123183;32941;1997;39.0
40;Landes;83198;82086;57261;28013;323150;72592;40662;41477;30499;17969;165611;35004;42536;40609;26762;10044;157539;37588;1997;40.0
41;Loir-et-Cher;81978;76940;51531;27589;313660;75622;40476;38304;27278;17261;160217;36898;41502;38636;24253;10328;153443;38724;1997;41.0
42;Loire;197860;184168;109854;53717;735287;189688;98352;92679;60891;35650;380326;92754;99508;91489;48963;18067;354961;96934;1997;42.0
43;Haute-Loire;54137;51533;34876;17158;207555;49851;26222;24912;18888;11246;105397;24129;27915;26621;15988;5912;102158;25722;1997;43.0
44;Loire-Atlantique;324183;274087;144655;65660;1114088;305503;161718;138863;80511;44055;574695;149548;162465;135224;64144;21605;539393;155955;1997;44.0
45;Loiret;174777;151465;81737;40890;612369;163500;87150;75485;43787;25709;312287;80156;87627;75980;37950;15181;300082;83344;1997;45.0
46;Lot;37766;40035;31435;16248;159074;33590;18598;20065;16564;10121;81670;16322;19168;19970;14871;6127;77404;17268;1997;46.0
47;Lot-et-Garonne;74872;76951;54293;28309;304591;70166;37659;38918;28979;17605;157259;34098;37213;38033;25314;10704;147332;36068;1997;47.0
48;Lozère;19130;18278;12422;7020;73219;16369;9153;8602;6372;4401;36422;7894;9977;9676;6050;2619;36797;8475;1997;48.0
49;Maine-et-Loire;208271;169281;95317;47589;727143;206685;104017;85242;51757;30884;373125;101225;104254;84039;43560;16705;354018;105460;1997;49.0
50;Manche;128225;112723;78026;35203;480858;126681;62420;55742;42293;23312;245138;61371;65805;56981;35733;11891;235720;65310;1997;50.0
51;Marne;173296;138180;68472;32845;565798;153005;86517;69019;37510;21649;289714;75019;86779;69161;30962;11196;276084;77986;1997;51.0
52;Haute-Marne;52848;48781;29817;14346;197242;51450;25818;23882;16108;9242;99862;24812;27030;24899;13709;5104;97380;26638;1997;52.0
53;Mayenne;77346;66159;42330;20659;283126;76632;37384;33181;22514;13501;143518;36938;39962;32978;19816;7158;139608;39694;1997;53.0
54;Meurthe-et-Moselle;214746;174175;96890;40870;716448;189767;107496;87478;53626;27548;368851;92703;107250;86697;43264;13322;347597;97064;1997;54.0
55;Meuse;52915;46950;29749;13455;194338;51269;25522;23083;16118;8830;98360;24807;27393;23867;13631;4625;95978;26462;1997;55.0
56;Morbihan;170654;153728;102890;44919;635229;163038;82852;77139;56577;29980;325797;79249;87802;76589;46313;14939;309432;83789;1997;56.0
57;Moselle;305102;255244;138596;50249;1022509;273318;150808;126636;74924;33547;519009;133094;154294;128608;63672;16702;503500;140224;1997;57.0
58;Nièvre;55335;57404;42068;22084;227623;50732;27172;28552;22675;14362;117449;24688;28163;28852;19393;7722;110174;26044;1997;58.0
59;Nord;762486;589477;310747;128787;2553508;762011;382587;297066;175795;88422;1316522;372652;379899;292411;134952;40365;1236986;389359;1997;59.0
60;Oise;225763;193449;82784;36513;763991;225482;112433;94241;44343;23838;384470;109615;113330;99208;38441;12675;379521;115867;1997;60.0
61;Orne;76459;71303;47506;22162;293414;75984;37341;35496;25444;14501;149570;36788;39118;35807;22062;7661;143844;39196;1997;61.0
62;Pas-de-Calais;407231;335988;193467;80880;1441027;423461;201853;169052;110033;55509;742894;206447;205378;166936;83434;25371;698133;217014;1997;62.0
63;Puy-de-Dôme;172915;157709;88197;40993;601736;141922;86130;78603;48534;26890;309928;69771;86785;79106;39663;14103;291808;72151;1997;63.0
64;Pyrénées-Atlantiques;159287;148171;96389;50240;591529;137442;79429;75708;52365;32740;306913;66671;79858;72463;44024;17500;284616;70771;1997;64.0
65;Hautes-Pyrénées;57082;57955;39591;20639;223109;47842;28186;29324;21462;13249;115415;23194;28896;28631;18129;7390;107694;24648;1997;65.0
66;Pyrénées-Orientales;96785;92348;71183;37119;385113;87678;49262;48093;38329;22916;201412;42812;47523;44255;32854;14203;183701;44866;1997;66.0
67;Bas-Rhin;320930;247941;124907;53882;1009849;262189;160363;121954;69423;37108;517515;128667;160567;125987;55484;16774;492334;133522;1997;67.0
68;Haut-Rhin;209115;177089;92492;37129;700930;185105;103626;86665;50844;25624;357003;90244;105489;90424;41648;11505;343927;94861;1997;68.0
69;Rhône;483659;379544;190680;90068;1561309;417358;245883;193141;105157;60500;810266;205585;237776;186403;85523;29568;751043;211773;1997;69.0
70;Haute-Saône;61194;57732;33675;16403;229186;60182;29683;28195;18091;10594;115675;29112;31511;29537;15584;5809;113511;31070;1997;70.0
71;Saône-et-Loire;140976;139728;90816;45889;549365;131956;69106;69507;49038;29764;281398;63983;71870;70221;41778;16125;267967;67973;1997;71.0
72;Sarthe;146873;126917;76869;38903;526451;136889;72414;63432;41287;24861;268893;66899;74459;63485;35582;14042;257558;69990;1997;72.0
73;Savoie;106874;92887;49623;23241;366909;94284;52751;46013;26846;15143;186550;45797;54123;46874;22777;8098;180359;48487;1997;73.0
74;Haute-Savoie;187727;160582;71128;31686;619963;168840;93038;79548;38506;20634;313549;81823;94689;81034;32622;11052;306414;87017;1997;74.0
75;Paris;765871;532263;249644;155261;2110869;407830;394785;276527;144066;105338;1123521;202805;371086;255736;105578;49923;987348;205025;1997;75.0
76;Seine-Maritime;361556;301220;157064;74593;1239146;344713;182100;151404;87360;49723;639406;168819;179456;149816;69704;24870;599740;175894;1997;76.0
77;Seine-et-Marne;354429;304511;109231;51621;1176289;356497;179391;150187;58531;33987;595845;173749;175038;154324;50700;17634;580444;182748;1997;77.0
78;Yvelines;402438;362235;136630;58046;1353180;393831;203377;181550;72758;38524;688190;191981;199061;180685;63872;19522;664990;201850;1997;78.0
79;Deux-Sèvres;91371;84767;55446;28389;344760;84787;44777;42113;29076;17490;174445;40989;46594;42654;26370;10899;170315;43798;1997;79.0
80;Somme;162750;131825;74593;34403;553670;150099;81301;65767;40740;22366;283856;73682;81449;66058;33853;12037;269814;76417;1997;80.0
81;Tarn;85028;85622;61202;31772;342116;78492;42188;43367;32549;19880;175930;37946;42840;42255;28653;11892;166186;40546;1997;81.0
82;Tarn-et-Garonne;53019;51246;34323;18072;205208;48548;26241;25597;18207;11167;104817;23605;26778;25649;16116;6905;100391;24943;1997;82.0
83;Var;225234;221598;150803;74968;882587;209984;113511;113353;80719;47129;456962;102250;111723;108245;70084;27839;425625;107734;1997;83.0
84;Vaucluse;133530;124624;71036;34356;492980;129434;67697;62780;38217;21920;253640;63026;65833;61844;32819;12436;239340;66408;1997;84.0
85;Vendée;141123;127508;87049;39610;531497;136207;68666;63253;46335;25262;269816;66300;72457;64255;40714;14348;261681;69907;1997;85.0
86;Vienne;114566;95092;58376;31382;395846;96430;57668;47675;30846;19654;203368;47525;56898;47417;27530;11728;192478;48905;1997;86.0
87;Haute-Vienne;95946;90283;59561;32943;354424;75691;48365;45449;32426;20995;184249;37014;47581;44834;27135;11948;170175;38677;1997;87.0
88;Vosges;103218;94977;56625;27263;382949;100866;50549;46921;31326;18307;196062;48959;52669;48056;25299;8956;186887;51907;1997;88.0
89;Yonne;85030;81546;52931;28251;331697;83939;42097;39680;28425;18141;168932;40589;42933;41866;24506;10110;162765;43350;1997;89.0
90;Territoire de Belfort;40657;34160;17800;7819;137155;36719;19497;16869;9743;5248;69013;17656;21160;17291;8057;2571;68142;19063;1997;90.0
91;Essonne;352878;297179;113526;47109;1131514;320822;175692;148873;60340;31575;573370;156890;177186;148306;53186;15534;558144;163932;1997;91.0
92;Hauts-de-Seine;469905;349638;164964;83645;1412292;344140;241014;178211;92636;56441;737482;169180;228891;171427;72328;27204;674810;174960;1997;92.0
93;Seine-Saint-Denis;443667;344015;140484;56704;1388804;403934;227045;168176;76829;37900;708034;198084;216622;175839;63655;18804;680770;205850;1997;93.0
94;Val-de-Marne;394876;309197;138739;65416;1222429;314201;200575;156013;77480;44046;632397;154283;194301;153184;61259;21370;590032;159918;1997;94.0
95;Val-d'Oise;337011;281395;102666;42947;1100050;336031;172018;140097;55627;28886;560799;164171;164993;141298;47039;14061;539251;171860;1997;95.0
971;Guadeloupe;120237;80321;33346;15040;376164;127220;62353;42238;18128;9156;194535;62660;57884;38083;15218;5884;181629;64560;1997;971.0
972;Martinique;116620;81756;39502;17888;373873;118107;61167;43631;21559;11090;195786;58339;55453;38125;17943;6798;178087;59768;1997;972.0
973;Guyane;46615;25837;5962;2143;144937;64380;23346;12191;2924;1251;71452;31740;23269;13646;3038;892;73485;32640;1997;973.0
974;La Réunion;225403;131611;46241;15632;680185;261298;114997;66429;25218;10337;345715;128734;110406;65182;21023;5295;334470;132564;1997;974.0
2B;Haute-Corse;39462;35774;22130;10724;140003;31913;19678;16979;11852;6872;70981;15600;19784;18795;10278;3852;69022;16313;1996;
2A;Corse-du-Sud;32170;30521;19184;8870;119165;28420;16509;14922;10248;5734;61089;13676;15661;15599;8936;3136;58076;14744;1996;
01;Ain;144245;125299;61208;28463;499310;140095;71210;61009;32315;18358;251249;68357;73035;64290;28893;10105;248061;71738;1996;1.0
02;Aisne;151033;127658;76725;31061;538017;151540;74735;62944;42027;20570;274217;73941;76298;64714;34698;10491;263800;77599;1996;2.0
03;Allier;89074;87762;64302;32246;349376;75992;43982;44152;35214;20920;181284;37016;45092;43610;29088;11326;168092;38976;1996;3.0
04;Alpes-de-Haute-Provence;35833;34802;23191;11009;137453;32618;17903;17264;12127;6849;69947;15804;17930;17538;11064;4160;67506;16814;1996;4.0
05;Hautes-Alpes;32522;29427;18116;8931;118526;29530;16135;14601;9461;5620;60092;14275;16387;14826;8655;3311;58434;15255;1996;5.0
06;Alpes-Maritimes;262644;248048;169788;100331;1000154;219343;135204;129234;94547;65023;531076;107068;127440;118814;75241;35308;469078;112275;1996;6.0
07;Ardèche;74130;70796;46717;22865;282838;68330;36337;35014;24701;14912;144176;33212;37793;35782;22016;7953;138662;35118;1996;7.0
08;Ardennes;82415;69855;42050;16518;292822;81984;40599;34395;22909;10951;148680;39826;41816;35460;19141;5567;144142;42158;1996;8.0
09;Ariège;33831;33302;25895;13729;136219;29462;16691;16341;13663;8430;69354;14229;17140;16961;12232;5299;66865;15233;1996;9.0
10;Aube;82116;72121;41289;20419;292381;76436;40539;35796;22574;13172;149295;37214;41577;36325;18715;7247;143086;39222;1996;10.0
11;Aude;77693;73386;56372;28563;304530;68516;38121;37085;30071;17719;156174;33178;39572;36301;26301;10844;148356;35338;1996;11.0
12;Aveyron;65889;65178;50694;26363;265492;57368;31796;32201;26766;16582;135049;27704;34093;32977;23928;9781;130443;29664;1996;12.0
13;Bouches-du-Rhône;525159;457394;250100;118028;1809226;458545;268128;232484;136494;76204;936953;223643;257031;224910;113606;41824;872273;234902;1996;13.0
14;Calvados;187880;151785;85222;36917;637669;175865;94532;76601;47202;25020;329985;86630;93348;75184;38020;11897;307684;89235;1996;14.0
15;Cantal;40037;38356;28282;13761;153777;33341;19368;18638;15072;8795;78054;16181;20669;19718;13210;4966;75723;17160;1996;15.0
16;Charente;90575;84641;56731;28448;340786;80391;44859;42422;30293;18217;174948;39157;45716;42219;26438;10231;165838;41234;1996;16.0
17;Charente-Maritime;139189;134432;97275;46319;543835;126620;69343;68390;51964;29171;280480;61612;69846;66042;45311;17148;263355;65008;1996;17.0
18;Cher;84707;79497;52087;26037;316913;74585;41712;39177;27821;16898;162009;36401;42995;40320;24266;9139;154904;38184;1996;18.0
19;Corrèze;58884;58338;45472;23521;234541;48326;28551;29124;24761;15008;120853;23409;30333;29214;20711;8513;113688;24917;1996;19.0
21;Côte-d'Or;151953;122027;65967;32535;504022;131540;76836;60923;35932;21115;259897;65091;75117;61104;30035;11420;244125;66449;1996;21.0
22;Côtes-d'Armor;134540;131389;97281;43133;536856;130513;65384;65730;53595;29003;277305;63593;69156;65659;43686;14130;259551;66920;1996;22.0
23;Creuse;29812;30170;27400;14914;126359;24063;14349;14567;14554;9589;64713;11654;15463;15603;12846;5325;61646;12409;1996;23.0
24;Dordogne;94544;96286;75907;37682;386685;82266;46902;48565;40431;23693;199559;39968;47642;47721;35476;13989;187126;42298;1996;24.0
25;Doubs;149379;121454;62546;26596;496848;136873;74331;60432;33841;17449;253086;67033;75048;61022;28705;9147;243762;69840;1996;25.0
26;Drôme;116757;107114;62313;29234;429211;113793;58182;53840;33407;18740;219503;55334;58575;53274;28906;10494;209708;58459;1996;26.0
27;Eure;153948;131151;66472;29331;534513;153611;76632;64373;35688;19299;270700;74708;77316;66778;30784;10032;263813;78903;1996;27.0
28;Eure-et-Loir;113344;99515;53549;25976;406961;114577;56518;48706;28552;16412;206105;55917;56826;50809;24997;9564;200856;58660;1996;28.0
29;Finistère;234293;200457;135871;62213;844116;211282;113092;100180;76602;42284;434899;102741;121201;100277;59269;19929;409217;108541;1996;29.0
30;Gard;164142;152839;94864;44371;608972;152756;82439;77053;50944;28094;313184;74654;81703;75786;43920;16277;295788;78102;1996;30.0
31;Haute-Garonne;331514;243135;125956;61023;1004166;242538;166654;123594;68654;38847;516742;118993;164860;119541;57302;22176;487424;123545;1996;31.0
32;Gers;42341;43811;33646;17196;172560;35566;20841;21762;17238;10511;87502;17150;21500;22049;16408;6685;85058;18416;1996;32.0
33;Gironde;380110;312133;174050;85380;1263427;311754;193220;158879;95759;56243;657032;152931;186890;153254;78291;29137;606395;158823;1996;33.0
34;Hérault;251193;206474;130540;62447;861681;211027;129201;106455;70704;39333;449270;103577;121992;100019;59836;23114;412411;107450;1996;34.0
35;Ille-et-Vilaine;259506;194910;110447;47885;840650;227902;129368;98109;60839;32140;432299;111843;130138;96801;49608;15745;408351;116059;1996;35.0
36;Indre;59769;57445;42924;22507;233375;50730;29259;28290;22963;14222;119558;24824;30510;29155;19961;8285;113817;25906;1996;36.0
37;Indre-et-Loire;159062;132304;76505;39439;546156;138846;80587;66989;41106;25300;282721;68739;78475;65315;35399;14139;263435;70107;1996;37.0
38;Isère;325416;263505;130313;55561;1067838;293043;161021;131301;70117;36600;541888;142849;164395;132204;60196;18961;525950;150194;1996;38.0
39;Jura;68162;60963;38583;18599;250869;64562;33526;30044;20780;11823;127597;31424;34636;30919;17803;6776;123272;33138;1996;39.0
40;Landes;83935;80694;57424;26670;321240;72517;41036;40725;30583;17318;164610;34948;42899;39969;26841;9352;156630;37569;1996;40.0
41;Loir-et-Cher;82904;75588;51706;26638;312590;75754;40907;37604;27320;16858;159675;36986;41997;37984;24386;9780;152915;38768;1996;41.0
42;Loire;200953;183086;111103;51869;738670;191659;99964;92101;61515;34630;381949;93739;100989;90985;49588;17239;356721;97920;1996;42.0
43;Haute-Loire;54745;50602;35182;16523;206895;49843;26477;24558;19050;10915;105125;24125;28268;26044;16132;5608;101770;25718;1996;43.0
44;Loire-Atlantique;324316;268535;144464;62316;1105020;305389;161790;136058;80571;42119;570046;149508;162526;132477;63893;20197;534974;155881;1996;44.0
45;Loiret;175725;148475;81839;39167;608331;163125;87666;73820;43901;24677;310029;79965;88059;74655;37938;14490;298302;83160;1996;45.0
46;Lot;38291;39286;31745;15525;158363;33516;18903;19633;16776;9736;81332;16284;19388;19653;14969;5789;77031;17232;1996;46.0
47;Lot-et-Garonne;76087;75851;54755;27088;304064;70283;38194;38374;29324;16868;156924;34164;37893;37477;25431;10220;147140;36119;1996;47.0
48;Lozère;19344;17985;12600;6700;73033;16404;9231;8501;6463;4214;36338;7929;10113;9484;6137;2486;36695;8475;1996;48.0
49;Maine-et-Loire;209802;165756;95563;45665;724324;207538;104926;83504;51910;29784;371680;101556;104876;82252;43653;15881;352644;105982;1996;49.0
50;Manche;130241;110979;78221;33452;480267;127374;63300;54968;42470;22365;244904;61801;66941;56011;35751;11087;235363;65573;1996;50.0
51;Marne;175262;136087;68665;31631;565544;153899;87449;67884;37659;20960;289428;75476;87813;68203;31006;10671;276116;78423;1996;51.0
52;Haute-Marne;54135;48146;30024;13865;198275;52105;26411;23566;16236;8975;100331;25143;27724;24580;13788;4890;97944;26962;1996;52.0
53;Mayenne;78012;64987;42402;19946;282376;77029;37674;32705;22604;13121;143274;37170;40338;32282;19798;6825;139102;39859;1996;53.0
54;Meurthe-et-Moselle;217861;172153;97476;39144;717201;190567;109047;86407;54011;26556;369177;93156;108814;85746;43465;12588;348024;97411;1996;54.0
55;Meuse;53732;46067;30117;12897;194622;51809;25923;22622;16331;8556;98486;25054;27809;23445;13786;4341;96136;26755;1996;55.0
56;Morbihan;172581;150668;102574;42550;632042;163669;83744;75705;56458;28600;324138;79631;88837;74963;46116;13950;307904;84038;1996;56.0
57;Moselle;309504;250956;137965;47442;1020258;274391;153231;124209;74771;31857;517517;133449;156273;126747;63194;15585;502741;140942;1996;57.0
58;Nièvre;56571;56656;42780;21253;228568;51308;27757;28158;23081;13909;117901;24996;28814;28498;19699;7344;110667;26312;1996;58.0
59;Nord;769796;579926;315248;122152;2552731;765609;386343;291931;178439;84486;1315591;374392;383453;287995;136809;37666;1237140;391217;1996;59.0
60;Oise;227623;189581;82569;35209;760914;225932;113480;92066;44295;23105;382713;109767;114143;97515;38274;12104;378201;116165;1996;60.0
61;Orne;77770;70244;47779;21148;293516;76575;37998;35030;25597;14002;149732;37105;39772;35214;22182;7146;143784;39470;1996;61.0
62;Pas-de-Calais;411585;329555;194970;77407;1438800;425283;204022;165863;110813;53487;741749;207564;207563;163692;84157;23920;697051;217719;1996;62.0
63;Puy-de-Dôme;174997;155047;89231;38969;600840;142596;87214;77109;49164;25754;309385;70144;87783;77938;40067;13215;291455;72452;1996;63.0
64;Pyrénées-Atlantiques;160732;145983;96485;48502;589059;137357;80096;74644;52445;31700;305519;66634;80636;71339;44040;16802;283540;70723;1996;64.0
65;Hautes-Pyrénées;58320;57335;39920;19974;223560;48011;28748;29016;21620;12860;115562;23318;29572;28319;18300;7114;107998;24693;1996;65.0
66;Pyrénées-Orientales;96916;90547;71508;35546;381189;86672;49333;47095;38566;21970;199295;42331;47583;43452;32942;13576;181894;44341;1996;66.0
67;Bas-Rhin;323196;242298;124934;51576;1002555;260551;161468;118950;69963;35715;514036;127940;161728;123348;54971;15861;488519;132611;1996;67.0
68;Haut-Rhin;211224;173584;92194;35435;696784;184347;104669;84767;51059;24613;354926;89818;106555;88817;41135;10822;341858;94529;1996;68.0
69;Rhône;486148;376187;191566;86420;1556437;416116;247054;191072;105865;58388;807358;204979;239094;185115;85701;28032;749079;211137;1996;69.0
70;Haute-Saône;62048;56788;33889;15808;229104;60571;30152;27611;18256;10263;115581;29299;31896;29177;15633;5545;113523;31272;1996;70.0
71;Saône-et-Loire;143745;138167;91901;44296;551555;133446;70543;68666;49669;28858;282534;64798;73202;69501;42232;15438;269021;68648;1996;71.0
72;Sarthe;147987;124478;77067;37467;523975;136976;73034;62268;41389;24008;267533;66834;74953;62210;35678;13459;256442;70142;1996;72.0
73;Savoie;107806;90771;49581;22181;363987;93648;53099;44970;26939;14484;185073;45581;54707;45801;22642;7697;178914;48067;1996;73.0
74;Haute-Savoie;188364;156976;70546;30059;613467;167522;93286;77552;38369;19668;310148;81273;95078;79424;32177;10391;303319;86249;1996;74.0
75;Paris;769263;530103;254569;154071;2116512;408506;396658;274846;147851;104970;1127497;203172;372605;255257;106718;49101;989015;205334;1996;75.0
76;Seine-Maritime;366963;296662;157809;72057;1239937;346446;184719;149013;87802;48358;639595;169703;182244;147649;70007;23699;600342;176743;1996;76.0
77;Seine-et-Marne;356477;298681;108500;50057;1169827;356112;180640;146744;58284;33007;592197;173522;175837;151937;50216;17050;577630;182590;1996;77.0
78;Yvelines;406286;358956;135094;55582;1350539;394621;205391;179307;72171;37063;686405;192473;200895;179649;62923;18519;664134;202148;1996;78.0
79;Deux-Sèvres;92834;83773;55667;27446;345255;85535;45509;41599;29214;16985;174743;41436;47325;42174;26453;10461;170512;44099;1996;79.0
80;Somme;164199;129511;75178;33201;553038;150949;82002;64598;40982;21738;283518;74198;82197;64913;34196;11463;269520;76751;1996;80.0
81;Tarn;86239;84554;61852;30521;341940;78774;42786;42848;32903;19185;175806;38084;43453;41706;28949;11336;166134;40690;1996;81.0
82;Tarn-et-Garonne;53678;50493;34864;17191;204642;48416;26510;25227;18498;10671;104500;23594;27168;25266;16366;6520;100142;24822;1996;82.0
83;Var;225883;216259;150558;71232;871505;207573;113776;110483;80622;45122;450953;100950;112107;105776;69936;26110;420552;106623;1996;83.0
84;Vaucluse;134630;122483;71122;32759;489330;128336;68243;61513;38426;20964;251561;62415;66387;60970;32696;11795;237769;65921;1996;84.0
85;Vendée;142156;124661;86753;37778;528344;136996;69202;61863;46197;24232;268127;66633;72954;62798;40556;13546;260217;70363;1996;85.0
86;Vienne;115348;93279;58843;30141;393845;96234;58025;46753;31032;18994;202169;47365;57323;46526;27811;11147;191676;48869;1996;86.0
87;Haute-Vienne;96929;89134;60547;31844;354415;75961;48812;44778;33021;20410;184149;37128;48117;44356;27526;11434;170266;38833;1996;87.0
88;Vosges;104926;93594;57050;26409;383701;101722;51352;46215;31566;17843;196475;49499;53574;47379;25484;8566;187226;52223;1996;88.0
89;Yonne;85922;80029;53276;27454;330730;84049;42444;38984;28597;17698;168382;40659;43478;41045;24679;9756;162348;43390;1996;89.0
90;Territoire de Belfort;41106;33694;17783;7584;136975;36808;19679;16629;9756;5136;68960;17760;21427;17065;8027;2448;68015;19048;1996;90.0
91;Essonne;357258;295496;112024;45474;1131399;321147;177767;147773;59777;30563;573001;157121;179491;147723;52247;14911;558398;164026;1996;91.0
92;Hauts-de-Seine;471371;346780;166828;80793;1406949;341177;241712;175998;94058;54848;734517;167901;229659;170782;72770;25945;672432;173276;1996;92.0
93;Seine-Saint-Denis;450315;340132;140672;54918;1389668;403631;230237;165857;77341;36868;708168;197865;220078;174275;63331;18050;681500;205766;1996;93.0
94;Val-de-Marne;398923;306579;139364;63153;1221145;313126;202380;154353;78118;42713;631305;153741;196543;152226;61246;20440;589840;159385;1996;94.0
95;Val-d'Oise;341086;276898;102178;41392;1097809;336255;174218;137355;55590;27958;559376;164255;166868;139543;46588;13434;538433;172000;1996;95.0
971;Guadeloupe;119533;77613;32538;14376;371873;127813;61833;40743;17685;8772;192003;62970;57700;36870;14853;5604;179870;64843;1996;971.0
972;Martinique;116498;79583;38582;17237;370818;118918;60955;42419;21047;10708;193820;58691;55543;37164;17535;6529;176998;60227;1996;972.0
973;Guyane;45508;24461;5757;2038;139848;62084;22589;11475;2831;1185;68691;30611;22919;12986;2926;853;71157;31473;1996;973.0
974;La Réunion;222506;127120;44470;14984;668915;259835;113431;64159;24272;9978;339957;128117;109075;62961;20198;5006;328958;131718;1996;974.0
2A;Corse-du-Sud;32918;30237;19474;8466;119753;28658;16833;14731;10429;5520;61294;13781;16085;15506;9045;2946;58459;14877;1995;
2B;Haute-Corse;39538;35072;22181;10185;138663;31687;19597;16569;11882;6586;70159;15525;19941;18503;10299;3599;68504;16162;1995;
01;Ain;144996;122405;61197;27263;495127;139266;71551;59422;32365;17725;249032;67969;73445;62983;28832;9538;246095;71297;1995;1.0
02;Aisne;153222;125346;77602;29387;538324;152767;75733;61827;42419;19621;274144;74544;77489;63519;35183;9766;264180;78223;1995;2.0
03;Allier;90782;87056;65145;31105;351058;76970;44824;43699;35686;20269;182008;37530;45958;43357;29459;10836;169050;39440;1995;3.0
04;Alpes-de-Haute-Provence;36287;34114;23259;10437;136392;32295;18062;16914;12174;6533;69370;15687;18225;17200;11085;3904;67022;16608;1995;4.0
05;Hautes-Alpes;32833;28682;18207;8487;117530;29321;16219;14242;9512;5363;59542;14206;16614;14440;8695;3124;57988;15115;1995;5.0
06;Alpes-Maritimes;264742;245410;173257;96735;998702;218558;136225;127663;96614;62944;530077;106631;128517;117747;76643;33791;468625;111927;1995;6.0
07;Ardèche;74763;69543;47122;21745;281487;68314;36641;34364;24958;14326;143469;33180;38122;35179;22164;7419;138018;35134;1995;7.0
08;Ardennes;83770;68844;42159;15778;293368;82817;41197;33860;22994;10594;148954;40309;42573;34984;19165;5184;144414;42508;1995;8.0
09;Ariège;34533;32742;26459;13196;136496;29566;17024;16091;13914;8135;69416;14252;17509;16651;12545;5061;67080;15314;1995;9.0
10;Aube;83204;71101;41672;19682;292575;76916;41024;35250;22761;12775;149294;37484;42180;35851;18911;6907;143281;39432;1995;10.0
11;Aude;78582;72170;57261;27157;303404;68234;38359;36528;30501;16940;155357;33029;40223;35642;26760;10217;148047;35205;1995;11.0
12;Aveyron;66987;64717;51129;25627;266473;58013;32293;32007;27033;16154;135605;28118;34694;32710;24096;9473;130868;29895;1995;12.0
13;Bouches-du-Rhône;528538;451543;252033;112181;1802202;457907;269626;228960;137758;72957;932652;223351;258912;222583;114275;39224;869550;234556;1995;13.0
14;Calvados;189665;148045;85332;34682;633738;176014;95442;74816;47333;23655;327818;86572;94223;73229;37999;11027;305920;89442;1995;14.0
15;Cantal;40910;37859;28523;13204;154630;34134;19805;18418;15203;8513;78502;16563;21105;19441;13320;4691;76128;17571;1995;15.0
16;Charente;92240;83492;57150;27299;341371;81190;45713;41884;30545;17540;175234;39552;46527;41608;26605;9759;166137;41638;1995;16.0
17;Charente-Maritime;140592;131809;97832;43706;540779;126840;70080;67002;52285;27691;278733;61675;70512;64807;45547;16015;262046;65165;1995;17.0
18;Cher;86351;78716;52471;25258;318250;75454;42450;38771;28083;16496;162618;36818;43901;39945;24388;8762;155632;38636;1995;18.0
19;Corrèze;59970;57746;46245;22586;235422;48875;29205;28828;25131;14507;121315;23644;30765;28918;21114;8079;114107;25231;1995;19.0
21;Côte-d'Or;153422;119884;66392;31159;502767;131910;77565;59790;36149;20354;259111;65253;75857;60094;30243;10805;243656;66657;1995;21.0
22;Côtes-d'Armor;136610;129616;98424;40806;537009;131553;66335;64901;54307;27650;277327;64134;70275;64715;44117;13156;259682;67419;1995;22.0
23;Creuse;30378;29907;27881;14467;127002;24369;14553;14530;14727;9382;65005;11813;15825;15377;13154;5085;61997;12556;1995;23.0
24;Dordogne;96169;94872;76946;36116;386941;82838;47591;47841;41054;22870;199653;40297;48578;47031;35892;13246;187288;42541;1995;24.0
25;Doubs;150491;119581;62215;25332;495063;137444;74835;59397;33745;16710;251952;67265;75656;60184;28470;8622;243111;70179;1995;25.0
26;Drôme;118132;105277;62612;27868;427508;113619;58763;52895;33685;17972;218561;55246;59369;52382;28927;9896;208947;58373;1995;26.0
27;Eure;155410;127903;66583;27849;531677;153932;77292;62680;35751;18502;269130;74905;78118;65223;30832;9347;262547;79027;1995;27.0
28;Eure-et-Loir;114792;97444;53859;24880;406368;115393;57279;47535;28771;15775;205694;56334;57513;49909;25088;9105;200674;59059;1995;28.0
29;Finistère;236433;196981;137201;59072;841298;211611;114091;98562;77433;40347;433361;102928;122342;98419;59768;18725;407937;108683;1995;29.0
30;Gard;165641;149870;95829;42001;605413;152072;83039;75351;51561;26816;311056;74289;82602;74519;44268;15185;294357;77783;1995;30.0
31;Haute-Garonne;329948;237646;125956;58142;991133;239441;165687;120859;68798;37235;510112;117533;164261;116787;57158;20907;481021;121908;1995;31.0
32;Gers;43143;43239;34066;16489;172650;35713;21206;21430;17500;10100;87475;17239;21937;21809;16566;6389;85175;18474;1995;32.0
33;Gironde;381964;305608;176174;81062;1256465;311657;194008;155401;97076;53929;653217;152803;187956;150207;79098;27133;603248;158854;1995;33.0
34;Hérault;250132;201490;131478;58615;850037;208322;128512;103818;71241;37135;442883;102177;121620;97672;60237;21480;407154;106145;1995;34.0
35;Ille-et-Vilaine;258500;190739;110849;44986;832855;227781;128786;96221;61109;30476;428429;111837;129714;94518;49740;14510;404426;115944;1995;35.0
36;Indre;60896;56813;43337;21848;234056;51162;29761;28026;23151;13859;119807;25010;31135;28787;20186;7989;114249;26152;1995;36.0
37;Indre-et-Loire;160244;129635;76895;37701;543482;139007;81094;65598;41420;24320;281300;68868;79150;64037;35475;13381;262182;70139;1995;37.0
38;Isère;326290;258287;129956;53008;1059768;292227;161478;128386;70110;35176;537568;142418;164812;129901;59846;17832;522200;149809;1995;38.0
39;Jura;68847;59963;39060;17734;250509;64905;33855;29540;21036;11360;127413;31622;34992;30423;18024;6374;123096;33283;1995;39.0
40;Landes;84898;79324;57475;25614;319778;72467;41481;39970;30528;16822;163794;34993;43417;39354;26947;8792;155984;37474;1995;40.0
41;Loir-et-Cher;83686;74383;51980;25502;311590;76039;41270;36974;27532;16227;159070;37067;42416;37409;24448;9275;152520;38972;1995;41.0
42;Loire;203482;181616;111700;49825;740191;193568;101298;91373;61687;33565;382504;94581;102184;90243;50013;16260;357687;98987;1995;42.0
43;Haute-Loire;55387;49682;35470;15954;206511;50018;26784;24079;19264;10574;104891;24190;28603;25603;16206;5380;101620;25828;1995;43.0
44;Loire-Atlantique;324335;262597;144697;58953;1096033;305451;161726;133187;80859;40117;565372;149483;162609;129410;63838;18836;530661;155968;1995;44.0
45;Loiret;176488;145600;82081;37298;604569;163102;88110;72270;44090;23635;308015;79910;88378;73330;37991;13663;296554;83192;1995;45.0
46;Lot;38770;38692;32109;14842;157977;33564;19061;19379;16954;9393;81119;16332;19709;19313;15155;5449;76858;17232;1995;46.0
47;Lot-et-Garonne;77468;75026;55296;25816;304310;70704;38848;37942;29596;16158;156919;34375;38620;37084;25700;9658;147391;36329;1995;47.0
48;Lozère;19449;17679;12719;6487;72884;16550;9286;8379;6512;4119;36277;7981;10163;9300;6207;2368;36607;8569;1995;48.0
49;Maine-et-Loire;210520;162170;95671;43495;720569;208713;105203;81757;52116;28493;369694;102125;105317;80413;43555;15002;350875;106588;1995;49.0
50;Manche;132164;109262;78958;31472;480310;128454;63994;54349;42862;21316;244867;62346;68170;54913;36096;10156;235443;66108;1995;50.0
51;Marne;176918;133813;69022;30209;564908;154946;88298;66661;37874;20152;288909;75924;88620;67152;31148;10057;275999;79022;1995;51.0
52;Haute-Marne;55271;47562;30218;13389;199263;52823;26973;23269;16315;8760;100805;25488;28298;24293;13903;4629;98458;27335;1995;52.0
53;Mayenne;78305;64085;42461;18949;281443;77643;37868;32215;22706;12555;142878;37534;40437;31870;19755;6394;138565;40109;1995;53.0
54;Meurthe-et-Moselle;220686;169705;97715;37442;717273;191725;110453;85118;54197;25566;369060;93726;110233;84587;43518;11876;348213;97999;1995;54.0
55;Meuse;54492;45228;30409;12406;194887;52352;26359;22195;16449;8296;98628;25329;28133;23033;13960;4110;96259;27023;1995;55.0
56;Morbihan;174251;147942;102650;40071;629518;164604;84438;74515;56472;27164;322603;80014;89813;73427;46178;12907;306915;84590;1995;56.0
57;Moselle;314240;246561;137401;44961;1019421;276258;155697;121740;74734;30326;516782;134285;158543;124821;62667;14635;502639;141973;1995;57.0
58;Nièvre;57812;55952;43182;20679;229577;51952;28416;27691;23410;13556;118365;25292;29396;28261;19772;7123;111212;26660;1995;58.0
59;Nord;774696;569696;320046;114423;2548948;770087;388599;286436;181440;79902;1312879;376502;386097;283260;138606;34521;1236069;393585;1995;59.0
60;Oise;228881;185002;82350;33548;755673;225892;114067;89584;44237;22197;379974;109889;114814;95418;38113;11351;375699;116003;1995;60.0
61;Orne;78949;69520;48277;20004;294268;77518;38578;34716;25885;13331;150143;37633;40371;34804;22392;6673;144125;39885;1995;61.0
62;Pas-de-Calais;415476;323235;197104;73121;1437398;428462;205905;162779;111864;51083;740855;209224;209571;160456;85240;22038;696543;219238;1995;62.0
63;Puy-de-Dôme;176729;152803;89697;37107;600033;143697;88183;75868;49447;24701;308755;70556;88546;76935;40250;12406;291278;73141;1995;63.0
64;Pyrénées-Atlantiques;162656;144042;96975;46818;588226;137735;81011;73599;52825;30747;305021;66839;81645;70443;44150;16071;283205;70896;1995;64.0
65;Hautes-Pyrénées;59488;56803;40273;19167;223936;48205;29279;28753;21822;12373;115677;23450;30209;28050;18451;6794;108259;24755;1995;65.0
66;Pyrénées-Orientales;97004;88900;72011;33689;377296;85692;49308;46266;38789;20936;197167;41868;47696;42634;33222;12753;180129;43824;1995;66.0
67;Bas-Rhin;325227;236782;124692;49431;994932;258800;162459;116072;70409;34278;510441;127223;162768;120710;54283;15153;484491;131577;1995;67.0
68;Haut-Rhin;213088;169803;91774;34016;692543;183862;105442;82771;51129;23801;352791;89648;107646;87032;40645;10215;339752;94214;1995;68.0
69;Rhône;488701;372397;192436;82576;1551482;415372;248399;188600;106385;56370;804271;204517;240302;183797;86051;26206;747211;210855;1995;69.0
70;Haute-Saône;62776;56073;34186;15105;229376;61236;30549;27234;18450;9888;115768;29647;32227;28839;15736;5217;113608;31589;1995;70.0
71;Saône-et-Loire;146147;136523;92945;42423;553381;135343;71747;67853;50177;27886;283384;65721;74400;68670;42768;14537;269997;69622;1995;71.0
72;Sarthe;149207;122151;77449;35846;522462;137809;73663;61169;41538;23220;266841;67251;75544;60982;35911;12626;255621;70558;1995;72.0
73;Savoie;108593;89083;49719;21181;362340;93764;53472;44133;27035;13881;184154;45633;55121;44950;22684;7300;178186;48131;1995;73.0
74;Haute-Savoie;189112;153223;70280;28362;607187;166210;93565;75596;38300;18624;306780;80695;95547;77627;31980;9738;300407;85515;1995;74.0
75;Paris;770861;527583;260235;151858;2120545;410008;397693;272763;152137;103911;1130410;203906;373168;254820;108098;47947;990135;206102;1995;75.0
76;Seine-Maritime;371724;291765;158784;68796;1239357;348288;187086;146519;88301;46555;639028;170567;184638;145246;70483;22241;600329;177721;1995;76.0
77;Seine-et-Marne;357633;291190;107974;48026;1159421;354598;181174;142678;58219;31825;586558;172662;176459;148512;49755;16201;572863;181936;1995;77.0
78;Yvelines;409154;355041;133582;52746;1345471;394948;206789;176767;71619;35543;683424;192706;202365;178274;61963;17203;662047;202242;1995;78.0
79;Deux-Sèvres;94014;82539;56114;26119;345256;86470;46059;40989;29477;16180;174544;41839;47955;41550;26637;9939;170712;44631;1995;79.0
80;Somme;165388;127128;75822;31677;552153;152138;82530;63449;41328;20908;282950;74735;82858;63679;34494;10769;269203;77403;1995;80.0
81;Tarn;87626;83403;62568;29095;341873;79181;43427;42280;33233;18418;175649;38291;44199;41123;29335;10677;166224;40890;1995;81.0
82;Tarn-et-Garonne;54421;49691;35349;16407;204268;48400;26844;24827;18778;10243;104253;23561;27577;24864;16571;6164;100015;24839;1995;82.0
83;Var;227574;212128;151548;67034;864290;206006;114463;108231;81272;42754;446783;100063;113111;103897;70276;24280;417507;105943;1995;83.0
84;Vaucluse;135729;120672;71250;31092;486196;127453;68651;60527;38489;20112;249806;62027;67078;60145;32761;10980;236390;65426;1995;84.0
85;Vendée;143005;121900;86364;35834;525250;138147;69692;60497;45980;23215;266426;67042;73313;61403;40384;12619;258824;71105;1995;85.0
86;Vienne;115782;91358;59273;28952;391878;96513;58225;45740;31264;18358;200977;47390;57557;45618;28009;10594;190901;49123;1995;86.0
87;Haute-Vienne;97864;88159;61141;30902;354518;76452;49339;44235;33353;19940;184225;37358;48525;43924;27788;10962;170293;39094;1995;87.0
88;Vosges;106434;92256;57236;25422;383907;102559;52085;45492;31763;17295;196506;49871;54349;46764;25473;8127;187401;52688;1995;88.0
89;Yonne;86778;78319;53892;26460;329784;84335;42804;38083;28919;17159;167794;40829;43974;40236;24973;9301;161990;43506;1995;89.0
90;Territoire de Belfort;41510;33199;17738;7309;136592;36836;19887;16324;9756;4999;68770;17804;21623;16875;7982;2310;67822;19032;1995;90.0
91;Essonne;359975;292928;110375;43499;1127647;320870;179073;146173;59017;29459;570568;156846;180902;146755;51358;14040;557079;164024;1995;91.0
92;Hauts-de-Seine;472209;344723;169020;77851;1403081;339278;241987;174347;95584;53191;732048;166939;230222;170376;73436;24660;671033;172339;1995;92.0
93;Seine-Saint-Denis;456110;336217;141005;52738;1389976;403906;232878;163386;77820;35765;707805;197956;223232;172831;63185;16973;682171;205950;1995;93.0
94;Val-de-Marne;402911;304418;140470;60685;1221918;313434;203988;153000;78914;41501;631359;153956;198923;151418;61556;19184;590559;159478;1995;94.0
95;Val-d'Oise;343377;271489;101343;39535;1090916;335172;175353;134174;55231;27039;555496;163699;168024;137315;46112;12496;535420;171473;1995;95.0
971;Guadeloupe;118916;75012;31759;13755;367867;128425;61360;39304;17252;8414;189617;63287;57556;35708;14507;5341;178250;65138;1995;971.0
972;Martinique;116486;77480;37688;16614;368045;119777;60796;41248;20551;10342;192001;59064;55690;36232;17137;6272;176044;60713;1995;972.0
973;Guyane;44434;23161;5559;1939;134968;59875;21858;10798;2739;1125;66047;29527;22576;12363;2820;814;68921;30348;1995;973.0
974;La Réunion;219015;122407;43192;13861;657162;258687;111612;61857;23608;9326;333981;127578;107403;60550;19584;4535;323181;131109;1995;974.0
2A;Corse-du-Sud;33440;29759;19268;8408;119677;28802;16966;14491;10299;5501;61127;13870;16474;15268;8969;2907;58550;14932;1994;
2B;Haute-Corse;39571;34331;21725;10101;137300;31572;19542;16180;11657;6488;69321;15454;20029;18151;10068;3613;67979;16118;1994;
01;Ain;145208;119558;59792;27291;491135;139286;71559;57873;31676;17792;246899;67999;73649;61685;28116;9499;244236;71287;1994;1.0
02;Aisne;154892;123086;75994;29666;537926;154288;76490;60678;41504;19850;273901;75379;78402;62408;34490;9816;264025;78909;1994;2.0
03;Allier;92086;86274;64192;31565;352441;78324;45417;43391;34998;20637;182746;38303;46669;42883;29194;10928;169695;40021;1994;3.0
04;Alpes-de-Haute-Provence;36485;33473;22693;10392;135216;32173;18070;16637;11864;6474;68722;15677;18415;16836;10829;3918;66494;16496;1994;4.0
05;Hautes-Alpes;33047;28092;17769;8464;116689;29317;16336;13895;9304;5341;59043;14167;16711;14197;8465;3123;57646;15150;1994;5.0
06;Alpes-Maritimes;266876;243859;172109;97441;998779;218494;137219;126657;96128;63311;529917;106602;129657;117202;75981;34130;468862;111892;1994;6.0
07;Ardèche;75184;68509;46300;21949;280897;68955;36885;33825;24518;14492;143169;33449;38299;34684;21782;7457;137728;35506;1994;7.0
08;Ardennes;84786;68015;41210;16010;294260;84239;41743;33363;22501;10730;149371;41034;43043;34652;18709;5280;144889;43205;1994;8.0
09;Ariège;34896;32297;26168;13468;136613;29784;17140;15916;13720;8295;69497;14426;17756;16381;12448;5173;67116;15358;1994;9.0
10;Aube;83837;70050;40697;19802;291968;77582;41415;34640;22276;12862;148895;37702;42422;35410;18421;6940;143073;39880;1994;10.0
11;Aude;79409;71045;56410;27384;302569;68321;38685;35933;30006;17051;154661;32986;40724;35112;26404;10333;147908;35335;1994;11.0
12;Aveyron;67737;64316;50000;26062;267025;58910;32702;31834;26409;16391;135848;28512;35035;32482;23591;9671;131177;30398;1994;12.0
13;Bouches-du-Rhône;530003;445647;248146;111378;1794222;459048;270337;225546;135603;72579;927859;223794;259666;220101;112543;38799;866363;235254;1994;13.0
14;Calvados;190942;144749;83406;34481;631182;177604;96033;73350;46190;23560;326540;87407;94909;71399;37216;10921;304642;90197;1994;14.0
15;Cantal;41559;37431;28048;13382;155574;35154;20100;18231;14929;8638;78977;17079;21459;19200;13119;4744;76597;18075;1994;15.0
16;Charente;93495;82396;55834;27536;341750;82489;46372;41210;29894;17699;175327;40152;47123;41186;25940;9837;166423;42337;1994;16.0
17;Charente-Maritime;141594;129230;95632;43721;538260;128083;70676;65634;51000;27681;277234;62243;70918;63596;44632;16040;261026;65840;1994;17.0
18;Cher;87604;77958;51420;25568;319294;76744;42932;38464;27512;16699;163103;37496;44672;39494;23908;8869;156191;39248;1994;18.0
19;Corrèze;60744;57025;45484;22830;235827;49744;29629;28442;24667;14691;121529;24100;31115;28583;20817;8139;114298;25644;1994;19.0
21;Côte-d'Or;154112;117597;65108;31060;500929;133052;77909;58503;35512;20290;257961;65747;76203;59094;29596;10770;242968;67305;1994;21.0
22;Côtes-d'Armor;137860;128104;96699;40713;536793;133417;66926;64174;53354;27669;277141;65018;70934;63930;43345;13044;259652;68399;1994;22.0
23;Creuse;30828;29899;27425;14939;127959;24868;14729;14548;14484;9676;65492;12055;16099;15351;12941;5263;62467;12813;1994;23.0
24;Dordogne;97458;93636;75761;36368;387114;83891;48233;47245;40302;23084;199711;40847;49225;46391;35459;13284;187403;43044;1994;24.0
25;Doubs;151191;117669;60427;25179;492812;138346;75154;58280;32792;16597;250524;67701;76037;59389;27635;8582;242288;70645;1994;25.0
26;Drôme;118435;103539;61080;27896;424626;113676;58911;51963;32890;17968;216967;55235;59524;51576;28190;9928;207659;58441;1994;26.0
27;Eure;156556;124948;64861;27608;528991;155018;77808;61180;34792;18361;267592;75451;78748;63768;30069;9247;261399;79567;1994;27.0
28;Eure-et-Loir;115774;95453;52661;24884;405293;116521;57721;46539;28152;15724;205050;56914;58053;48914;24509;9160;200243;59607;1994;28.0
29;Finistère;238123;194407;134880;59207;840565;213948;114876;97594;76082;40404;432970;104014;123247;96813;58798;18803;407595;109934;1994;29.0
30;Gard;167407;147270;94408;41774;602896;152037;83710;74045;50751;26796;309558;74256;83697;73225;43657;14978;293338;77781;1994;30.0
31;Haute-Garonne;327540;232411;123093;58071;979110;237995;164399;118189;67183;37194;503804;116839;163141;114222;55910;20877;475306;121156;1994;31.0
32;Gers;44004;42728;33549;16751;173194;36162;21573;21208;17203;10287;87732;17461;22431;21520;16346;6464;85462;18701;1994;32.0
33;Gironde;382979;299421;173039;81049;1249226;312738;194352;152172;95361;54074;649244;153285;188627;147249;77678;26975;599982;159453;1994;33.0
34;Hérault;248663;196942;128832;58255;839568;206876;127653;101276;69841;37020;437266;101476;121010;95666;58991;21235;402302;105400;1994;34.0
35;Ille-et-Vilaine;257186;186973;108238;44724;826097;228976;128061;94450;59708;30374;424947;112354;129125;92523;48530;14350;401150;116622;1994;35.0
36;Indre;61626;56407;42229;22333;234577;51982;30114;27806;22515;14193;120024;25396;31512;28601;19714;8140;114553;26586;1994;36.0
37;Indre-et-Loire;160650;127254;75108;37878;540563;139673;81269;64343;40407;24440;279651;69192;79381;62911;34701;13438;260912;70481;1994;37.0
38;Isère;326213;253224;126427;53015;1051932;293053;161571;125631;68293;35294;533403;142614;164642;127593;58134;17721;518529;150439;1994;38.0
39;Jura;69330;59097;38458;17784;250294;65625;34016;29145;20690;11397;127261;32013;35314;29952;17768;6387;123033;33612;1994;39.0
40;Landes;85461;78141;56116;25820;318630;73092;41711;39407;29748;16971;163119;35282;43750;38734;26368;8849;155511;37810;1994;40.0
41;Loir-et-Cher;84228;73207;50700;25659;310472;76678;41508;36381;26818;16346;158436;37383;42720;36826;23882;9313;152036;39295;1994;41.0
42;Loire;205877;180127;109929;50219;742659;196507;102718;90512;60662;33868;383583;95823;103159;89615;49267;16351;359076;100684;1994;42.0
43;Haute-Loire;55778;49045;34841;16215;206508;50629;26873;23833;18905;10725;104833;24497;28905;25212;15936;5490;101675;26132;1994;43.0
44;Loire-Atlantique;323546;257192;140935;58947;1087854;307234;161218;130481;78787;40183;561116;150447;162328;126711;62148;18764;526738;156787;1994;44.0
45;Loiret;176824;142584;80045;37210;600195;163532;88233;70684;42972;23628;305732;80215;88591;71900;37073;13582;294463;83317;1994;45.0
46;Lot;39249;38179;31417;14996;157694;33853;19252;19149;16569;9474;80914;16470;19997;19030;14848;5522;76780;17383;1994;46.0
47;Lot-et-Garonne;78457;74148;54216;25894;304044;71329;39298;37499;28928;16238;156678;34715;39159;36649;25288;9656;147366;36614;1994;47.0
48;Lozère;19579;17498;12440;6636;72932;16779;9335;8291;6356;4216;36334;8136;10244;9207;6084;2420;36598;8643;1994;48.0
49;Maine-et-Loire;210634;158706;93162;43494;717037;211041;105239;80182;50743;28439;367793;103190;105395;78524;42419;15055;349244;107851;1994;49.0
50;Manche;133604;107877;77244;31158;479779;129896;64557;53793;41947;21210;244628;63121;69047;54084;35297;9948;235151;66775;1994;50.0
51;Marne;177643;131460;67231;30389;563357;156634;88673;65361;36983;20223;287944;76704;88970;66099;30248;10166;275413;79930;1994;51.0
52;Haute-Marne;56107;46933;29545;13463;199891;53843;27403;22921;15947;8805;101088;26012;28704;24012;13598;4658;98803;27831;1994;52.0
53;Mayenne;78536;63125;41445;18902;280569;78561;37986;31766;22172;12554;142524;38046;40550;31359;19273;6348;138045;40515;1994;53.0
54;Meurthe-et-Moselle;222583;167205;95359;37744;716518;193627;111231;83917;52883;25775;368504;94698;111352;83288;42476;11969;348014;98929;1994;54.0
55;Meuse;55236;44635;29705;12690;195478;53212;26735;21927;16060;8514;98963;25727;28501;22708;13645;4176;96515;27485;1994;55.0
56;Morbihan;175245;145686;99851;39807;627128;166539;84929;73391;54979;27024;321197;80874;90316;72295;44872;12783;305931;85665;1994;56.0
57;Moselle;317493;242285;134182;44481;1017589;279148;157354;119424;73151;30050;515524;135545;160139;122861;61031;14431;502065;143603;1994;57.0
58;Nièvre;58600;55337;42431;21076;230146;52702;28799;27363;23008;13757;118585;25658;29801;27974;19423;7319;111561;27044;1994;58.0
59;Nord;777423;560248;314682;114930;2544978;777695;389896;281751;178061;80472;1310159;379979;387527;278497;136621;34458;1234819;397716;1994;59.0
60;Oise;229675;180788;80180;33450;751362;227269;114348;87347;43150;22143;377593;110605;115327;93441;37030;11307;373769;116664;1994;60.0
61;Orne;79886;68719;47057;20047;294376;78667;39114;34255;25261;13378;150209;38201;40772;34464;21796;6669;144167;40466;1994;61.0
62;Pas-de-Calais;418108;317892;194207;72575;1436805;434023;207288;160211;110098;50803;740274;211874;210820;157681;84109;21772;696531;222149;1994;62.0
63;Puy-de-Dôme;177759;150691;87749;37423;599492;145870;88686;74830;48227;24921;308237;71573;89073;75861;39522;12502;291255;74297;1994;63.0
64;Pyrénées-Atlantiques;163956;142217;94849;47106;586794;138666;81645;72654;51660;31033;304389;67397;82311;69563;43189;16073;282405;71269;1994;64.0
65;Hautes-Pyrénées;60339;56157;39462;19226;223834;48650;29675;28410;21338;12455;115566;23688;30664;27747;18124;6771;108268;24962;1994;65.0
66;Pyrénées-Orientales;97008;87734;71122;33296;374854;85694;49234;45656;38350;20677;195758;41841;47774;42078;32772;12619;179096;43853;1994;66.0
67;Bas-Rhin;325928;231775;121693;49148;987370;258826;162717;113502;69041;34121;506560;127179;163211;118273;52652;15027;480810;131647;1994;67.0
68;Haut-Rhin;214045;166583;89393;33942;688363;184400;105873;81151;49955;23799;350683;89905;108172;85432;39438;10143;337680;94495;1994;68.0
69;Rhône;489354;369046;188566;82763;1546144;416415;248584;186493;104380;56541;800992;204994;240770;182553;84186;26222;745152;211421;1994;69.0
70;Haute-Saône;62979;54895;33313;15351;228548;62010;30661;26644;17975;10052;115313;29981;32318;28251;15338;5299;113235;32029;1994;70.0
71;Saône-et-Loire;148264;135181;91159;42738;555171;137829;72837;67220;49186;28138;284193;66812;75427;67961;41973;14600;270978;71017;1994;71.0
72;Sarthe;149777;120192;75469;35950;520465;139077;74015;60163;40535;23251;265829;67865;75762;60029;34934;12699;254636;71212;1994;72.0
73;Savoie;109179;87398;48463;21189;360303;94074;53656;43295;26379;13891;182974;45753;55523;44103;22084;7298;177329;48321;1994;73.0
74;Haute-Savoie;189126;149425;68328;28131;600584;165574;93386;73696;37208;18499;303221;80432;95740;75729;31120;9632;297363;85142;1994;74.0
75;Paris;773672;526766;261177;154880;2129856;413361;399331;271785;153310;106004;1135887;205457;374341;254981;107867;48876;993969;207904;1994;75.0
76;Seine-Maritime;374668;287019;155348;68511;1236774;351228;188267;144192;86419;46454;637291;171959;186401;142827;68929;22057;599483;179269;1994;76.0
77;Seine-et-Marne;356807;283383;104876;47840;1146990;354084;180773;138399;56561;31771;579758;172254;176034;144984;48315;16069;567232;181830;1994;77.0
78;Yvelines;411082;350749;129260;52559;1340268;396618;207792;174008;69444;35467;680200;193489;203290;176741;59816;17092;660068;203129;1994;78.0
79;Deux-Sèvres;94894;81270;54700;26441;345181;87876;46537;40343;28741;16292;174429;42516;48357;40927;25959;10149;170752;45360;1994;79.0
80;Somme;165875;124854;74406;31747;551159;154277;82881;62284;40504;20946;282275;75660;82994;62570;33902;10801;268884;78617;1994;80.0
81;Tarn;88812;82610;61228;29509;342309;80150;43945;41934;32511;18660;175802;38752;44867;40676;28717;10849;166507;41398;1994;81.0
82;Tarn-et-Garonne;55091;48764;34725;16562;203854;48712;27166;24345;18445;10337;104022;23729;27925;24419;16280;6225;99832;24983;1994;82.0
83;Var;228159;208341;148488;66116;856303;205199;114663;106155;79666;42201;442191;99506;113496;102186;68822;23915;414112;105693;1994;83.0
84;Vaucluse;136218;118523;69818;30837;482383;126987;68804;59350;37736;19969;247635;61776;67414;59173;32082;10868;234748;65211;1994;84.0
85;Vendée;143467;119449;83753;35835;522513;140009;69914;59350;44602;23195;264971;67910;73553;60099;39151;12640;257542;72099;1994;85.0
86;Vienne;115301;89126;57609;29163;388170;96971;57978;44472;30418;18454;198807;47485;57323;44654;27191;10709;189363;49486;1994;86.0
87;Haute-Vienne;98433;87265;60133;31311;354744;77602;49570;43775;32735;20223;184229;37926;48863;43490;27398;11088;170515;39676;1994;87.0
88;Vosges;107692;90998;55959;25735;384282;103898;52675;44950;31076;17480;196613;50432;55017;46048;24883;8255;187669;53466;1994;88.0
89;Yonne;87480;76714;53021;26659;328907;85033;43051;37290;28474;17219;167207;41173;44429;39424;24547;9440;161700;43860;1994;89.0
90;Territoire de Belfort;41626;32749;17255;7387;136140;37123;20007;16024;9477;5048;68490;17934;21619;16725;7778;2339;67650;19189;1994;90.0
91;Essonne;361009;289971;106286;43451;1122103;321386;179370;144414;56995;29474;567268;157015;181639;145557;49291;13977;554835;164371;1994;91.0
92;Hauts-de-Seine;472077;343252;166936;78025;1399157;338867;241664;173121;94564;53524;729845;166972;230413;170131;72372;24501;669312;171895;1994;92.0
93;Seine-Saint-Denis;460808;332627;138407;52983;1389787;404962;234904;161233;76444;36116;707218;198521;225904;171394;61963;16867;682569;206441;1994;93.0
94;Val-de-Marne;405807;302963;138039;60896;1222214;314509;205023;152120;77571;41788;630992;154490;200784;150843;60468;19108;591222;160019;1994;94.0
95;Val-d'Oise;344806;265753;98428;39280;1082848;334581;175856;131058;53726;26924;551006;163442;168950;134695;44702;12356;531842;171139;1994;95.0
971;Guadeloupe;118369;72509;31010;13156;364140;129096;60927;37920;16838;8068;187390;63637;57442;34589;14172;5088;176750;65459;1994;971.0
972;Martinique;116589;75442;36820;16017;365554;120686;60693;40115;20069;9992;190332;59463;55896;35327;16751;6025;175222;61223;1994;972.0
973;Guyane;43390;21932;5369;1845;130282;57746;21146;10159;2652;1067;63505;28481;22244;11773;2717;778;66777;29265;1994;973.0
974;La Réunion;215540;117638;41397;13321;645093;257197;109918;59410;22692;8996;327885;126869;105622;58228;18705;4325;317208;130328;1994;974.0
2A;Corse-du-Sud;33640;29508;18899;8511;119594;29036;16998;14309;10103;5553;60990;14027;16642;15199;8796;2958;58604;15009;1993;
2B;Haute-Corse;38790;33109;20888;10102;134001;31112;19035;15576;11223;6452;67535;15249;19755;17533;9665;3650;66466;15863;1993;
01;Ain;145053;117006;58328;27734;488244;140123;71389;56503;30870;18093;245268;68413;73664;60503;27458;9641;242976;71710;1993;1.0
02;Aisne;156030;121042;73916;30611;538219;156620;77024;59686;40259;20354;273863;76540;79006;61356;33657;10257;264356;80080;1993;2.0
03;Allier;92616;85791;62860;32296;353824;80261;45692;43175;34148;21064;183291;39212;46924;42616;28712;11232;170533;41049;1993;3.0
04;Alpes-de-Haute-Provence;36434;32882;22028;10553;134040;32143;17985;16387;11506;6549;68111;15684;18449;16495;10522;4004;65929;16459;1993;4.0
05;Hautes-Alpes;32974;27426;17285;8393;115376;29298;16258;13548;9046;5308;58304;14144;16716;13878;8239;3085;57072;15154;1993;5.0
06;Alpes-Maritimes;266422;240918;169345;98815;993695;218195;136713;124969;94795;63993;526918;106448;129709;115949;74550;34822;466777;111747;1993;6.0
07;Ardèche;75441;67329;45177;22433;280263;69883;37004;33202;23979;14784;142845;33876;38437;34127;21198;7649;137418;36007;1993;7.0
08;Ardennes;85180;67164;39929;16671;294604;85660;41904;32902;21769;11136;149516;41805;43276;34262;18160;5535;145088;43855;1993;8.0
09;Ariège;35128;31941;25695;13828;136632;30040;17223;15764;13464;8478;69481;14552;17905;16177;12231;5350;67151;15488;1993;9.0
10;Aube;84048;68751;39827;20190;291359;78543;41555;33945;21763;13144;148618;38211;42493;34806;18064;7046;142741;40332;1993;10.0
11;Aude;79772;70120;55237;27864;301693;68700;38762;35510;29335;17318;154045;33120;41010;34610;25902;10546;147648;35580;1993;11.0
12;Aveyron;68237;63946;48719;26699;267728;60127;32925;31739;25673;16768;136211;29106;35312;32207;23046;9931;131517;31021;1993;12.0
13;Bouches-du-Rhône;530039;440335;243333;112207;1788025;462111;269873;222611;132833;73231;923912;225364;260166;217724;110500;38976;864113;236747;1993;13.0
14;Calvados;191086;141498;81250;34753;628687;180100;96012;71791;44992;23750;325150;88605;95074;69707;36258;11003;303537;91495;1993;14.0
15;Cantal;42001;37052;27379;13688;156449;36329;20280;18092;14549;8780;79383;17682;21721;18960;12830;4908;77066;18647;1993;15.0
16;Charente;94280;81347;54486;28037;342381;84231;46751;40763;29093;17990;175607;41010;47529;40584;25393;10047;166774;43221;1993;16.0
17;Charente-Maritime;141890;126906;93101;44182;535893;129814;70775;64434;49627;27915;275859;63108;71115;62472;43474;16267;260034;66706;1993;17.0
18;Cher;88298;77286;50310;26109;320257;78254;43275;38087;26963;17000;163538;38213;45023;39199;23347;9109;156719;40041;1993;18.0
19;Corrèze;61151;56560;44484;23305;236308;50808;29822;28240;24064;14964;121728;24638;31329;28320;20420;8341;114580;26170;1993;19.0
21;Côte-d'Or;154200;115671;63273;31592;499519;134783;77767;57589;34479;20551;256963;66577;76433;58082;28794;11041;242556;68206;1993;21.0
22;Côtes-d'Armor;138477;126695;94910;41183;537435;136170;67099;63565;52370;27899;277289;66356;71378;63130;42540;13284;260146;69814;1993;22.0
23;Creuse;31061;29959;26954;15563;128976;25439;14825;14595;14195;10072;66025;12338;16236;15364;12759;5491;62951;13101;1993;23.0
24;Dordogne;98226;92390;74479;36913;387227;85219;48598;46602;39653;23362;199602;41387;49628;45788;34826;13551;187625;43832;1993;24.0
25;Doubs;150963;115994;58583;25370;491109;140199;75035;57371;31835;16684;249482;68557;75928;58623;26748;8686;241627;71642;1993;25.0
26;Drôme;118612;101754;59442;28152;422575;114615;59028;51004;31970;18161;215826;55663;59584;50750;27472;9991;206749;58952;1993;26.0
27;Eure;156929;121746;62990;27733;525823;156425;77905;59581;33730;18387;265732;76129;79024;62165;29260;9346;260091;80296;1993;27.0
28;Eure-et-Loir;115904;93240;51344;25207;403528;117833;57838;45432;27369;15881;204057;57537;58066;47808;23975;9326;199471;60296;1993;28.0
29;Finistère;238354;191864;132332;59982;839672;217140;115004;96520;74657;40731;432513;105601;123350;95344;57675;19251;407159;111539;1993;29.0
30;Gard;167792;144243;92311;42043;598655;152266;83667;72565;49576;27059;307187;74320;84125;71678;42735;14984;291468;77946;1993;30.0
31;Haute-Garonne;324808;228501;120363;58624;970746;238450;162963;116191;65674;37559;499356;116969;161845;112310;54689;21065;471390;121481;1993;31.0
32;Gers;44547;42481;32622;17277;173735;36808;21833;21109;16654;10565;87930;17769;22714;21372;15968;6712;85805;19039;1993;32.0
33;Gironde;381626;293804;169327;82126;1243092;316209;193652;149176;93194;54835;645806;154949;187974;144628;76133;27291;597286;161260;1993;33.0
34;Hérault;246241;192500;125419;58781;829197;206256;126386;98819;67940;37369;431737;101223;119855;93681;57479;21412;397460;105033;1993;34.0
35;Ille-et-Vilaine;254978;183374;105216;45098;819455;230789;127032;92671;58022;30560;421402;113117;127946;90703;47194;14538;398053;117672;1993;35.0
36;Indre;62194;56017;41491;22890;235831;53239;30344;27701;22115;14508;120626;25958;31850;28316;19376;8382;115205;27281;1993;36.0
37;Indre-et-Loire;160144;124970;73091;38369;538147;141573;80965;63073;39363;24712;278229;70116;79179;61897;33728;13657;259918;71457;1993;37.0
38;Isère;324789;248536;122691;53720;1044677;294941;160678;123234;66297;35894;529856;143753;164111;125302;56394;17826;514821;151188;1993;38.0
39;Jura;69507;58358;37749;18074;250215;66527;34101;28792;20311;11572;127128;32352;35406;29566;17438;6502;123087;34175;1993;39.0
40;Landes;85495;76852;54661;26207;317126;73911;41592;38770;28978;17192;162295;35763;43903;38082;25683;9015;154831;38148;1993;40.0
41;Loir-et-Cher;84327;72197;49277;26163;309798;77834;41549;35802;26073;16652;158049;37973;42778;36395;23204;9511;151749;39861;1993;41.0
42;Loire;206730;178589;107210;51009;744067;200529;103171;89698;59216;34336;384235;97814;103559;88891;47994;16673;359832;102715;1993;42.0
43;Haute-Loire;55904;48617;33941;16644;206379;51273;26942;23675;18345;11024;104805;24819;28962;24942;15596;5620;101574;26454;1993;43.0
44;Loire-Atlantique;321333;251569;136811;59627;1079601;310261;160046;127689;76515;40611;556853;151992;161287;123880;60296;19016;522748;158269;1993;44.0
45;Loiret;176299;139485;77665;37721;595926;164756;87885;69110;41640;24010;303515;80870;88414;70375;36025;13711;292411;83886;1993;45.0
46;Lot;39290;37657;30666;15311;157211;34287;19277;18916;16127;9723;80720;16677;20013;18741;14539;5588;76491;17610;1993;46.0
47;Lot-et-Garonne;79006;73478;53076;26368;304579;72651;39551;37101;28265;16530;156827;35380;39455;36377;24811;9838;147752;37271;1993;47.0
48;Lozère;19608;17146;12202;6767;72763;17040;9329;8116;6220;4330;36270;8275;10279;9030;5982;2437;36493;8765;1993;48.0
49;Maine-et-Loire;209558;155556;90278;44108;713817;214317;104802;78669;49145;28787;366153;104750;104756;76887;41133;15321;347664;109567;1993;49.0
50;Manche;134329;106603;75415;31384;479877;132146;64656;53404;40916;21393;244655;64286;69673;53199;34499;9991;235222;67860;1993;50.0
51;Marne;177495;129125;65482;30921;562053;159030;88671;64065;36037;20575;287200;77852;88824;65060;29445;10346;274853;81178;1993;51.0
52;Haute-Marne;56814;46289;28878;13763;200882;55138;27713;22599;15619;8987;101567;26649;29101;23690;13259;4776;99315;28489;1993;52.0
53;Mayenne;78492;62212;40201;19117;279725;79703;38022;31333;21498;12699;142206;38654;40470;30879;18703;6418;137519;41049;1993;53.0
54;Meurthe-et-Moselle;223168;164820;92546;38793;715492;196165;111447;82629;51314;26395;367657;95872;111721;82191;41232;12398;347835;100293;1993;54.0
55;Meuse;55561;43842;28907;13099;195709;54300;26850;21536;15637;8755;99049;26271;28711;22306;13270;4344;96660;28029;1993;55.0
56;Morbihan;175885;143543;96971;40212;626160;169549;85166;72388;53432;27288;320592;82318;90719;71155;43539;12924;305568;87231;1993;56.0
57;Moselle;319447;238669;129494;45501;1015854;282743;158286;117463;70687;30715;514337;137186;161161;121206;58807;14786;501517;145557;1993;57.0
58;Nièvre;59373;54501;41426;21812;230756;53644;29097;26967;22500;14151;118882;26167;30276;27534;18926;7661;111874;27477;1993;58.0
59;Nord;776232;551600;306007;119777;2541429;787813;389169;277502;172562;83572;1307624;384819;387063;274098;133445;36205;1233805;402994;1993;59.0
60;Oise;229495;176121;77931;33985;746457;228925;114176;84869;41930;22472;374947;111500;115319;91252;36001;11513;371510;117425;1993;60.0
61;Orne;80268;67779;45829;20308;294086;79902;39269;33838;24596;13590;150134;38841;40999;33941;21233;6718;143952;41061;1993;61.0
62;Pas-de-Calais;418702;312710;190761;73723;1436353;440457;207572;157821;107901;51476;739864;215094;211130;154889;82860;22247;696489;225363;1993;62.0
63;Puy-de-Dôme;178186;148717;85491;38215;599325;148716;88866;73832;46918;25461;307979;72902;89320;74885;38573;12754;291346;75814;1993;63.0
64;Pyrénées-Atlantiques;164386;140447;92609;47746;585466;140278;81765;71745;50491;31361;303708;68346;82621;68702;42118;16385;281758;71932;1993;64.0
65;Hautes-Pyrénées;61108;55780;38711;19497;224676;49580;29895;28317;20889;12610;115895;24184;31213;27463;17822;6887;108781;25396;1993;65.0
66;Pyrénées-Orientales;96755;86762;69837;33410;372716;85952;48908;45256;37628;20732;194507;41983;47847;41506;32209;12678;178209;43969;1993;66.0
67;Bas-Rhin;324147;226849;117297;50873;978610;259444;161674;111042;66821;35197;502285;127551;162473;115807;50476;15676;476325;131893;1993;67.0
68;Haut-Rhin;214404;163365;86043;35186;684357;185359;105996;79448;48205;24625;348624;90350;108408;83917;37838;10561;335733;95009;1993;68.0
69;Rhône;487790;365954;183667;84169;1540976;419396;247740;184662;101620;57473;797801;206306;240050;181292;82047;26696;743175;213090;1993;69.0
70;Haute-Saône;63012;53971;32633;15786;228577;63175;30708;26164;17643;10276;115240;30449;32304;27807;14990;5510;113337;32726;1993;70.0
71;Saône-et-Loire;149479;133726;89006;43689;556591;140691;73306;66627;47986;28639;284793;68235;76173;67099;41020;15050;271798;72456;1993;71.0
72;Sarthe;149699;118062;73439;36270;518667;141197;73912;59133;39414;23540;264943;68944;75787;58929;34025;12730;253724;72253;1993;72.0
73;Savoie;109157;85823;47190;21477;358484;94837;53571;42502;25665;14108;181999;46153;55586;43321;21525;7369;176485;48684;1993;73.0
74;Haute-Savoie;188907;146179;66321;28275;595629;165947;93220;71971;36050;18571;300517;80705;95687;74208;30271;9704;295112;85242;1993;74.0
75;Paris;772261;524122;260412;159094;2132475;416586;398682;270089;153495;108881;1138052;206905;373579;254033;106917;50213;994423;209681;1993;75.0
76;Seine-Maritime;375525;282143;151857;69127;1234321;355669;188715;141565;84439;46856;635709;174134;186810;140578;67418;22271;598612;181535;1993;76.0
77;Seine-et-Marne;353618;274604;101404;48053;1131179;353500;179108;133672;54722;31914;571453;172037;174510;140932;46682;16139;559726;181463;1993;77.0
78;Yvelines;411266;345971;124522;52859;1333814;399196;208014;171085;66937;35756;676536;194744;203252;174886;57585;17103;657278;204452;1993;78.0
79;Deux-Sèvres;95433;80127;53311;26938;345534;89725;46709;39805;28066;16520;174569;43469;48724;40322;25245;10418;170965;46256;1993;79.0
80;Somme;165452;122712;72765;32476;550247;156842;82568;61314;39544;21376;281700;76898;82884;61398;33221;11100;268547;79944;1993;80.0
81;Tarn;89574;81852;59580;30227;342402;81169;44290;41502;31650;19104;175779;39233;45284;40350;27930;11123;166623;41936;1993;81.0
82;Tarn-et-Garonne;55386;47933;33923;16871;203245;49132;27304;23912;17997;10494;103579;23872;28082;24021;15926;6377;99666;25260;1993;82.0
83;Var;227288;204395;144423;65791;846896;204999;113979;103948;77603;42027;436955;99398;113309;100447;66820;23764;409941;105601;1993;83.0
84;Vaucluse;136163;116583;67867;31169;478843;127061;68650;58330;36710;20169;245667;61808;67513;58253;31157;11000;233176;65253;1993;84.0
85;Vendée;143217;116799;80829;36077;518974;142052;69739;58116;43071;23337;263127;68864;73478;58683;37758;12740;255847;73188;1993;85.0
86;Vienne;114600;87310;56141;29787;386099;98261;57656;43515;29669;18798;197596;47958;56944;43795;26472;10989;188503;50303;1993;86.0
87;Haute-Vienne;98499;86343;58700;32048;354418;78828;49508;43376;31906;20646;183932;38496;48991;42967;26794;11402;170486;40332;1993;87.0
88;Vosges;108177;89719;54430;26382;384459;105751;52897;44332;30246;17893;196754;51386;55280;45387;24184;8489;187705;54365;1993;88.0
89;Yonne;87654;75011;51837;27268;327739;85969;42998;36453;27823;17536;166490;41680;44656;38558;24014;9732;161249;44289;1993;89.0
90;Territoire de Belfort;41515;32302;16728;7521;135510;37444;19952;15786;9203;5124;68159;18094;21563;16516;7525;2397;67351;19350;1993;90.0
91;Essonne;360123;286324;101910;44041;1115400;323002;178757;142369;54705;29874;563426;157721;181366;143955;47205;14167;551974;165281;1993;91.0
92;Hauts-de-Seine;470351;341911;164417;79177;1395461;339605;240812;171886;93213;54454;727615;167250;229539;170025;71204;24723;667846;172355;1993;92.0
93;Seine-Saint-Denis;462882;329321;134696;53929;1387427;406599;235646;159234;74515;36821;705397;199181;227236;170087;60181;17108;682030;207418;1993;93.0
94;Val-de-Marne;406696;301243;134942;61936;1221158;316341;205315;150921;75957;42588;630123;155342;201381;150322;58985;19348;591035;160999;1993;94.0
95;Val-d'Oise;345204;260856;95349;39564;1076500;335527;175857;128323;52165;27121;547452;163986;169347;132533;43184;12443;529048;171541;1993;95.0
971;Guadeloupe;117896;70104;30285;12594;360681;129802;60532;36597;16439;7743;185312;64001;57364;33507;13846;4851;175369;65801;1993;971.0
972;Martinique;116805;73472;35976;15442;363344;121649;60645;39019;19599;9651;188803;59889;56160;34453;16377;5791;174541;61760;1993;972.0
973;Guyane;42375;20773;5186;1756;125786;55696;20458;9563;2569;1012;61075;27473;21917;11210;2617;744;64711;28223;1993;973.0
974;La Réunion;212373;112502;40009;12775;633030;255371;108128;56767;21947;8640;321648;126166;104245;55735;18062;4135;311382;129205;1993;974.0
2A;Corse-du-Sud;33672;29056;18520;8585;119076;29243;16917;14052;9925;5604;60644;14146;16755;15004;8595;2981;58432;15097;1992;
2B;Haute-Corse;38596;32462;20294;10135;132622;31135;18809;15298;10911;6468;66761;15275;19787;17164;9383;3667;65861;15860;1992;
01;Ain;143853;113926;56070;28254;482557;140454;70765;54915;29711;18362;242242;68489;73088;59011;26359;9892;240315;71965;1992;1.0
02;Aisne;156963;118932;71329;31717;537755;158814;77318;58750;38861;20940;273559;77690;79645;60182;32468;10777;264196;81124;1992;2.0
03;Allier;93227;85326;61000;33355;355195;82287;45955;42961;33105;21645;183846;40180;47272;42365;27895;11710;171349;42107;1992;3.0
04;Alpes-de-Haute-Provence;36442;32309;21211;10744;132739;32033;17953;16100;11066;6658;67421;15644;18489;16209;10145;4086;65318;16389;1992;4.0
05;Hautes-Alpes;33141;26945;16792;8488;114917;29551;16290;13314;8777;5350;58013;14282;16851;13631;8015;3138;56904;15269;1992;5.0
06;Alpes-Maritimes;266137;238696;165846;100799;989251;217773;136466;123819;92985;65019;524521;106232;129671;114877;72861;35780;464730;111541;1992;6.0
07;Ardèche;75405;66449;43638;23137;279438;70809;36925;32812;23140;15187;142441;34377;38480;33637;20498;7950;136997;36432;1992;7.0
08;Ardennes;85436;66458;38206;17375;294625;87150;42006;32564;20817;11595;149620;42638;43430;33894;17389;5780;145005;44512;1992;8.0
09;Ariège;35328;31620;24923;14429;136870;30570;17245;15650;13047;8832;69601;14827;18083;15970;11876;5597;67269;15743;1992;9.0
10;Aube;84146;67675;38632;20606;290731;79672;41558;33443;21073;13394;148304;38836;42588;34232;17559;7212;142427;40836;1992;10.0
11;Aude;79916;69405;53540;28703;301045;69481;38636;35188;28400;17801;153571;33546;41280;34217;25140;10902;147474;35935;1992;11.0
12;Aveyron;68637;63840;47149;27434;268535;61475;33136;31758;24812;17117;136608;29785;35501;32082;22337;10317;131927;31690;1992;12.0
13;Bouches-du-Rhône;528367;434246;236583;113619;1777351;464536;268799;219161;129054;74316;917925;226595;259568;215085;107529;39303;859426;237941;1992;13.0
14;Calvados;191399;138163;78284;35244;625079;181989;96279;70304;43282;24062;323295;89368;95120;67859;35002;11182;301784;92621;1992;14.0
15;Cantal;42428;36843;26459;14033;157220;37457;20388;18054;14101;8953;79774;18278;22040;18789;12358;5080;77446;19179;1992;15.0
16;Charente;94801;80230;52590;28763;342242;85858;47033;40282;28053;18410;175564;41786;47768;39948;24537;10353;166678;44072;1992;16.0
17;Charente-Maritime;141556;124883;89897;45131;533431;131964;70522;63448;47986;28400;274552;64196;71034;61435;41911;16731;258879;67768;1992;17.0
18;Cher;88948;76542;48803;26752;321042;79997;43612;37720;26132;17398;163956;39094;45336;38822;22671;9354;157086;40903;1992;18.0
19;Corrèze;61654;56120;43261;23999;236942;51908;30092;28057;23371;15370;122068;25178;31562;28063;19890;8629;114874;26730;1992;19.0
21;Côte-d'Or;153973;113728;61116;32306;497563;136440;77668;56593;33261;20993;255922;67407;76305;57135;27855;11313;241641;69033;1992;21.0
22;Côtes-d'Armor;138870;125436;91760;42325;537254;138863;67221;63036;50632;28566;277195;67740;71649;62400;41128;13759;260059;71123;1992;22.0
23;Creuse;31293;29906;26206;16255;129648;25988;14905;14646;13757;10493;66399;12598;16388;15260;12449;5762;63249;13390;1992;23.0
24;Dordogne;98701;91552;72318;37768;387066;86727;48888;46262;38369;23861;199444;42064;49813;45290;33949;13907;187622;44663;1992;24.0
25;Doubs;150777;114223;56458;25637;488956;141861;74975;56390;30737;16785;248230;69343;75802;57833;25721;8852;240726;72518;1992;25.0
26;Drôme;118321;99984;57356;28557;419445;115227;58842;50132;30806;18436;214244;56028;59479;49852;26550;10121;205201;59199;1992;26.0
27;Eure;156918;118776;60714;28044;522477;158025;77816;58078;32504;18509;263815;76908;79102;60698;28210;9535;258662;81117;1992;27.0
28;Eure-et-Loir;116059;90673;49775;25600;401323;119216;57971;44165;26472;16082;202884;58194;58088;46508;23303;9518;198439;61022;1992;28.0
29;Finistère;238278;190049;128097;61439;838457;220594;115157;95805;72274;41570;432079;107273;123121;94244;55823;19869;406378;113321;1992;29.0
30;Gard;167665;141459;89161;42655;593423;152483;83476;71074;47978;27482;304444;74434;84189;70385;41183;15173;288979;78049;1992;30.0
31;Haute-Garonne;320210;222975;115869;59481;955129;236594;160701;113354;63261;38059;491519;116144;159509;109621;52608;21422;463610;120450;1992;31.0
32;Gers;44912;42283;31524;17745;174102;37638;21961;21048;16113;10750;88045;18173;22951;21235;15411;6995;86057;19465;1992;32.0
33;Gironde;380023;287604;163912;83662;1233378;318177;192918;145893;90141;55881;640707;155874;187105;141711;73771;27781;592671;162303;1992;33.0
34;Hérault;243598;188069;121083;59551;817317;205016;125023;96597;65542;37712;425389;100515;118575;91472;55541;21839;391928;104501;1992;34.0
35;Ille-et-Vilaine;252571;179909;101329;45855;812305;232641;125900;91071;55924;31045;417855;113915;126671;88838;45405;14810;394450;118726;1992;35.0
36;Indre;62611;55649;40136;23643;236467;54428;30531;27569;21364;14917;120977;26596;32080;28080;18772;8726;115490;27832;1992;36.0
37;Indre-et-Loire;159715;122455;70511;38976;534700;143043;80907;61734;37995;24959;276296;70701;78808;60721;32516;14017;258404;72342;1992;37.0
38;Isère;322918;243688;118248;54395;1035067;295818;159921;120650;63940;36317;524866;144038;162997;123038;54308;18078;510201;151780;1992;38.0
39;Jura;69612;57654;36464;18596;249821;67495;34098;28506;19603;11826;126898;32865;35514;29148;16861;6770;122923;34630;1992;39.0
40;Landes;85219;75651;52638;26888;315261;74865;41547;38142;27815;17580;161276;36192;43672;37509;24823;9308;153985;38673;1992;40.0
41;Loir-et-Cher;84124;71001;47474;26768;308482;79115;41370;35282;25065;16940;157322;38665;42754;35719;22409;9828;151160;40450;1992;41.0
42;Loire;207385;177084;103955;52164;744283;203695;103519;88896;57355;35090;384215;99355;103866;88188;46600;17074;360068;104340;1992;42.0
43;Haute-Loire;56002;48275;32886;17307;206639;52169;26903;23572;17780;11352;104895;25288;29099;24703;15106;5955;101744;26881;1992;43.0
44;Loire-Atlantique;318466;245742;131288;60708;1068983;312779;158673;124803;73389;41223;551341;153253;159793;120939;57899;19485;517642;159526;1992;44.0
45;Loiret;175520;136400;74710;38451;591029;165948;87449;67516;40094;24304;300896;81533;88071;68884;34616;14147;290133;84415;1992;45.0
46;Lot;39542;37219;29612;15831;156980;34776;19417;18697;15585;10007;80585;16879;20125;18522;14027;5824;76395;17897;1992;46.0
47;Lot-et-Garonne;79514;72903;51553;26897;304994;74127;39802;36820;27380;16832;156942;36108;39712;36083;24173;10065;148052;38019;1992;47.0
48;Lozère;19564;16772;11809;6982;72390;17263;9273;7965;6037;4429;36099;8395;10291;8807;5772;2553;36291;8868;1992;48.0
49;Maine-et-Loire;209010;152280;86724;45086;710269;217169;104609;77255;47041;29297;364372;106170;104401;75025;39683;15789;345897;110999;1992;49.0
50;Manche;135032;105626;72780;31816;479408;134154;64893;53027;39483;21602;244349;65344;70139;52599;33297;10214;235059;68810;1992;50.0
51;Marne;177261;126759;63253;31651;560409;161485;88514;62776;34860;20986;286271;79135;88747;63983;28393;10665;274138;82350;1992;51.0
52;Haute-Marne;57289;45879;28068;14174;202052;56642;28013;22364;15135;9230;102082;27340;29276;23515;12933;4944;99970;29302;1992;52.0
53;Mayenne;78123;61397;38562;19546;278701;81073;37957;30922;20632;12932;141821;39378;40166;30475;17930;6614;136880;41695;1992;53.0
54;Meurthe-et-Moselle;223428;162992;88756;39955;713614;198483;111605;81662;49221;27098;366646;97060;111823;81330;39535;12857;346968;101423;1992;54.0
55;Meuse;55662;43258;27927;13517;195676;55312;26910;21343;15082;9002;99084;26747;28752;21915;12845;4515;96592;28565;1992;55.0
56;Morbihan;175542;141485;93157;40911;623457;172362;85016;71355;51362;27718;319122;83671;90526;70130;41795;13193;304335;88691;1992;56.0
57;Moselle;320148;235663;124235;46599;1013534;286889;158546;115991;67818;31439;513013;139219;161602;119672;56417;15160;500521;147670;1992;57.0
58;Nièvre;59891;54211;40200;22571;231731;54858;29320;26895;21814;14563;119312;26720;30571;27316;18386;8008;112419;28138;1992;58.0
59;Nord;775763;544343;294287;125479;2536843;796971;388783;274093;165577;87147;1304913;389313;386980;270250;128710;38332;1231930;407658;1992;59.0
60;Oise;228706;171141;75160;34465;739642;230170;113941;82264;40431;22813;371460;112011;114765;88877;34729;11652;368182;118159;1992;60.0
61;Orne;80349;66876;44078;20698;293314;81313;39310;33418;23656;13773;149685;39528;41039;33458;20422;6925;143629;41785;1992;61.0
62;Pas-de-Calais;418987;307901;184964;75490;1434353;447011;207606;155775;104520;52474;738753;218378;211381;152126;80444;23016;695600;228633;1992;62.0
63;Puy-de-Dôme;178545;146487;82722;39377;598348;151217;88984;72705;45388;26247;307529;74205;89561;73782;37334;13130;290819;77012;1992;63.0
64;Pyrénées-Atlantiques;164366;138774;89784;48589;583349;141836;81771;70925;48943;31852;302609;69118;82595;67849;40841;16737;280740;72718;1992;64.0
65;Hautes-Pyrénées;61463;55453;37511;19825;224823;50571;30128;28128;20228;12846;115906;24576;31335;27325;17283;6979;108917;25995;1992;65.0
66;Pyrénées-Orientales;96148;85654;67881;33753;369657;86221;48538;44797;36534;20886;192820;42065;47610;40857;31347;12867;176837;44156;1992;66.0
67;Bas-Rhin;321823;222192;112262;52674;968879;259928;160426;108778;64218;36300;497561;127839;161397;113414;48044;16374;471318;132089;1992;67.0
68;Haut-Rhin;214094;159991;82224;36474;679085;186302;105677;77749;46263;25463;346055;90903;108417;82242;35961;11011;333030;95399;1992;68.0
69;Rhône;484390;362163;177245;85804;1530190;420588;245968;182441;98073;58608;791899;206809;238422;179722;79172;27196;738291;213779;1992;69.0
70;Haute-Saône;63105;53225;31592;16282;228657;64453;30675;25811;17106;10564;115248;31092;32430;27414;14486;5718;113409;33361;1992;70.0
71;Saône-et-Loire;150536;132315;86264;44882;557729;143732;73830;65873;46487;29380;285373;69803;76706;66442;39777;15502;272356;73929;1992;71.0
72;Sarthe;149069;116222;70938;36968;516652;143455;73475;58249;38130;23894;263821;70073;75594;57973;32808;13074;252831;73382;1992;72.0
73;Savoie;108602;84269;45317;21804;355281;95289;53318;41722;24595;14311;180349;46403;55284;42547;20722;7493;174932;48886;1992;73.0
74;Haute-Savoie;187188;142132;63419;28379;586783;165665;92488;69690;34584;18587;295906;80557;94700;72442;28835;9792;290877;85108;1992;74.0
75;Paris;773874;523022;258679;164343;2139928;420010;399794;269288;153042;112396;1142908;208388;374080;253734;105637;51947;997020;211622;1992;75.0
76;Seine-Maritime;376162;277260;147293;70331;1230968;359922;189013;139173;81760;47580;633795;176269;187149;138087;65533;22751;597173;183653;1992;76.0
77;Seine-et-Marne;350264;265917;97140;48692;1115222;353209;177530;129097;52397;32322;563016;171670;172734;136820;44743;16370;552206;181539;1992;77.0
78;Yvelines;410735;340956;119043;53439;1326185;402012;207810;168164;64017;36131;672206;196084;202925;172792;55026;17308;653979;205928;1992;78.0
79;Deux-Sèvres;95809;79238;51359;27646;345831;91779;46907;39432;27017;16913;174764;44495;48902;39806;24342;10733;171067;47284;1992;79.0
80;Somme;165268;120596;70642;33221;548885;159158;82474;60270;38401;21776;280949;78028;82794;60326;32241;11445;267936;81130;1992;80.0
81;Tarn;90013;81406;57252;31146;342264;82447;44417;41245;30419;19646;175662;39935;45596;40161;26833;11500;166602;42512;1992;81.0
82;Tarn-et-Garonne;55693;47420;32788;17321;202930;49708;27342;23707;17380;10763;103412;24220;28351;23713;15408;6558;99518;25488;1992;82.0
83;Var;225702;201167;139449;65984;837166;204864;113027;102247;74962;42098;431743;99409;112675;98920;64487;23886;405423;105455;1992;83.0
84;Vaucluse;135806;114820;65585;31653;475239;127375;68256;57566;35423;20407;243585;61933;67550;57254;30162;11246;231654;65442;1992;84.0
85;Vendée;143059;114370;77181;36941;515620;144069;69637;56975;41063;23820;261364;69869;73422;57395;36118;13121;254256;74200;1992;85.0
86;Vienne;113977;85760;54319;30635;384083;99392;57341;42763;28639;19206;196386;48437;56636;42997;25680;11429;187697;50955;1992;86.0
87;Haute-Vienne;98746;85282;57115;33147;354331;80041;49675;42821;31008;21287;183821;39030;49071;42461;26107;11860;170510;41011;1992;87.0
88;Vosges;108750;88675;52497;27145;384768;107701;53139;43915;29135;18372;196980;52419;55611;44760;23362;8773;187788;55282;1992;88.0
89;Yonne;87678;73337;50219;28061;326242;86947;42993;35637;26923;17902;165645;42190;44685;37700;23296;10159;160597;44757;1992;89.0
90;Territoire de Belfort;41522;31817;16081;7687;134892;37785;19947;15513;8864;5219;67837;18294;21575;16304;7217;2468;67055;19491;1992;90.0
91;Essonne;357971;282668;96403;44598;1105974;324334;177583;140169;51882;30235;558371;158502;180388;142499;44521;14363;547603;165832;1992;91.0
92;Hauts-de-Seine;470081;341620;160923;80923;1394910;341363;240531;171460;91268;55733;727011;168019;229550;170160;69655;25190;667899;173344;1992;92.0
93;Seine-Saint-Denis;464325;326620;130172;55086;1384908;408705;236135;157597;72190;37673;703755;200160;228190;169023;57982;17413;681153;208545;1992;93.0
94;Val-de-Marne;406394;299266;130931;63458;1218450;318401;204785;149769;73842;43638;628395;156361;201609;149497;57089;19820;590055;162040;1992;94.0
95;Val-d'Oise;344710;255535;91291;40186;1067699;335977;175512;125500;49954;27599;542783;164218;169198;130035;41337;12587;524916;171759;1992;95.0
971;Guadeloupe;117496;67785;29585;12049;357482;130567;60179;35321;16050;7424;183364;64390;57317;32464;13535;4625;174118;66177;1992;971.0
972;Martinique;117143;71563;35155;14892;361420;122667;60661;37958;19142;9323;187426;60342;56482;33605;16013;5569;173994;62325;1992;972.0
973;Guyane;41391;19679;5008;1671;121469;53720;19792;8999;2484;957;58733;26501;21599;10680;2524;714;62736;27219;1992;973.0
974;La Réunion;208493;107577;38904;12303;620333;253056;106104;54307;21353;8318;315137;125055;102389;53270;17551;3985;305196;128001;1992;974.0
2B;Haute-Corse;38918;32231;19947;10250;132796;31450;18827;15205;10768;6490;66763;15473;20091;17026;9179;3760;66033;15977;1991;
2A;Corse-du-Sud;33976;28734;18087;8742;118863;29324;17024;13871;9712;5691;60445;14147;16952;14863;8375;3051;58418;15177;1991;
01;Ain;142927;111129;53693;28924;476982;140309;70125;53581;28417;18720;239323;68480;72802;57548;25276;10204;237659;71829;1991;1.0
02;Aisne;157963;117180;68649;32759;537263;160712;77816;58034;37281;21574;273215;78510;80147;59146;31368;11185;264048;82202;1991;2.0
03;Allier;94170;84949;58746;34560;356432;84007;46410;42846;31849;22273;184472;41094;47760;42103;26897;12287;171960;42913;1991;3.0
04;Alpes-de-Haute-Provence;36450;31894;20414;11016;131857;32083;17932;15901;10667;6798;66955;15657;18518;15993;9747;4218;64902;16426;1991;4.0
05;Hautes-Alpes;33162;26413;16313;8613;114193;29692;16316;13040;8509;5417;57541;14259;16846;13373;7804;3196;56652;15433;1991;5.0
06;Alpes-Maritimes;264571;236217;161373;102805;981331;216365;135431;122584;90560;66156;520305;105574;129140;113633;70813;36649;461026;110791;1991;6.0
07;Ardèche;75649;65552;42143;23865;278688;71479;37028;32378;22329;15554;141993;34704;38621;33174;19814;8311;136695;36775;1991;7.0
08;Ardennes;86103;65979;36601;18126;295676;88867;42344;32358;19933;12031;150167;43501;43759;33621;16668;6095;145509;45366;1991;8.0
09;Ariège;35553;31297;24071;15004;136772;30847;17364;15491;12595;9129;69534;14955;18189;15806;11476;5875;67238;15892;1991;9.0
10;Aube;84408;66608;37320;21154;290118;80628;41684;32972;20347;13722;147980;39255;42724;33636;16973;7432;142138;41373;1991;10.0
11;Aude;80107;68972;51696;29800;300615;70040;38689;35081;27239;18431;153174;33734;41418;33891;24457;11369;147441;36306;1991;11.0
12;Aveyron;69079;63459;45404;28473;269114;62699;33309;31694;23846;17680;136988;30459;35770;31765;21558;10793;132126;32240;1991;12.0
13;Bouches-du-Rhône;526586;428542;229833;115782;1768054;467311;267620;216175;125368;75636;912816;228017;258966;212367;104465;40146;855238;239294;1991;13.0
14;Calvados;190914;135436;75093;35928;621780;184409;95943;69129;41385;24506;321560;90597;94971;66307;33708;11422;300220;93812;1991;14.0
15;Cantal;42940;36772;25511;14563;158305;38519;20582;18088;13598;9245;80350;18837;22358;18684;11913;5318;77955;19682;1991;15.0
16;Charente;95445;79394;50547;29637;342244;87221;47341;39951;26916;18883;175538;42447;48104;39443;23631;10754;166706;44774;1991;16.0
17;Charente-Maritime;141337;123010;85998;46472;530632;133815;70446;62462;45945;29083;273083;65147;70891;60548;40053;17389;257549;68668;1991;17.0
18;Cher;89520;75894;46916;27586;321274;81358;43899;37371;25184;17794;164058;39810;45621;38523;21732;9792;157216;41548;1991;18.0
19;Corrèze;62092;55829;41818;24777;237510;52994;30308;27945;22629;15729;122337;25726;31784;27884;19189;9048;115173;27268;1991;19.0
21;Côte-d'Or;153261;111705;58833;33131;495531;138601;77149;55543;32005;21468;254706;68541;76112;56162;26828;11663;240825;70060;1991;21.0
22;Côtes-d'Armor;139765;124331;88684;43585;538213;141848;67682;62552;48879;29293;277713;69307;72083;61779;39805;14292;260500;72541;1991;22.0
23;Creuse;31678;29926;25412;16957;130554;26581;15080;14676;13342;10856;66807;12853;16598;15250;12070;6101;63747;13728;1991;23.0
24;Dordogne;99278;91089;69707;38860;387139;88205;49201;46109;36919;24397;199398;42772;50077;44980;32788;14463;187741;45433;1991;24.0
25;Doubs;150444;112608;54015;26014;486507;143426;74718;55540;29450;16943;246795;70144;75726;57068;24565;9071;239712;73282;1991;25.0
26;Drôme;118282;98374;55250;29175;417019;115938;58785;49318;29669;18823;213035;56440;59497;49056;25581;10352;203984;59498;1991;26.0
27;Eure;156741;115562;58060;28429;517478;158686;77698;56547;31005;18678;261135;77207;79043;59015;27055;9751;256343;81479;1991;27.0
28;Eure-et-Loir;116022;88397;47948;26123;398575;120085;57958;42988;25546;16313;201380;58575;58064;45409;22402;9810;197195;61510;1991;28.0
29;Finistère;238220;188461;123988;63275;838401;224457;115059;95354;69875;42536;432087;109263;123161;93107;54113;20739;406314;115194;1991;29.0
30;Gard;167316;138987;85721;43846;588745;152875;83147;69965;46010;28154;301827;74551;84169;69022;39711;15692;286918;78324;1991;30.0
31;Haute-Garonne;313232;217498;111380;60424;938877;236343;156939;110639;60756;38649;483185;116202;156293;106859;50624;21775;455692;120141;1991;31.0
32;Gers;45549;42110;30458;18401;174899;38381;22260;20955;15550;11095;88389;18529;23289;21155;14908;7306;86510;19852;1991;32.0
33;Gironde;377728;281181;158594;85660;1223957;320794;191438;142737;87198;57111;635752;157268;186290;138444;71396;28549;588205;163526;1991;33.0
34;Hérault;239925;184093;116567;60722;805887;204580;123017;94480;62996;38427;419289;100369;116908;89613;53571;22295;386598;104211;1991;34.0
35;Ille-et-Vilaine;249800;176459;97389;46924;805129;234557;124498;89427;53678;31697;414344;115044;125302;87032;43711;15227;390785;119513;1991;35.0
36;Indre;62978;55293;38716;24458;237109;55664;30709;27474;20605;15371;121321;27162;32269;27819;18111;9087;115788;28502;1991;36.0
37;Indre-et-Loire;158668;120243;68070;39798;531644;144865;80331;60692;36591;25402;274607;71591;78337;59551;31479;14396;257037;73274;1991;37.0
38;Isère;320035;238845;113343;55400;1024568;296945;158498;118197;61360;36918;519520;144547;161537;120648;51983;18482;505048;152398;1991;38.0
39;Jura;69613;57093;35126;19267;249430;68331;34102;28227;18877;12203;126672;33263;35511;28866;16249;7064;122758;35068;1991;39.0
40;Landes;85036;74504;50463;27656;313287;75628;41479;37514;26672;17992;160222;36565;43557;36990;23791;9664;153065;39063;1991;40.0
41;Loir-et-Cher;84388;69774;45559;27438;307217;80058;41464;34691;24017;17300;156637;39165;42924;35083;21542;10138;150580;40893;1991;41.0
42;Loire;207973;175768;100367;53562;744872;207202;103890;88303;55231;36021;384473;101028;104083;87465;45136;17541;360399;106174;1991;42.0
43;Haute-Loire;56107;47906;31717;17957;206612;52925;26883;23472;17090;11747;104853;25661;29224;24434;14627;6210;101759;27264;1991;43.0
44;Loire-Atlantique;315604;240197;125468;62170;1058966;315527;157357;121961;70068;42134;546149;154629;158247;118236;55400;20036;512817;160898;1991;44.0
45;Loiret;174542;133319;71754;39354;585588;166619;86815;66010;38571;24728;297976;81852;87727;67309;33183;14626;287612;84767;1991;45.0
46;Lot;39572;36864;28343;16275;156262;35208;19454;18556;14879;10261;80203;17053;20118;18308;13464;6014;76059;18155;1991;46.0
47;Lot-et-Garonne;80261;72203;50094;27651;305470;75261;40165;36552;26519;17293;157141;36612;40096;35651;23575;10358;148329;38649;1991;47.0
48;Lozère;19654;16582;11534;7246;72650;17634;9282;7896;5891;4604;36261;8588;10372;8686;5643;2642;36389;9046;1991;48.0
49;Maine-et-Loire;207988;149456;83155;46315;707020;220106;104097;75919;45122;29982;362784;107664;103891;73537;38033;16333;344236;112442;1991;49.0
50;Manche;135783;105216;69928;32551;479820;136342;65306;52904;37883;22123;244608;66392;70477;52312;32045;10428;235212;69950;1991;50.0
51;Marne;177196;124388;60903;32430;559006;164089;88507;61620;33527;21402;285400;80344;88689;62768;27376;11028;273606;83745;1991;51.0
52;Haute-Marne;58023;45662;27017;14645;203333;57986;28323;22278;14557;9467;102670;28045;29700;23384;12460;5178;100663;29941;1991;52.0
53;Mayenne;78219;60621;37031;20134;278255;82250;38054;30556;19864;13280;141732;39978;40165;30065;17167;6854;136523;42272;1991;53.0
54;Meurthe-et-Moselle;222875;161503;85108;41029;711758;201243;111204;80916;47284;27741;365647;98502;111671;80587;37824;13288;346111;102741;1991;54.0
55;Meuse;56045;42904;26862;13997;196043;56235;27144;21151;14586;9259;99265;27125;28901;21753;12276;4738;96778;29110;1991;55.0
56;Morbihan;175602;139733;89330;41873;621740;175202;85049;70529;49245;28278;318081;84980;90553;69204;40085;13595;303659;90222;1991;56.0
57;Moselle;320928;233501;118871;47627;1011848;290921;158914;114838;65071;31914;511941;141204;162014;118663;53800;15713;499907;149717;1991;57.0
58;Nièvre;60613;53701;38948;23466;232671;55943;29684;26711;21122;15041;119770;27212;30929;26990;17826;8425;112901;28731;1991;58.0
59;Nord;774150;537914;281197;132112;2531624;806251;387848;271009;158053;91315;1302179;393954;386302;266905;123144;40797;1229445;412297;1991;59.0
60;Oise;228035;166470;71757;35204;732276;230810;113544;79917;38593;23272;367690;112364;114491;86553;33164;11932;364586;118446;1991;60.0
61;Orne;80824;66199;42266;21345;293161;82527;39527;33189;22650;14093;149663;40204;41297;33010;19616;7252;143498;42323;1991;61.0
62;Pas-de-Calais;420269;304498;178065;77990;1433769;452947;208090;154582;100531;53900;738515;221412;212179;149916;77534;24090;695254;231535;1991;62.0
63;Puy-de-Dôme;179154;144340;79832;40866;598368;154176;89220;71719;43687;27169;307468;75673;89934;72621;36145;13697;290900;78503;1991;63.0
64;Pyrénées-Atlantiques;163942;137226;86264;49868;580655;143355;81569;70202;46996;32582;301321;69972;82373;67024;39268;17286;279334;73383;1991;64.0
65;Hautes-Pyrénées;61990;55135;36213;20301;225026;51387;30440;27951;19483;13132;115910;24904;31550;27184;16730;7169;109116;26483;1991;65.0
66;Pyrénées-Orientales;95731;85035;65730;34440;367625;86689;48258;44499;35358;21258;191739;42366;47473;40536;30372;13182;175886;44323;1991;66.0
67;Bas-Rhin;319002;218099;107742;54302;960320;261175;158790;106821;61926;37274;493436;128625;160212;111278;45816;17028;466884;132550;1991;67.0
68;Haut-Rhin;213809;157580;78461;37760;675110;187500;105502;76631;44289;26322;344157;91413;108307;80949;34172;11438;330953;96087;1991;68.0
69;Rhône;479237;358323;170024;87812;1517429;422033;243408;180088;94145;59853;784901;207407;235829;178235;75879;27959;732528;214626;1991;69.0
70;Haute-Saône;63426;52375;30536;16929;228928;65662;30804;25433;16562;10911;115382;31672;32622;26942;13974;6018;113546;33990;1991;70.0
71;Saône-et-Loire;151700;130998;83071;46318;558411;146324;74395;65298;44707;30176;285681;71105;77305;65700;38364;16142;272730;75219;1991;71.0
72;Sarthe;148637;114481;68287;37754;514610;145451;73303;57349;36697;24399;262834;71086;75334;57132;31590;13355;251776;74365;1991;72.0
73;Savoie;107729;82672;43351;22288;351656;95616;52756;40919;23561;14593;178421;46592;54973;41753;19790;7695;173235;49024;1991;73.0
74;Haute-Savoie;185778;138089;60580;28680;577834;164707;91877;67592;33001;18727;291280;80083;93901;70497;27579;9953;286554;84624;1991;74.0
75;Paris;773569;522330;255775;170643;2145912;423595;399564;268932;151927;116471;1147084;210190;374005;253398;103848;54172;998828;213405;1991;75.0
76;Seine-Maritime;376566;272758;142066;71841;1227019;363788;189087;137143;78779;48376;631537;178152;187479;135615;63287;23465;595482;185636;1991;76.0
77;Seine-et-Marne;345835;256415;92338;49640;1095235;351007;175121;124256;49773;32820;552649;170679;170714;132159;42565;16820;542586;180328;1991;77.0
78;Yvelines;409424;334972;112894;54367;1314925;403268;207198;164849;60754;36780;666179;196598;202226;170123;52140;17587;648746;206670;1991;78.0
79;Deux-Sèvres;96313;78130;49374;28541;345801;93443;47227;38938;25904;17353;174729;45307;49086;39192;23470;11188;171072;48136;1991;79.0
80;Somme;165076;118736;68334;34312;548127;161669;82265;59493;37041;22359;280467;79309;82811;59243;31293;11953;267660;82360;1991;80.0
81;Tarn;90688;80975;55018;32236;342545;83628;44704;41096;29167;20262;175777;40548;45984;39879;25851;11974;166768;43080;1991;81.0
82;Tarn-et-Garonne;55751;46589;31560;17814;201613;49899;27374;23342;16690;11011;102726;24309;28377;23247;14870;6803;98887;25590;1991;82.0
83;Var;224022;197478;133957;66397;825813;203959;112060;100285;72051;42282;425522;98844;111962;97193;61906;24115;400291;105115;1991;83.0
84;Vaucluse;135645;113054;63414;32358;472251;127780;68005;56764;34136;20876;241834;62053;67640;56290;29278;11482;230417;65727;1991;84.0
85;Vendée;143179;112175;73730;37867;512749;145798;69656;55935;39264;24312;259984;70817;73523;56240;34466;13555;252765;74981;1991;85.0
86;Vienne;113062;84217;52381;31563;381861;100638;56759;41973;27648;19664;195123;49079;56303;42244;24733;11899;186738;51559;1991;86.0
87;Haute-Vienne;98698;84358;55106;34416;353818;81240;49556;42340;29861;22003;183486;39726;49142;42018;25245;12413;170332;41514;1991;87.0
88;Vosges;109560;87683;50585;27763;385065;109474;53621;43423;28153;18733;197213;53283;55939;44260;22432;9030;187852;56191;1991;88.0
89;Yonne;87822;71799;48381;28883;324623;87738;42911;35020;25905;18347;164755;42572;44911;36779;22476;10536;159868;45166;1991;89.0
90;Territoire de Belfort;41581;31396;15453;7839;134439;38170;19997;15300;8508;5290;67609;18514;21584;16096;6945;2549;66830;19656;1991;90.0
91;Essonne;354883;277726;90944;45468;1093658;324637;176109;137223;49143;30727;551912;158710;178774;140503;41801;14741;541746;165927;1991;91.0
92;Hauts-de-Seine;468605;341542;156432;83178;1392369;342612;239733;171272;88837;57270;725597;168485;228872;170270;67595;25908;666772;174127;1991;92.0
93;Seine-Saint-Denis;465780;323497;125481;56783;1380953;409412;236711;155804;69721;38856;701393;200301;229069;167693;55760;17927;679560;209111;1991;93.0
94;Val-de-Marne;406416;297203;126284;65392;1215154;319859;204544;148618;71188;44968;626473;157155;201872;148585;55096;20424;588681;162704;1991;94.0
95;Val-d'Oise;343914;249832;87014;41029;1057350;335561;175118;122466;47578;28129;537307;164016;168796;127366;39436;12900;520043;171545;1991;95.0
971;Guadeloupe;117177;65557;28906;11536;354536;131360;59867;34098;15674;7125;181556;64792;57310;31459;13232;4411;172980;66568;1991;971.0
972;Martinique;117598;69715;34358;14364;359774;123739;60734;36932;18699;9009;186195;60821;56864;32783;15659;5355;173579;62918;1991;972.0
973;Guyane;40435;18643;4839;1592;117327;51818;19145;8466;2404;906;56485;25564;21290;10177;2435;686;60842;26254;1991;973.0
974;La Réunion;204208;103252;38039;11785;607837;250553;103828;52095;21010;7925;308729;123871;100380;51157;17029;3860;299108;126682;1991;974.0
2A;Corse-du-Sud;34348;28416;17572;8776;118452;29340;17116;13750;9448;5696;60123;14113;17232;14666;8124;3080;58329;15227;1990;
2B;Haute-Corse;38877;31527;19280;10192;131193;31317;18699;14921;10420;6460;65913;15413;20178;16606;8860;3732;65280;15904;1990;
01;Ain;142812;107851;51385;29305;470651;139298;69971;51950;27209;18939;236043;67974;72841;55901;24176;10366;234608;71324;1990;1.0
02;Aisne;159798;115301;66035;33521;536896;162241;78556;57228;35844;22015;272919;79276;81242;58073;30191;11506;263977;82965;1990;2.0
03;Allier;95503;84518;57023;35275;357952;85633;47063;42714;30911;22618;185181;41875;48440;41804;26112;12657;172771;43758;1990;3.0
04;Alpes-de-Haute-Provence;36578;31381;19799;11143;130911;32010;17942;15709;10323;6894;66436;15568;18636;15672;9476;4249;64475;16442;1990;4.0
05;Hautes-Alpes;33317;25823;15826;8730;113265;29569;16359;12740;8279;5448;56992;14166;16958;13083;7547;3282;56273;15403;1990;5.0
06;Alpes-Maritimes;263257;232984;157821;103209;972380;215109;134630;121045;88734;66234;515547;104904;128627;111939;69087;36975;456833;110205;1990;6.0
07;Ardèche;76142;64524;40801;24157;277651;72027;37315;31927;21709;15641;141472;34880;38827;32597;19092;8516;136179;37147;1990;7.0
08;Ardennes;86988;65214;35136;18592;296150;90220;42890;32030;19146;12257;150415;44092;44098;33184;15990;6335;145735;46128;1990;8.0
09;Ariège;35791;31076;23381;15365;136681;31068;17446;15466;12187;9330;69477;15048;18345;15610;11194;6035;67204;16020;1990;9.0
10;Aube;85041;65400;35838;21555;289138;81304;42007;32391;19574;13908;147431;39551;43034;33009;16264;7647;141707;41753;1990;10.0
11;Aude;80252;68278;49919;30218;298917;70250;38667;34802;26258;18628;152141;33786;41585;33476;23661;11590;146776;36464;1990;11.0
12;Aveyron;70063;63134;44379;29018;270408;63814;33803;31648;23297;17908;137714;31058;36260;31486;21082;11110;132694;32756;1990;12.0
13;Bouches-du-Rhône;525915;421957;223891;115931;1758064;470370;267122;212808;122151;75673;907237;229483;258793;209149;101740;40258;850827;240887;1990;13.0
14;Calvados;190510;132368;72120;36287;618117;186832;95708;67703;39712;24766;319639;91750;94802;64665;32408;11521;298478;95082;1990;14.0
15;Cantal;43619;36336;24847;14707;158840;39331;20945;17903;13208;9326;80590;19208;22674;18433;11639;5381;78250;20123;1990;15.0
16;Charente;96427;78381;48788;30124;342041;88321;47843;39533;25975;19134;175472;42987;48584;38848;22813;10990;166569;45334;1990;16.0
17;Charente-Maritime;141691;120654;82779;47099;527186;134963;70650;61329;44212;29345;271248;65712;71041;59325;38567;17754;255938;69251;1990;17.0
18;Cher;90482;74890;45300;28264;321487;82551;44379;36893;24361;18178;164218;40407;46103;37997;20939;10086;157269;42144;1990;18.0
19;Corrèze;62618;55433;40810;25222;238051;53968;30639;27829;22035;15960;122648;26185;31979;27604;18775;9262;115403;27783;1990;19.0
21;Côte-d'Or;153146;109584;56834;33582;493471;140325;77062;54432;30949;21637;253535;69455;76084;55152;25885;11945;239936;70870;1990;21.0
22;Côtes-d'Armor;140692;123019;85987;44432;538443;144313;68166;61986;47403;29741;277846;70550;72526;61033;38584;14691;260597;73763;1990;22.0
23;Creuse;32121;29990;24802;17551;131585;27121;15286;14704;13085;11131;67297;13091;16835;15286;11717;6420;64288;14030;1990;23.0
24;Dordogne;100142;90337;67655;39279;386690;89277;49613;45777;35799;24642;199136;43305;50529;44560;31856;14637;187554;45972;1990;24.0
25;Doubs;150401;110536;51791;26292;484264;145244;74515;54579;28296;17139;245583;71054;75886;55957;23495;9153;238681;74190;1990;25.0
26;Drôme;118568;96221;53296;29600;413829;116144;58958;48292;28587;19028;211375;56510;59610;47929;24709;10572;202454;59634;1990;26.0
27;Eure;157386;112269;55675;28558;513465;159577;77884;55024;29682;18682;258935;77663;79502;57245;25993;9876;254530;81914;1990;27.0
28;Eure-et-Loir;116738;85881;46089;26433;395683;120542;58244;41882;24539;16436;199875;58774;58494;43999;21550;9997;195808;61768;1990;28.0
29;Finistère;238713;186530;120812;64112;838366;228199;115209;94663;68173;42868;432050;111137;123504;91867;52639;21244;406316;117062;1990;29.0
30;Gard;167789;136652;82899;44281;584982;153361;83237;68906;44491;28354;299733;74745;84552;67746;38408;15927;285249;78616;1990;30.0
31;Haute-Garonne;307735;212365;107885;60669;925116;236462;154132;108121;58786;38761;476154;116354;153603;104244;49099;21908;448962;120108;1990;31.0
32;Gers;45792;41858;29504;18700;174746;38892;22337;20846;15038;11277;88270;18772;23455;21012;14466;7423;86476;20120;1990;32.0
33;Gironde;376080;274384;153481;86672;1213540;322923;190456;139412;84372;57698;630333;158395;185624;134972;69109;28974;583207;164528;1990;33.0
34;Hérault;236860;180042;112314;61203;794642;204223;121245;92485;60580;38783;413422;100329;115615;87557;51734;22420;381220;103894;1990;34.0
35;Ille-et-Vilaine;247390;173092;93790;47283;797785;236230;123313;87778;51699;31985;410668;115893;124077;85314;42091;15298;387117;120337;1990;35.0
36;Indre;63590;54974;37509;24876;237609;56660;31038;27363;19971;15571;121572;27629;32552;27611;17538;9305;116037;29031;1990;36.0
37;Indre-et-Loire;158141;117965;66018;40213;529150;146813;79901;59538;35493;25597;273169;72640;78240;58427;30525;14616;255981;74173;1990;37.0
38;Isère;318256;233911;108987;55968;1015238;298116;157670;115748;58987;37259;514789;145125;160586;118163;50000;18709;500449;152991;1990;38.0
39;Jura;69811;56319;33936;19642;248707;68999;34174;27918;18223;12458;126337;33564;35637;28401;15713;7184;122370;35435;1990;39.0
40;Landes;85443;73204;48774;27994;311507;76092;41682;36847;25792;18172;159245;36752;43761;36357;22982;9822;152262;39340;1990;40.0
41;Loir-et-Cher;84815;68396;43946;27865;305869;80847;41606;34062;23165;17508;155863;39522;43209;34334;20781;10357;150006;41325;1990;41.0
42;Loire;209651;173986;97163;54531;746101;210770;104708;87548;53395;36584;384989;102754;104943;86438;43768;17947;361112;108016;1990;42.0
43;Haute-Loire;56609;47397;30641;18393;206658;53618;27030;23305;16520;11996;104901;26050;29579;24092;14121;6397;101757;27568;1990;43.0
44;Loire-Atlantique;314691;234137;120940;62724;1050539;318047;156992;119176;67464;42388;541787;155767;157699;114961;53476;20336;508752;162280;1990;44.0
45;Loiret;174410;129692;68871;39842;580010;167195;86716;64168;37030;24943;295043;82186;87694;65524;31841;14899;284967;85009;1990;45.0
46;Lot;39912;36555;27493;16481;155970;35529;19623;18402;14470;10364;80034;17175;20289;18153;13023;6117;75936;18354;1990;46.0
47;Lot-et-Garonne;81101;71651;48832;27970;305797;76243;40525;36330;25834;17423;157237;37125;40576;35321;22998;10547;148560;39118;1990;47.0
48;Lozère;19826;16438;11295;7388;72863;17916;9335;7892;5782;4666;36393;8718;10491;8546;5513;2722;36470;9198;1990;48.0
49;Maine-et-Loire;207810;146402;80364;46803;704668;223289;103872;74615;43529;30229;361591;109346;103938;71787;36835;16574;343077;113943;1990;49.0
50;Manche;136991;104279;67228;33141;479579;137940;65804;52682;36427;22470;244533;67150;71187;51597;30801;10671;235046;70790;1990;50.0
51;Marne;177443;121936;58721;32938;557636;166598;88539;60354;32366;21643;284549;81647;88904;61582;26355;11295;273087;84951;1990;51.0
52;Haute-Marne;58972;45100;26022;14969;204039;58976;28723;22028;14056;9597;103036;28632;30249;23072;11966;5372;101003;30344;1990;52.0
53;Mayenne;78529;59839;35671;20422;277748;83287;38264;30242;19103;13463;141607;40535;40265;29597;16568;6959;136141;42752;1990;53.0
54;Meurthe-et-Moselle;223578;160020;81758;41772;711367;204239;111424;80207;45511;28148;365318;100028;112154;79813;36247;13624;346049;104211;1990;54.0
55;Meuse;56622;42372;25950;14371;196282;56967;27421;20966;14063;9473;99388;27465;29201;21406;11887;4898;96894;29502;1990;55.0
56;Morbihan;176398;137389;86139;42107;619723;177690;85481;69460;47424;28398;316929;86166;90917;67929;38715;13709;302794;91524;1990;56.0
57;Moselle;322407;231128;114166;47797;1010514;295016;159481;113656;62788;32012;511147;143210;162926;117472;51378;15785;499367;151806;1990;57.0
58;Nièvre;61565;53085;37706;24246;233450;56848;30110;26412;20481;15495;120139;27641;31455;26673;17225;8751;113311;29207;1990;58.0
59;Nord;776517;531507;270726;135693;2529495;815052;388667;268097;152252;93484;1300656;398156;387850;263410;118474;42209;1228839;416896;1990;59.0
60;Oise;228546;160799;68667;35660;724587;230915;113688;77152;36982;23494;363681;112365;114858;83647;31685;12166;360906;118550;1990;60.0
61;Orne;81560;65273;40680;21808;293194;83873;39849;32868;21816;14384;149791;40874;41711;32405;18864;7424;143403;42999;1990;61.0
62;Pas-de-Calais;422421;300490;171593;79865;1432208;457839;209075;152998;96877;54956;737671;223765;213346;147492;74716;24909;694537;234074;1990;62.0
63;Puy-de-Dôme;180296;142332;77163;41642;598311;156878;89701;70738;42112;27610;307241;77080;90595;71594;35051;14032;291070;79798;1990;63.0
64;Pyrénées-Atlantiques;164054;135074;83767;50215;578076;144966;81711;69122;45661;32768;299957;70695;82343;65952;38106;17447;278119;74271;1990;64.0
65;Hautes-Pyrénées;62529;54516;35291;20339;224919;52244;30683;27667;19011;13151;115831;25319;31846;26849;16280;7188;109088;26925;1990;65.0
66;Pyrénées-Orientales;94784;84029;63638;34425;363764;86888;47825;43984;34176;21283;189693;42425;46959;40045;29462;13142;174071;44463;1990;66.0
67;Bas-Rhin;316910;213509;104128;55057;952158;262554;157363;104738;60213;37669;489350;129367;159547;108771;43915;17388;462808;133187;1990;67.0
68;Haut-Rhin;214191;154714;75064;38540;670652;188143;105526;75432;42511;26850;342079;91760;108665;79282;32553;11690;328573;96383;1990;68.0
69;Rhône;476698;354061;163363;89015;1507113;423976;241858;177813;90475;60634;779132;208352;234840;176248;72888;28381;727981;215624;1990;69.0
70;Haute-Saône;64046;51536;29577;17426;229478;66893;31168;25040;16042;11250;115697;32197;32878;26496;13535;6176;113781;34696;1990;70.0
71;Saône-et-Loire;153516;129619;80130;47257;559360;148838;75390;64687;43100;30690;286157;72290;78126;64932;37030;16567;273203;76548;1990;71.0
72;Sarthe;148857;112599;65899;38358;513280;147567;73363;56586;35370;24693;262133;72121;75494;56013;30529;13665;251147;75446;1990;72.0
73;Savoie;107365;80761;41717;22440;348089;95806;52482;40011;22696;14639;176517;46689;54883;40750;19021;7801;171572;49117;1990;73.0
74;Haute-Savoie;185059;133178;57864;28662;567735;162972;91441;65142;31556;18740;286183;79304;93618;68036;26308;9922;281552;83668;1990;74.0
75;Paris;776471;519423;253597;175082;2150147;425574;401163;267595;151339;119477;1150613;211039;375308;251828;102258;55605;999534;214535;1990;75.0
76;Seine-Maritime;377718;267973;137055;72622;1222504;367136;189506;134911;76050;48793;629145;179885;188212;133062;61005;23829;593359;187251;1990;76.0
77;Seine-et-Marne;343779;246387;87946;50129;1077206;348965;174001;119073;47597;32963;543366;169732;169778;127314;40349;17166;533840;179233;1990;77.0
78;Yvelines;411402;327986;107072;54579;1305076;404037;208334;160854;57799;36869;660800;196944;203068;167132;49273;17710;644276;207093;1990;78.0
79;Deux-Sèvres;97158;77315;47426;29113;346027;95015;47671;38605;24851;17563;174898;46208;49487;38710;22575;11550;171129;48807;1990;79.0
80;Somme;165294;116812;65979;35207;547485;164193;82356;58726;35720;22805;280071;80464;82938;58086;30259;12402;267414;83729;1990;80.0
81;Tarn;91792;80571;53259;32796;342946;84528;45229;40993;28239;20570;175981;40950;46563;39578;25020;12226;166965;43578;1990;81.0
82;Tarn-et-Garonne;55781;45771;30566;18083;200295;50094;27405;22997;16100;11193;102006;24311;28376;22774;14466;6890;98289;25783;1990;82.0
83;Var;223462;193810;129517;65916;815714;203009;111663;98469;69714;41948;420165;98371;111799;95341;59803;23968;395549;104638;1990;83.0
84;Vaucluse;135488;110524;61121;32515;466910;127262;67788;55562;32904;20939;239000;61807;67700;54962;28217;11576;227910;65455;1990;84.0
85;Vendée;143427;109972;70660;38087;508962;146816;69744;54971;37642;24372;258028;71299;73683;55001;33018;13715;250934;75517;1990;85.0
86;Vienne;112318;82771;50791;32021;379963;102062;56213;41290;26797;19851;194020;49869;56105;41481;23994;12170;185943;52193;1990;86.0
87;Haute-Vienne;99025;83305;53616;35322;353824;82556;49628;41760;29143;22561;183481;40389;49397;41545;24473;12761;170343;42167;1990;87.0
88;Vosges;110880;86859;48749;28403;386128;111237;54274;43171;27118;19117;197791;54111;56606;43688;21631;9286;188337;57126;1990;88.0
89;Yonne;88379;70086;46907;29411;323118;88335;43171;34197;25121;18540;163861;42832;45208;35889;21786;10871;159257;45503;1990;89.0
90;Territoire de Belfort;41722;30860;14807;7940;133978;38649;20137;15042;8192;5347;67400;18682;21585;15818;6615;2593;66578;19967;1990;90.0
91;Essonne;354098;271971;85786;46027;1083245;325363;175768;133879;46622;30975;546326;159082;178330;138092;39164;15052;536919;166281;1990;91.0
92;Hauts-de-Seine;468892;341069;151839;84750;1389416;342866;239673;170948;86363;58422;724076;168670;229219;170121;65476;26328;665340;174196;1990;92.0
93;Seine-Saint-Denis;469474;320206;120880;57901;1378576;410115;238042;154145;67382;39722;700028;200737;231432;166061;53498;18179;678548;209378;1990;93.0
94;Val-de-Marne;408128;295092;121746;66792;1213446;321688;205279;147415;68853;45936;625439;157956;202849;147677;52893;20856;588007;163732;1990;94.0
95;Val-d'Oise;344988;243448;82908;41530;1047553;334679;175590;119070;45432;28395;532072;163585;169398;124378;37476;13135;515481;171094;1990;95.0
971;Guadeloupe;116927;63409;28247;11052;351844;132209;59597;32920;15310;6839;179891;65225;57330;30489;12937;4213;171953;66984;1990;971.0
972;Martinique;118174;67925;33582;13859;358406;124866;60868;35941;18268;8708;185108;61323;57306;31984;15314;5151;173298;63543;1990;972.0
973;Guyane;39505;17666;4676;1517;113351;49987;18517;7966;2325;858;54328;24662;20988;9700;2351;659;59023;25325;1990;973.0
974;La Réunion (*);204727;103001;38781;12607;597828;238712;103855;51926;21312;8382;303572;118097;100872;51075;17469;4225;294256;120615;1990;974.0
2B;Haute-Corse;39314;31559;19231;10072;131604;31428;18491;14956;10215;6498;65716;15556;20823;16603;9016;3574;65888;15872;1989;
2A;Corse-du-Sud;34193;28061;17092;8640;116750;28764;16733;13522;9273;5624;59056;13904;17460;14539;7819;3016;57694;14860;1989;
01;Ain;141183;104387;50419;28667;462787;138131;69116;50236;26817;18521;231976;67286;72067;54151;23602;10146;230811;70845;1989;1.0
02;Aisne;161557;113639;64902;33400;537196;163698;79257;56532;35294;21894;272809;79832;82300;57107;29608;11506;264387;83866;1989;2.0
03;Allier;96322;84444;56756;34881;359683;87280;47379;42773;30871;22317;186030;42690;48943;41671;25885;12564;173653;44590;1989;3.0
04;Alpes-de-Haute-Provence;36237;30930;19470;10828;129159;31694;17781;15359;10228;6719;65529;15442;18456;15571;9242;4109;63630;16252;1989;4.0
05;Hautes-Alpes;33261;25342;15700;8454;112138;29381;16298;12518;8232;5271;56359;14040;16963;12824;7468;3183;55779;15341;1989;5.0
06;Alpes-Maritimes;260136;229406;156042;100734;958441;212123;132834;119371;88053;64672;508292;103362;127302;110035;67989;36062;450149;108761;1989;6.0
07;Ardèche;76153;63834;40426;23734;276660;72513;37310;31647;21568;15416;141007;35066;38843;32187;18858;8318;135653;37447;1989;7.0
08;Ardennes;88281;64657;34640;18496;297758;91684;43472;31764;18908;12203;151097;44750;44809;32893;15732;6293;146661;46934;1989;8.0
09;Ariège;35899;30909;23350;15138;136459;31163;17477;15395;12209;9189;69367;15097;18422;15514;11141;5949;67092;16066;1989;9.0
10;Aube;85990;64347;35527;21379;289404;82161;42496;31825;19498;13772;147550;39959;43494;32522;16029;7607;141854;42202;1989;10.0
11;Aude;79522;67641;49280;29672;295915;69800;38355;34493;26059;18289;150703;33507;41167;33148;23221;11383;145212;36293;1989;11.0
12;Aveyron;70532;63067;44550;28410;271586;65027;34050;31619;23566;17519;138430;31676;36482;31448;20984;10891;133156;33351;1989;12.0
13;Bouches-du-Rhône;528127;417875;222440;113993;1755288;472853;268163;210562;121585;74511;905573;230752;259964;207313;100855;39482;849715;242101;1989;13.0
14;Calvados;191327;129009;70770;35342;614915;188467;96022;66043;39019;24227;317879;92568;95305;62966;31751;11115;297036;95899;1989;14.0
15;Cantal;43920;36202;24783;14405;159458;40148;21030;17853;13230;9172;80869;19584;22890;18349;11553;5233;78589;20564;1989;15.0
16;Charente;97142;77595;48400;29609;342160;89414;48223;39165;25842;18830;175569;43509;48919;38430;22558;10779;166591;45905;1989;16.0
17;Charente-Maritime;142544;119051;81560;45979;525448;136314;71118;60479;43715;28674;270281;66295;71426;58572;37845;17305;255167;70019;1989;17.0
18;Cher;91113;73938;44901;27958;321479;83569;44700;36434;24249;17976;164211;40852;46413;37504;20652;9982;157268;42717;1989;18.0
19;Corrèze;63235;55105;40696;24812;238587;54739;30897;27792;21995;15699;122903;26520;32338;27313;18701;9113;115684;28219;1989;19.0
21;Côte-d'Or;153408;106947;56208;32810;491437;142064;77078;53169;30677;21152;252357;70281;76330;53778;25531;11658;239080;71783;1989;21.0
22;Côtes-d'Armor;142028;121803;85021;43438;538787;146497;68814;61525;47001;29164;278004;71500;73214;60278;38020;14274;260783;74997;1989;22.0
23;Creuse;32428;30308;24755;17512;132654;27651;15471;14893;13090;11090;67899;13355;16957;15415;11665;6422;64755;14296;1989;23.0
24;Dordogne;100414;89635;67049;38425;385329;89806;49763;45435;35599;24105;198363;43461;50651;44200;31450;14320;186966;46345;1989;24.0
25;Doubs;151722;108458;50890;25534;484695;148091;74895;53623;27873;16673;245517;72453;76827;54835;23017;8861;239178;75638;1989;25.0
26;Drôme;118404;94935;52545;28978;411076;116214;58796;47600;28404;18647;209971;56524;59608;47335;24141;10331;201105;59690;1989;26.0
27;Eure;156589;108842;54424;27993;506378;158530;77519;53297;29196;18269;255430;77149;79070;55545;25228;9724;250948;81381;1989;27.0
28;Eure-et-Loir;116863;83420;45183;25934;391358;119958;58164;40727;24084;16122;197516;58419;58699;42693;21099;9812;193842;61539;1989;28.0
29;Finistère;239187;184339;120255;62379;836889;230729;115463;93798;68137;41739;431337;112200;123724;90541;52118;20640;405552;118529;1989;29.0
30;Gard;166171;133783;81521;43232;576753;152046;82340;67617;43796;27782;295526;73991;83831;66166;37725;15450;281227;78055;1989;30.0
31;Haute-Garonne;302814;206219;106167;58731;910492;236561;151616;105330;57866;37543;468792;116437;151198;100889;48301;21188;441700;120124;1989;31.0
32;Gers;45958;41752;29172;18381;174508;39245;22435;20794;14867;11119;88112;18897;23523;20958;14305;7262;86396;20348;1989;32.0
33;Gironde;373972;266937;151387;84876;1201218;324046;189263;135962;83370;56602;624210;159013;184709;130975;68017;28274;577008;165033;1989;33.0
34;Hérault;233436;174760;110120;59578;780752;202858;119218;89908;59555;37814;406299;99804;114218;84852;50565;21764;374453;103054;1989;34.0
35;Ille-et-Vilaine;246100;168789;92398;45711;791255;238257;122564;85773;51133;31047;407555;117038;123536;83016;41265;14664;383700;121219;1989;35.0
36;Indre;64147;54736;37390;24560;238590;57757;31273;27311;19944;15362;122010;28120;32874;27425;17446;9198;116580;29637;1989;36.0
37;Indre-et-Loire;157779;115532;65112;39303;526280;148554;79665;58417;35009;25037;271700;73572;78114;57115;30103;14266;254580;74982;1989;37.0
38;Isère;315167;228110;106522;54439;1001823;297585;155988;112925;57785;36359;507959;144902;159179;115185;48737;18080;493864;152683;1989;38.0
39;Jura;69942;55645;33541;19225;248002;69649;34280;27538;18134;12203;125974;33819;35662;28107;15407;7022;122028;35830;1989;39.0
40;Landes;85444;72319;47953;27292;309431;76423;41835;36383;25461;17743;158240;36818;43609;35936;22492;9549;151191;39605;1989;40.0
41;Loir-et-Cher;85227;67328;43188;27468;304735;81524;41808;33503;22919;17265;155323;39828;43419;33825;20269;10203;149412;41696;1989;41.0
42;Loire;210683;171389;96040;53220;744176;212844;105267;86325;52877;35830;383914;103615;105416;85064;43163;17390;360262;109229;1989;42.0
43;Haute-Loire;56824;46996;30414;18278;206648;54136;27130;23202;16426;11927;104970;26285;29694;23794;13988;6351;101678;27851;1989;43.0
44;Loire-Atlantique;315109;228383;119634;60695;1044750;320929;157118;116433;66878;41264;538953;157260;157991;111950;52756;19431;505797;163669;1989;44.0
45;Loiret;174031;126044;67637;38904;574008;167392;86452;62374;36425;24376;291870;82243;87579;63670;31212;14528;282138;85149;1989;45.0
46;Lot;40314;36216;27252;16114;155606;35710;19798;18330;14332;10159;79874;17255;20516;17886;12920;5955;75732;18455;1989;46.0
47;Lot-et-Garonne;81441;71056;48553;27371;305022;76601;40646;36150;25658;17090;156902;37358;40795;34906;22895;10281;148120;39243;1989;47.0
48;Lozère;20046;16315;11306;7269;73167;18231;9448;7847;5822;4589;36561;8855;10598;8468;5484;2680;36606;9376;1989;48.0
49;Maine-et-Loire;208027;143454;79376;45557;702281;225867;104022;73185;43185;29444;360406;110570;104005;70269;36191;16113;341875;115297;1989;49.0
50;Manche;137355;103287;66364;32535;478065;138524;66088;52282;36158;22129;244056;67399;71267;51005;30206;10406;234009;71125;1989;50.0
51;Marne;178304;119324;57792;32451;556536;168665;88975;59033;31947;21321;283915;82639;89329;60291;25845;11130;272621;86026;1989;51.0
52;Haute-Marne;59776;44722;25905;14767;205311;60141;29200;21819;14052;9450;103659;29138;30576;22903;11853;5317;101652;31003;1989;52.0
53;Mayenne;79010;58892;35414;19822;277323;84185;38575;29822;19054;13140;141541;40950;40435;29070;16360;6682;135782;43235;1989;53.0
54;Meurthe-et-Moselle;225894;158180;80448;40970;713281;207789;112336;79285;44902;27646;365936;101767;113558;78895;35546;13324;347345;106022;1989;54.0
55;Meuse;57505;42007;25597;14290;197165;57766;27819;20818;13941;9413;99817;27826;29686;21189;11656;4877;97348;29940;1989;55.0
56;Morbihan;176177;135223;84947;40764;615950;178839;85444;68466;47040;27481;315053;86622;90733;66757;37907;13283;300897;92217;1989;56.0
57;Moselle;325791;228971;111455;46852;1011886;298817;161039;112446;61542;31392;511356;144937;164752;116525;49913;15460;500530;153880;1989;57.0
58;Nièvre;62406;52826;37415;24096;234316;57573;30499;26320;20400;15376;120535;27940;31907;26506;17015;8720;113781;29633;1989;58.0
59;Nord;779696;522474;267084;133403;2523977;821320;389816;263663;150736;91920;1297382;401247;389880;258811;116348;41483;1226595;420073;1989;59.0
60;Oise;227931;155538;67211;35156;715839;230003;113117;74608;36296;23143;359074;111910;114814;80930;30915;12013;356765;118093;1989;60.0
61;Orne;82504;64696;40185;21449;293942;85108;40320;32666;21618;14178;150232;41450;42184;32030;18567;7271;143710;43658;1989;61.0
62;Pas-de-Calais;423661;295771;169201;78081;1426330;459616;209506;151070;95777;53712;734615;224550;214155;144701;73424;24369;691715;235066;1989;62.0
63;Puy-de-Dôme;181602;139870;76428;40853;598330;159577;90160;69638;41746;27120;307063;78399;91442;70232;34682;13733;291267;81178;1989;63.0
64;Pyrénées-Atlantiques;163892;133412;82746;49191;575389;146148;81697;68251;45278;32116;298630;71288;82195;65161;37468;17075;276759;74860;1989;64.0
65;Hautes-Pyrénées;62996;54280;35087;19957;225386;53066;30924;27631;18891;12906;116007;25655;32072;26649;16196;7051;109379;27411;1989;65.0
66;Pyrénées-Orientales;93944;83014;62572;33586;359462;86346;47477;43425;33687;20773;187480;42118;46467;39589;28885;12813;171982;44228;1989;66.0
67;Bas-Rhin;316121;209653;102200;54329;947414;265111;156742;102883;59696;37069;486967;130577;159379;106770;42504;17260;460447;134534;1989;67.0
68;Haut-Rhin;215218;152421;73187;38188;668461;189447;105740;74498;41786;26581;340960;92355;109478;77923;31401;11607;327501;97092;1989;68.0
69;Rhône;473708;346813;160409;86324;1493355;426101;239657;173939;89280;58959;771588;209753;234051;172874;71129;27365;721767;216348;1989;69.0
70;Haute-Saône;64784;50781;29540;17289;230208;67814;31511;24716;16095;11156;116163;32685;33273;26065;13445;6133;114045;35129;1989;70.0
71;Saône-et-Loire;155403;128876;79587;46578;561535;151091;76289;64366;42963;30225;287187;73344;79114;64510;36624;16353;274348;77747;1989;71.0
72;Sarthe;149815;110737;65117;37547;512930;149714;73952;55757;35010;24231;261947;72997;75863;54980;30107;13316;250983;76717;1989;72.0
73;Savoie;108124;80050;41414;21962;348361;96811;52855;39614;22592;14353;176632;47218;55269;40436;18822;7609;171729;49593;1989;73.0
74;Haute-Savoie;180301;126589;55540;27239;548825;159156;89174;61944;30344;17838;276662;77362;91127;64645;25196;9401;272163;81794;1989;74.0
75;Paris;780577;511620;258833;175306;2156455;430119;401948;263855;155047;119946;1154361;213565;378629;247765;103786;55360;1002094;216554;1989;75.0
76;Seine-Maritime;380042;262950;135619;71294;1220644;370739;190453;132536;75326;47938;627908;181655;189589;130414;60293;23356;592736;189084;1989;76.0
77;Seine-et-Marne;337599;235075;85358;49086;1048283;341165;170737;113557;46352;32263;528755;165846;166862;121518;39006;16823;519528;175319;1989;77.0
78;Yvelines;410263;319906;104322;53230;1290759;403038;207690;156639;56541;36056;653096;196170;202573;163267;47781;17174;637663;206868;1989;78.0
79;Deux-Sèvres;97660;76394;46933;28489;345697;96221;47980;38179;24615;17207;174764;46783;49680;38215;22318;11282;170933;49438;1989;79.0
80;Somme;166298;114779;65139;34983;547749;166550;82811;57704;35410;22639;280196;81632;83487;57075;29729;12344;267553;84918;1989;80.0
81;Tarn;92270;80067;52716;32257;342481;85171;45505;40753;28032;20266;175714;41158;46765;39314;24684;11991;166767;44013;1989;81.0
82;Tarn-et-Garonne;55611;45170;30101;17740;198815;50193;27278;22808;15891;10975;101255;24303;28333;22362;14210;6765;97560;25890;1989;82.0
83;Var;220616;189550;126181;63465;799602;199790;110208;96287;68096;40454;411662;96617;110408;93263;58085;23011;387940;103173;1989;83.0
84;Vaucluse;134334;108487;60101;31643;461001;126436;67126;54390;32579;20353;235958;61510;67208;54097;27522;11290;225043;64926;1989;84.0
85;Vendée;143728;107860;69326;37047;505801;147840;69901;54058;37019;23772;256500;71750;73827;53802;32307;13275;249301;76090;1989;85.0
86;Vienne;112232;81552;50256;31390;379140;103710;56054;40784;26543;19472;193622;50769;56178;40768;23713;11918;185518;52941;1989;86.0
87;Haute-Vienne;99588;82325;53423;34980;354197;83881;49862;41350;29087;22363;183705;41043;49726;40975;24336;12617;170492;42838;1989;87.0
88;Vosges;112618;85890;48360;28159;388056;113029;55020;42780;27018;18984;198743;54941;57598;43110;21342;9175;189313;58088;1989;88.0
89;Yonne;88909;68709;46034;29231;321368;88485;43443;33472;24772;18402;162929;42840;45466;35237;21262;10829;158439;45645;1989;89.0
90;Territoire de Belfort;41993;30318;14681;7750;133958;39216;20270;14780;8177;5221;67300;18852;21723;15538;6504;2529;66658;20364;1989;90.0
91;Essonne;352562;264109;83058;44917;1069797;325151;175348;129700;45189;30314;539422;158871;177214;134409;37869;14603;530375;166280;1989;91.0
92;Hauts-de-Seine;473229;337481;152200;83477;1390977;344590;241304;168999;86562;57663;724177;169649;231925;168482;65638;25814;666800;174941;1989;92.0
93;Seine-Saint-Denis;471987;315410;119243;57251;1372768;408877;238811;151811;66620;39319;696489;199928;233176;163599;52623;17932;676279;208949;1989;93.0
94;Val-de-Marne;410535;291385;120393;65701;1211985;323971;206485;145355;68212;45366;624608;159190;204050;146030;52181;20335;587377;164781;1989;94.0
95;Val-d'Oise;342520;235743;80785;40616;1029725;330061;174066;115259;44335;27841;522825;161324;168454;120484;36450;12775;506900;168737;1989;95.0
2B;Haute-Corse;39991;31299;19017;9986;131595;31302;18455;14781;10210;6421;65310;15443;21536;16518;8807;3565;66285;15859;1988;
2A;Corse-du-Sud;34180;27528;17061;8405;115580;28406;16480;13219;9319;5495;58291;13778;17700;14309;7742;2910;57289;14628;1988;
01;Ain;140479;101318;49551;27962;456284;136974;68722;48752;26427;18107;228661;66653;71757;52566;23124;9855;227623;70321;1988;1.0
02;Aisne;163020;112155;63883;33004;536875;164813;79747;55986;34796;21633;272440;80278;83273;56169;29087;11371;264435;84535;1988;2.0
03;Allier;97171;84399;56366;34438;361105;88731;47724;42837;30686;22049;186681;43385;49447;41562;25680;12389;174424;45346;1988;3.0
04;Alpes-de-Haute-Provence;36004;30494;19090;10516;127578;31474;17656;15163;9998;6555;64696;15324;18348;15331;9092;3961;62882;16150;1988;4.0
05;Hautes-Alpes;33330;24834;15592;8183;111120;29181;16340;12228;8212;5110;55806;13916;16990;12606;7380;3073;55314;15265;1988;5.0
06;Alpes-Maritimes;258403;225409;154728;98341;946852;209971;131336;117425;87630;63304;502321;102626;127067;107984;67098;35037;444531;107345;1988;6.0
07;Ardèche;76395;63397;40092;23260;276328;73184;37393;31483;21474;15168;140915;35397;39002;31914;18618;8092;135413;37787;1988;7.0
08;Ardennes;89312;64172;34009;18284;298494;92717;43891;31562;18608;12052;151319;45206;45421;32610;15401;6232;147175;47511;1988;8.0
09;Ariège;36086;30786;23167;14986;136254;31229;17555;15403;12094;9119;69278;15107;18531;15383;11073;5867;66976;16122;1988;9.0
10;Aube;86832;63245;35161;21141;289369;82990;42848;31344;19349;13612;147476;40323;43984;31901;15812;7529;141893;42667;1988;10.0
11;Aude;79024;67035;48846;29049;293526;69572;38228;34227;25946;17863;149545;33281;40796;32808;22900;11186;143981;36291;1988;11.0
12;Aveyron;71363;62993;44596;27712;272600;65936;34515;31589;23695;17106;138972;32067;36848;31404;20901;10606;133628;33869;1988;12.0
13;Bouches-du-Rhône;529444;413177;220708;111555;1750767;475883;268571;208076;120865;73137;903019;232370;260873;205101;99843;38418;847748;243513;1988;13.0
14;Calvados;192114;125899;69474;34224;611434;189723;96360;64592;38422;23507;316014;93133;95754;61307;31052;10717;295420;96590;1988;14.0
15;Cantal;44374;36109;24588;14136;160064;40857;21213;17830;13170;9013;81150;19924;23161;18279;11418;5123;78914;20933;1988;15.0
16;Charente;97983;76840;47969;29087;342096;90217;48626;38792;25669;18556;175531;43888;49357;38048;22300;10531;166565;46329;1988;16.0
17;Charente-Maritime;143785;117420;80302;44815;523761;137439;71696;59788;43051;28041;269321;66745;72089;57632;37251;16774;254440;70694;1988;17.0
18;Cher;91798;72766;44633;27474;321137;84466;45052;35846;24190;17675;164060;41297;46746;36920;20443;9799;157077;43169;1988;18.0
19;Corrèze;63892;54913;40477;24344;239070;55444;31262;27804;21883;15380;123148;26819;32630;27109;18594;8964;115922;28625;1988;19.0
21;Côte-d'Or;153553;104486;55559;31940;489028;143490;76883;52028;30358;20625;250940;71046;76670;52458;25201;11315;238088;72444;1988;21.0
22;Côtes-d'Armor;143793;120586;83949;42214;538626;148084;69709;60917;46651;28426;277819;72116;74084;59669;37298;13788;260807;75968;1988;22.0
23;Creuse;32858;30567;24714;17387;133680;28154;15625;15051;13097;11015;68410;13622;17233;15516;11617;6372;65270;14532;1988;23.0
24;Dordogne;100943;89028;66306;37565;384158;90316;49948;45174;35319;23573;197719;43705;50995;43854;30987;13992;186439;46611;1988;24.0
25;Doubs;153161;106001;49929;24639;484068;150338;75250;52496;27470;16130;244899;73553;77911;53505;22459;8509;239169;76785;1988;25.0
26;Drôme;118798;93614;52074;28299;409383;116598;58975;47022;28209;18260;209051;56585;59823;46592;23865;10039;200332;60013;1988;26.0
27;Eure;155984;105427;53327;27402;499720;157580;77162;51666;28720;17858;252025;76619;78822;53761;24607;9544;247695;80961;1988;27.0
28;Eure-et-Loir;117163;81163;44298;25269;387184;119291;58078;39755;23675;15695;195180;57977;59085;41408;20623;9574;192004;61314;1988;28.0
29;Finistère;240119;182437;119260;60707;835457;232934;116032;93036;67765;40657;430699;113209;124087;89401;51495;20050;404758;119725;1988;29.0
30;Gard;165155;131384;80194;42045;569667;150889;81846;66422;43153;27117;291937;73399;83309;64962;37041;14928;277730;77490;1988;30.0
31;Haute-Garonne;298599;200246;104251;56972;897127;237059;149492;102269;57024;36410;462113;116918;149107;97977;47227;20562;435014;120141;1988;31.0
32;Gers;46243;41629;28973;17993;174461;39623;22565;20781;14797;10893;88055;19019;23678;20848;14176;7100;86406;20604;1988;32.0
33;Gironde;372661;260193;149272;83094;1190415;325195;188440;132792;82466;55490;618806;159618;184221;127401;66806;27604;571609;165577;1988;33.0
34;Hérault;230619;170530;107879;58077;769016;201911;117627;87878;58438;37018;400323;99362;112992;82652;49441;21059;368693;102549;1988;34.0
35;Ille-et-Vilaine;245225;164321;91033;44148;784750;240023;122148;83773;50521;30127;404493;117924;123077;80548;40512;14021;380257;122099;1988;35.0
36;Indre;64681;54440;37253;24073;239136;58689;31442;27196;19939;15077;122243;28589;33239;27244;17314;8996;116893;30100;1988;36.0
37;Indre-et-Loire;157743;113110;64296;38242;523265;149874;79583;57163;34637;24433;270135;74319;78160;55947;29659;13809;253130;75555;1988;37.0
38;Isère;313333;222639;104417;52767;990457;297301;154972;110247;56832;35324;502170;144795;158361;112392;47585;17443;488287;152506;1988;38.0
39;Jura;70233;54879;33096;18818;247321;70295;34323;27307;17871;12008;125636;34127;35910;27572;15225;6810;121685;36168;1988;39.0
40;Landes;85658;71478;47079;26636;307498;76647;41998;36026;25101;17342;157394;36927;43660;35452;21978;9294;150104;39720;1988;40.0
41;Loir-et-Cher;85577;66321;42534;26884;303408;82092;42043;33036;22669;16889;154664;40027;43534;33285;19865;9995;148744;42065;1988;41.0
42;Loire;212216;169252;95119;51749;743439;215103;106101;85365;52364;35009;383445;104606;106115;83887;42755;16740;359994;110497;1988;42.0
43;Haute-Loire;57177;46774;30096;18033;206651;54571;27293;23217;16342;11746;105052;26454;29884;23557;13754;6287;101599;28117;1988;43.0
44;Loire-Atlantique;316374;222361;117876;58566;1037423;322246;157624;113828;65949;40062;535217;157754;158750;108533;51927;18504;502206;164492;1988;44.0
45;Loiret;174243;122438;66470;37837;568193;167205;86495;60612;35904;23670;288750;82069;87748;61826;30566;14167;279443;85136;1988;45.0
46;Lot;40703;35939;27096;15716;155382;35928;19991;18212;14291;9922;79771;17355;20712;17727;12805;5794;75611;18573;1988;46.0
47;Lot-et-Garonne;81867;70632;48038;26657;304074;76880;40837;36008;25393;16704;156397;37455;41030;34624;22645;9953;147677;39425;1988;47.0
48;Lozère;20360;16132;11365;7089;73400;18454;9598;7767;5892;4474;36703;8972;10762;8365;5473;2615;36697;9482;1988;48.0
49;Maine-et-Loire;208008;140800;78261;44099;698552;227384;103995;71936;42738;28554;358584;111361;104013;68864;35523;15545;339968;116023;1988;49.0
50;Manche;137767;102530;65304;31728;476416;139087;66425;52068;35653;21690;243497;67661;71342;50462;29651;10038;232919;71426;1988;50.0
51;Marne;179061;116528;57168;31661;555006;170588;89289;57588;31715;20847;282975;83536;89772;58940;25453;10814;272031;87052;1988;51.0
52;Haute-Marne;60554;44358;25713;14449;206185;61111;29550;21655;14000;9280;104085;29600;31004;22703;11713;5169;102100;31511;1988;52.0
53;Mayenne;79510;58049;35103;19049;276462;84751;38859;29499;18964;12666;141190;41202;40651;28550;16139;6383;135272;43549;1988;53.0
54;Meurthe-et-Moselle;228041;156197;79056;39876;713921;210751;113255;78264;44278;26955;366012;103260;114786;77933;34778;12921;347909;107491;1988;54.0
55;Meuse;58278;41758;25332;14013;197697;58316;28135;20763;13872;9225;100059;28064;30143;20995;11460;4788;97638;30252;1988;55.0
56;Morbihan;176326;133181;83557;39404;612220;179752;85615;67483;46476;26608;313175;86993;90711;65698;37081;12796;299045;92759;1988;56.0
57;Moselle;328749;226967;108640;45631;1011679;301692;162026;111479;60278;30644;510768;146341;166723;115488;48362;14987;500911;155351;1988;57.0
58;Nièvre;63447;52424;37232;23815;235142;58224;30982;26201;20300;15199;120903;28221;32465;26223;16932;8616;114239;30003;1988;58.0
59;Nord;783763;514188;263262;130799;2517599;825587;391383;259789;149029;90023;1293771;403547;392380;254399;114233;40776;1223828;422040;1988;59.0
60;Oise;227524;150591;65750;34532;707270;228873;112393;72345;35582;22750;354587;111517;115131;78246;30168;11782;352683;117356;1988;60.0
61;Orne;83728;63963;39597;20894;294292;86110;40952;32370;21373;13850;150397;41852;42776;31593;18224;7044;143895;44258;1988;61.0
62;Pas-de-Calais;427542;293212;167752;76548;1428136;463082;211448;150089;95208;52585;735579;226249;216094;143123;72544;23963;692557;236833;1988;62.0
63;Puy-de-Dôme;183000;137465;75448;39863;597976;162200;90746;68436;41314;26484;306702;79722;92254;69029;34134;13379;291274;82478;1988;63.0
64;Pyrénées-Atlantiques;164104;131623;81599;47963;572463;147174;81785;67366;44793;31374;297170;71852;82319;64257;36806;16589;275293;75322;1988;64.0
65;Hautes-Pyrénées;63441;54021;34923;19541;225767;53841;31193;27558;18831;12641;116158;25935;32248;26463;16092;6900;109609;27906;1988;65.0
66;Pyrénées-Orientales;93254;82056;61862;32591;355729;85966;47190;42879;33387;20169;185509;41884;46064;39177;28475;12422;170220;44082;1988;66.0
67;Bas-Rhin;315370;205942;100212;53422;942115;267169;155898;101263;59031;36394;484289;131703;159472;104679;41181;17028;457826;135466;1988;67.0
68;Haut-Rhin;215860;150383;71169;37737;665491;190342;105778;73638;40954;26285;339316;92661;110082;76745;30215;11452;326175;97681;1988;68.0
69;Rhône;472064;340356;157335;83797;1481288;427736;238255;170424;87997;57452;764759;210631;233809;169932;69338;26345;716529;217105;1988;69.0
70;Haute-Saône;65545;50100;29431;17023;230586;68487;31780;24455;16087;11039;116386;33025;33765;25645;13344;5984;114200;35462;1988;70.0
71;Saône-et-Loire;157162;127995;78940;45700;563155;153358;77078;63994;42780;29617;287906;74437;80084;64001;36160;16083;275249;78921;1988;71.0
72;Sarthe;150594;109119;64374;36418;511881;151376;74353;54992;34793;23526;261438;73774;76241;54127;29581;12892;250443;77602;1988;72.0
73;Savoie;105670;77103;39979;20821;338750;95177;51654;38142;21852;13650;171740;46442;54016;38961;18127;7171;167010;48735;1988;73.0
74;Haute-Savoie;179682;122457;54514;26270;541529;158606;88883;59922;29840;17279;272927;77003;90799;62535;24674;8991;268602;81603;1988;74.0
75;Paris;783631;502773;264009;174534;2158732;433785;402017;259942;158652;119715;1155894;215568;381614;242831;105357;54819;1002838;218217;1988;75.0
76;Seine-Maritime;382117;258475;134143;69602;1217947;373610;191324;130459;74584;46866;626185;182952;190793;128016;59559;22736;591762;190658;1988;76.0
77;Seine-et-Marne;332712;224555;83306;47927;1022662;334162;168106;108386;45369;31522;515790;162407;164606;116169;37937;16405;506872;171755;1988;77.0
78;Yvelines;410594;310644;101945;51588;1276377;401606;207522;151963;55418;35057;645440;195480;203072;158681;46527;16531;630937;206126;1988;78.0
79;Deux-Sèvres;98270;75320;46559;27781;345512;97582;48326;37612;24521;16797;174652;47396;49944;37708;22038;10984;170860;50186;1988;79.0
80;Somme;167176;112742;64359;34550;547369;168542;83175;56802;34991;22382;280088;82738;84001;55940;29368;12168;267281;85804;1988;80.0
81;Tarn;92814;79797;52019;31612;341961;85719;45842;40794;27607;19901;175502;41358;46972;39003;24412;11711;166459;44361;1988;81.0
82;Tarn-et-Garonne;55594;44666;29751;17281;197476;50184;27271;22562;15789;10716;100585;24247;28323;22104;13962;6565;96891;25937;1988;82.0
83;Var;218537;185656;123540;60984;785799;197082;108925;94176;66999;38938;404437;95399;109612;91480;56541;22046;381362;101683;1988;83.0
84;Vaucluse;133722;106363;59203;30703;455792;125801;66782;53322;32247;19744;233219;61124;66940;53041;26956;10959;222573;64677;1988;84.0
85;Vendée;144213;105635;68144;35819;502652;148841;70259;53058;36483;23052;255007;72155;73954;52577;31661;12767;247645;76686;1988;85.0
86;Vienne;112442;80317;49742;30555;378172;105116;56153;40156;26345;18971;193172;51547;56289;40161;23397;11584;185000;53569;1988;86.0
87;Haute-Vienne;100320;81534;53179;34455;354467;84979;50198;41025;28945;22073;183850;41609;50122;40509;24234;12382;170617;43370;1988;87.0
88;Vosges;113969;85215;47848;27679;389366;114655;55599;42518;26894;18680;199450;55759;58370;42697;20954;8999;189916;58896;1988;88.0
89;Yonne;89425;67382;45315;28973;319780;88685;43606;32898;24448;18221;162079;42906;45819;34484;20867;10752;157701;45779;1988;89.0
90;Territoire de Belfort;42289;29836;14433;7528;133709;39623;20390;14595;8068;5085;67095;18957;21899;15241;6365;2443;66614;20666;1988;90.0
91;Essonne;352134;255697;80500;43598;1057092;325163;175524;125383;43788;29583;532906;158628;176610;130314;36712;14015;524186;166535;1988;91.0
92;Hauts-de-Seine;477024;333410;151867;81736;1389382;345345;242206;167178;86442;56590;722582;170166;234818;166232;65425;25146;666800;175179;1988;92.0
93;Seine-Saint-Denis;474312;310019;117544;56334;1365372;407163;239101;149397;65778;38770;692177;199131;235211;160622;51766;17564;673195;208032;1988;93.0
94;Val-de-Marne;413031;286307;118865;64580;1208297;325514;207426;143067;67164;44876;622587;160054;205605;143240;51701;19704;585710;165460;1988;94.0
95;Val-d'Oise;340820;228056;78574;39679;1012643;325514;173219;111250;43231;27252;513932;158980;167601;116806;35343;12427;498711;166534;1988;95.0
2A;Corse-du-Sud;33954;27138;16930;8177;114302;28103;16128;13065;9193;5365;57433;13682;17826;14073;7737;2812;56869;14421;1987;
2B;Haute-Corse;40034;31302;18937;9748;131611;31590;18253;14648;10269;6249;64916;15497;21781;16654;8668;3499;66695;16093;1987;
01;Ain;139430;98240;48805;27199;449311;135637;68038;47327;26093;17648;225080;65974;71392;50913;22712;9551;224231;69663;1987;1.0
02;Aisne;164173;111013;62914;32578;536586;165908;80201;55486;34396;21316;272059;80660;83972;55527;28518;11262;264527;85248;1987;2.0
03;Allier;98557;84410;56601;33999;364171;90604;48513;42835;30791;21797;188160;44224;50044;41575;25810;12202;176011;46380;1987;3.0
04;Alpes-de-Haute-Provence;35999;30305;18808;10330;127026;31584;17628;15023;9889;6463;64379;15376;18371;15282;8919;3867;62647;16208;1987;4.0
05;Hautes-Alpes;33284;24484;15476;7971;110390;29175;16298;12064;8133;4984;55383;13904;16986;12420;7343;2987;55007;15271;1987;5.0
06;Alpes-Maritimes;256455;221870;153170;95873;935609;208241;130271;115299;87058;61842;496262;101792;126184;106571;66112;34031;439347;106449;1987;6.0
07;Ardèche;76705;62737;39874;22702;275730;73712;37543;31157;21454;14870;140638;35614;39162;31580;18420;7832;135092;38098;1987;7.0
08;Ardennes;90445;63870;33677;17946;299693;93755;44375;31453;18508;11802;151729;45591;46070;32417;15169;6144;147964;48164;1987;8.0
09;Ariège;36290;30741;23188;14805;136461;31437;17641;15432;12123;8991;69393;15206;18649;15309;11065;5814;67068;16231;1987;9.0
10;Aube;88139;62561;35121;20931;290782;84030;43534;31083;19338;13479;148155;40721;44605;31478;15783;7452;142627;43309;1987;10.0
11;Aude;77851;65995;48082;28279;289086;68879;37673;33833;25541;17396;147421;32978;40178;32162;22541;10883;141665;35901;1987;11.0
12;Aveyron;71916;63016;44778;26917;273676;67049;34796;31651;23837;16678;139583;32621;37120;31365;20941;10239;134093;34428;1987;12.0
13;Bouches-du-Rhône;529914;407047;218721;108703;1742242;477857;268630;204762;120113;71383;898194;233306;261284;202285;98608;37320;844048;244551;1987;13.0
14;Calvados;192642;123153;68146;33152;607836;190743;96332;63294;37877;22788;314068;93777;96310;59859;30269;10364;293768;96966;1987;14.0
15;Cantal;44595;35926;24541;13764;160388;41562;21258;17825;13154;8782;81284;20265;23337;18101;11387;4982;79104;21297;1987;15.0
16;Charente;98310;75923;47661;28330;341088;90864;48748;38313;25606;18086;175014;44261;49562;37610;22055;10244;166074;46603;1987;16.0
17;Charente-Maritime;144740;115614;78953;43431;521210;138472;72187;58934;42315;27276;267862;67150;72553;56680;36638;16155;253348;71322;1987;17.0
18;Cher;92452;71722;44447;26959;320962;85382;45369;35349;24190;17299;163936;41729;47083;36373;20257;9660;157026;43653;1987;18.0
19;Corrèze;64509;54920;40521;23812;239962;56200;31572;27903;21890;15063;123552;27124;32937;27017;18631;8749;116410;29076;1987;19.0
21;Côte-d'Or;153810;102117;54918;31051;486814;144918;76812;50898;30052;20110;249722;71850;76998;51219;24866;10941;237092;73068;1987;21.0
22;Côtes-d'Armor;145387;119482;83096;40973;538447;149509;70515;60422;46293;27737;277628;72661;74872;59060;36803;13236;260819;76848;1987;22.0
23;Creuse;33320;30839;24820;17300;134970;28691;15878;15202;13160;10952;69075;13883;17442;15637;11660;6348;65895;14808;1987;23.0
24;Dordogne;101420;88631;65839;36724;383648;91034;50072;45058;35071;23143;197377;44033;51348;43573;30768;13581;186271;47001;1987;24.0
25;Doubs;154242;103333;48970;23681;482361;152135;75476;51222;27012;15552;243741;74479;78766;52111;21958;8129;238620;77656;1987;25.0
26;Drôme;118931;92130;51512;27617;407067;116877;59090;46240;28050;17824;207857;56653;59841;45890;23462;9793;199210;60224;1987;26.0
27;Eure;154689;101957;52058;26615;491095;155776;76466;50021;28138;17321;247662;75716;78223;51936;23920;9294;243433;80060;1987;27.0
28;Eure-et-Loir;117082;78986;43573;24525;382737;118571;57817;38689;23411;15213;192748;57618;59265;40297;20162;9312;189989;60953;1987;28.0
29;Finistère;240783;180825;118651;58866;834191;235066;116455;92398;67569;39458;430140;114260;124328;88427;51082;19408;404051;120806;1987;29.0
30;Gard;163842;129155;79181;40991;563279;150110;81156;65317;42737;26502;288671;72959;82686;63838;36444;14489;274608;77151;1987;30.0
31;Haute-Garonne;294612;194602;102439;55184;884781;237944;147665;99457;55922;35422;455997;117531;146947;95145;46517;19762;428784;120413;1987;31.0
32;Gers;46581;41589;28826;17580;174611;40035;22764;20751;14706;10664;88061;19176;23817;20838;14120;6916;86550;20859;1987;32.0
33;Gironde;371079;253655;147667;81074;1180145;326670;187473;129730;81672;54297;613606;160434;183606;123925;65995;26777;566539;166236;1987;33.0
34;Hérault;228961;166645;107083;56728;762103;202686;116645;85985;58045;36298;396676;99703;112316;80660;49038;20430;365427;102983;1987;34.0
35;Ille-et-Vilaine;243934;160429;89853;42375;778546;241955;121518;81803;50115;29050;401526;119040;122416;78626;39738;13325;377020;122915;1987;35.0
36;Indre;65177;54087;37155;23648;239789;59722;31654;27081;19890;14831;122492;29036;33523;27006;17265;8817;117297;30686;1987;36.0
37;Indre-et-Loire;158203;111091;64011;37181;522338;151852;79683;56234;34511;23833;269635;75374;78520;54857;29500;13348;252703;76478;1987;37.0
38;Isère;311939;217430;102512;51220;980703;297602;154051;107868;55936;34331;497258;145072;157888;109562;46576;16889;483445;152530;1987;38.0
39;Jura;70862;54364;32972;18404;247706;71104;34625;27020;17916;11736;125875;34578;36237;27344;15056;6668;121831;36526;1987;39.0
40;Landes;85957;70873;46436;26137;306692;77289;42292;35695;24879;17025;157071;37180;43665;35178;21557;9112;149621;40109;1987;40.0
41;Loir-et-Cher;85907;65169;42121;26203;302015;82615;42190;32461;22545;16460;153913;40257;43717;32708;19576;9743;148102;42358;1987;41.0
42;Loire;213847;166952;93902;50447;742472;217324;106737;84310;51775;34246;382900;105832;107110;82642;42127;16201;359572;111492;1987;42.0
43;Haute-Loire;57524;46327;29910;17860;206686;55065;27447;23066;16262;11657;105086;26654;30077;23261;13648;6203;101600;28411;1987;43.0
44;Loire-Atlantique;318178;217699;115914;56767;1032981;324423;158431;111722;65040;38975;532873;158705;159747;105977;50874;17792;500108;165718;1987;44.0
45;Loiret;174255;118873;65459;36706;561791;166498;86337;58957;35383;22992;285399;81730;87918;59916;30076;13714;276392;84768;1987;45.0
46;Lot;40798;35713;26810;15244;154777;36212;19990;18079;14233;9626;79438;17510;20808;17634;12577;5618;75339;18702;1987;46.0
47;Lot-et-Garonne;81956;69957;47429;26017;302448;77089;40897;35604;25154;16335;155511;37521;41059;34353;22275;9682;146937;39568;1987;47.0
48;Lozère;20550;15888;11387;6904;73381;18652;9716;7635;5935;4356;36720;9078;10834;8253;5452;2548;36661;9574;1987;48.0
49;Maine-et-Loire;208456;138497;77532;42999;697236;229752;104196;70851;42484;27932;357881;112418;104260;67646;35048;15067;339355;117334;1987;49.0
50;Manche;137909;101555;64439;30750;474010;139357;66563;51698;35353;21090;242442;67738;71346;49857;29086;9660;231568;71619;1987;50.0
51;Marne;179365;113320;56463;30726;551681;171807;89244;56080;31379;20257;281162;84202;90121;57240;25084;10469;270519;87605;1987;51.0
52;Haute-Marne;61112;43931;25555;14090;206751;62063;29834;21500;13919;9052;104296;29991;31278;22431;11636;5038;102455;32072;1987;52.0
53;Mayenne;79898;57234;34703;18360;275463;85268;39120;29068;18866;12306;140784;41424;40778;28166;15837;6054;134679;43844;1987;53.0
54;Meurthe-et-Moselle;230840;154531;78055;38813;716406;214167;114397;77434;43886;26271;366931;104943;116443;77097;34169;12542;349475;109224;1987;54.0
55;Meuse;59125;41575;25156;13757;198736;59123;28487;20683;13855;9068;100512;28419;30638;20892;11301;4689;98224;30704;1987;55.0
56;Morbihan;176402;131369;82302;37933;608445;180439;85810;66558;45968;25715;311301;87250;90592;64811;36334;12218;297144;93189;1987;56.0
57;Moselle;331846;226840;106745;44316;1015900;306153;163055;111616;59383;29808;512327;148465;168791;115224;47362;14508;503573;157688;1987;57.0
58;Nièvre;64409;52119;36970;23568;235903;58837;31486;26049;20164;15064;121215;28452;32923;26070;16806;8504;114688;30385;1987;58.0
59;Nord;790123;507768;261048;128457;2519805;832409;393814;257062;148163;88379;1294238;406820;396309;250706;112885;40078;1225567;425589;1987;59.0
60;Oise;227214;145727;64642;33900;699556;228073;111829;70257;35066;22285;350404;110967;115385;75470;29576;11615;349152;117106;1987;60.0
61;Orne;84741;63671;39062;20365;295183;87344;41494;32302;21111;13539;150883;42437;43247;31369;17951;6826;144300;44907;1987;61.0
62;Pas-de-Calais;430770;291294;166115;74798;1428420;465443;213080;149328;94586;51320;735560;227246;217690;141966;71529;23478;692860;238197;1987;62.0
63;Puy-de-Dôme;183661;134971;74354;38789;595956;164181;90787;67359;40777;25763;305438;80752;92874;67612;33577;13026;290518;83429;1987;63.0
64;Pyrénées-Atlantiques;163636;129733;80686;46540;568659;148064;81566;66471;44327;30474;295212;72374;82070;63262;36359;16066;273447;75690;1987;64.0
65;Hautes-Pyrénées;63971;54290;34792;19142;227033;54838;31485;27730;18755;12407;116756;26379;32486;26560;16037;6735;110277;28459;1987;65.0
66;Pyrénées-Orientales;92146;80567;60865;31424;350322;85320;46719;42147;32771;19514;182648;41497;45427;38420;28094;11910;167674;43823;1987;66.0
67;Bas-Rhin;314293;203344;98574;52396;938529;269922;155032;100120;58538;35646;482528;133192;159261;103224;40036;16750;456001;136730;1987;67.0
68;Haut-Rhin;215747;148260;69490;37020;661566;191049;105333;72753;40368;25787;337133;92892;110414;75507;29122;11233;324433;98157;1987;68.0
69;Rhône;472040;332581;154810;81201;1470757;430125;237771;166651;86744;55812;758656;211678;234269;165930;68066;25389;712101;218447;1987;69.0
70;Haute-Saône;66364;49633;29315;16819;231388;69257;32213;24232;16085;10942;116786;33314;34151;25401;13230;5877;114602;35943;1987;70.0
71;Saône-et-Loire;158577;126812;78197;44803;563586;155197;77610;63496;42485;29017;287865;75257;80967;63316;35712;15786;275721;79940;1987;71.0
72;Sarthe;152012;107731;64075;35503;512862;153541;75047;54380;34765;23026;261887;74669;76965;53351;29310;12477;250975;78872;1987;72.0
73;Savoie;104540;75021;39020;20043;333396;94772;51023;37118;21395;13165;169006;46305;53517;37903;17625;6878;164390;48467;1987;73.0
74;Haute-Savoie;178600;118329;53337;25264;533309;157779;88289;57968;29266;16665;268735;76547;90311;60361;24071;8599;264574;81232;1987;74.0
75;Paris;788324;494493;270426;173118;2164159;437798;402876;256074;163234;118939;1159031;217908;385448;238419;107192;54179;1005128;219890;1987;75.0
76;Seine-Maritime;384093;253813;132889;67737;1214632;376100;191979;128380;73923;45743;624091;184066;192114;125433;58966;21994;590541;192034;1987;76.0
77;Seine-et-Marne;326998;212927;81206;46496;993406;325779;164926;102876;44407;30519;501079;158351;162072;110051;36799;15977;492327;167428;1987;77.0
78;Yvelines;411007;300995;99163;50095;1261251;399991;207509;146861;54248;34132;637292;194542;203498;154134;44915;15963;623959;205449;1987;78.0
79;Deux-Sèvres;98388;74317;46183;26863;344196;98445;48377;37165;24381;16251;173972;47798;50011;37152;21802;10612;170224;50647;1987;79.0
80;Somme;167564;111245;63733;33978;547058;170538;83361;56145;34674;22040;279891;83671;84203;55100;29059;11938;267167;86867;1987;80.0
81;Tarn;93256;79451;51633;30874;341867;86653;46208;40581;27482;19457;175517;41789;47048;38870;24151;11417;166350;44864;1987;81.0
82;Tarn-et-Garonne;55378;44118;29486;16818;196128;50328;27131;22394;15613;10465;99915;24312;28247;21724;13873;6353;96213;26016;1987;82.0
83;Var;216489;180865;120757;58659;771200;194430;107512;91594;65798;37518;396622;94200;108977;89271;54959;21141;374578;100230;1987;83.0
84;Vaucluse;133419;104229;58438;29856;451367;125425;66509;52266;31909;19225;230847;60938;66910;51963;26529;10631;220520;64487;1987;84.0
85;Vendée;144998;104107;67144;34793;501189;150147;70684;52447;36035;22462;254299;72671;74314;51660;31109;12331;246890;77476;1987;85.0
86;Vienne;112367;79010;49266;29660;376706;106403;56115;39572;26190;18415;192477;52185;56252;39438;23076;11245;184229;54218;1987;86.0
87;Haute-Vienne;101394;80884;53448;33968;355932;86238;50703;40772;29133;21766;184630;42256;50691;40112;24315;12202;171302;43982;1987;87.0
88;Vosges;115105;84154;47481;27054;389432;115638;56096;42127;26767;18302;199444;56152;59009;42027;20714;8752;189988;59486;1987;88.0
89;Yonne;90068;66251;45005;28549;318711;88838;43852;32369;24386;17914;161381;42860;46216;33882;20619;10635;157330;45978;1987;89.0
90;Territoire de Belfort;42448;29135;14158;7297;132799;39761;20425;14291;7908;4950;66545;18971;22023;14844;6250;2347;66254;20790;1987;90.0
91;Essonne;349684;245429;77645;42103;1038400;323539;174432;120218;42271;28634;523256;157701;175252;125211;35374;13469;515144;165838;1987;91.0
92;Hauts-de-Seine;480552;329011;151867;79649;1388479;347400;243113;165086;86502;55250;721313;171362;237439;163925;65365;24399;667166;176038;1987;92.0
93;Seine-Saint-Denis;477190;304740;116473;55287;1360152;406462;239868;147172;65321;38120;689084;198603;237322;157568;51152;17167;671068;207859;1987;93.0
94;Val-de-Marne;415661;280384;117607;63122;1203734;326960;208344;140345;66322;43992;619789;160786;207317;140039;51285;19130;583945;166174;1987;94.0
95;Val-d'Oise;338152;220071;76419;38513;993428;320273;171404;107563;42029;26501;503800;156303;166748;112508;34390;12012;489628;163970;1987;95.0
2A;Corse-du-Sud;33683;26889;16865;8018;113353;27898;15839;12943;9246;5216;56762;13518;17844;13946;7619;2802;56591;14380;1986;
2B;Haute-Corse;40436;31337;18919;9549;132018;31777;18137;14619;10270;6158;64679;15495;22299;16718;8649;3391;67339;16282;1986;
01;Ain;138031;95628;48052;26593;442444;134140;67149;46141;25709;17316;221547;65232;70882;49487;22343;9277;220897;68908;1986;1.0
02;Aisne;164836;110067;61783;32436;536341;167219;80546;55028;33817;21221;271645;81033;84290;55039;27966;11215;264696;86186;1986;2.0
03;Allier;99264;84473;56097;33756;365782;92192;48774;42921;30521;21676;188870;44978;50490;41552;25576;12080;176912;47214;1986;3.0
04;Alpes-de-Haute-Provence;35414;29876;18361;10089;125268;31528;17391;14747;9667;6306;63413;15302;18023;15129;8694;3783;61855;16226;1986;4.0
05;Hautes-Alpes;32960;24191;15254;7762;109332;29165;16112;11974;8008;4858;54813;13861;16848;12217;7246;2904;54519;15304;1986;5.0
06;Alpes-Maritimes;253139;218082;151052;93403;922321;206645;128583;113134;86248;60165;489159;101029;124556;104948;64804;33238;433162;105616;1986;6.0
07;Ardèche;76519;62060;39344;22434;274306;73949;37476;30807;21230;14749;139932;35670;39043;31253;18114;7685;134374;38279;1986;7.0
08;Ardennes;91376;63586;33197;17871;300957;94927;44689;31337;18263;11759;152219;46171;46687;32249;14934;6112;148738;48756;1986;8.0
09;Ariège;36260;30943;23019;14800;136676;31654;17664;15557;12027;8982;69504;15274;18596;15386;10992;5818;67172;16380;1986;9.0
10;Aube;88871;61742;34836;20775;291046;84822;43855;30778;19152;13385;148261;41091;45016;30964;15684;7390;142785;43731;1986;10.0
11;Aude;77257;65661;47529;28105;287597;69045;37458;33705;25275;17288;146759;33033;39799;31956;22254;10817;140838;36012;1986;11.0
12;Aveyron;72530;63533;44756;26716;276212;68677;35058;31950;23913;16550;140886;33415;37472;31583;20843;10166;135326;35262;1986;12.0
13;Bouches-du-Rhône;529431;402833;216335;106894;1737244;481751;268096;202612;118971;70251;895230;235300;261335;200221;97364;36643;842014;246451;1986;13.0
14;Calvados;192769;121154;66672;32490;605672;192587;96227;62234;37230;22343;312766;94732;96542;58920;29442;10147;292906;97855;1986;14.0
15;Cantal;44634;35951;24230;13584;160639;42240;21287;17826;13047;8652;81365;20553;23347;18125;11183;4932;79274;21687;1986;15.0
16;Charente;98498;75596;47185;27971;340987;91737;48789;38169;25386;17900;174960;44716;49709;37427;21799;10071;166027;47021;1986;16.0
17;Charente-Maritime;145044;114575;77492;42583;519544;139850;72272;58499;41575;26784;266902;67772;72772;56076;35917;15799;252642;72078;1986;17.0
18;Cher;92906;70887;44337;26629;321225;86466;45626;34972;24178;17068;164046;42202;47280;35915;20159;9561;157179;44264;1986;18.0
19;Corrèze;64746;54978;40294;23558;240558;56982;31687;27862;21848;14918;123779;27464;33059;27116;18446;8640;116779;29518;1986;19.0
21;Côte-d'Or;153179;100240;53960;30453;483850;146018;76260;49996;29512;19765;248031;72498;76919;50244;24448;10688;235819;73520;1986;21.0
22;Côtes-d'Armor;146406;119064;81990;40155;538647;151032;71026;60318;45722;27288;277702;73348;75380;58746;36268;12867;260945;77684;1986;22.0
23;Creuse;33413;31124;24593;17283;135503;29090;15909;15402;13067;10921;69321;14022;17504;15722;11526;6362;66182;15068;1986;23.0
24;Dordogne;101779;88546;65102;36350;383668;91891;50251;45049;34679;22935;197306;44392;51528;43497;30423;13415;186362;47499;1986;24.0
25;Doubs;155046;101661;47875;23132;482063;154349;75510;50465;26459;15214;243317;75669;79536;51196;21416;7918;238746;78680;1986;25.0
26;Drôme;118532;90679;50662;27173;403839;116793;58849;45546;27632;17563;206112;56522;59683;45133;23030;9610;197727;60271;1986;26.0
27;Eure;154398;99914;51045;26432;487171;155382;76183;49180;27646;17199;245697;75489;78215;50734;23399;9233;241474;79893;1986;27.0
28;Eure-et-Loir;117018;77494;42836;24087;379599;118164;57661;38020;22986;14969;190939;57303;59357;39474;19850;9118;188660;60861;1986;28.0
29;Finistère;240759;179925;117636;57568;833230;237342;116457;92177;67134;38592;429711;115351;124302;87748;50502;18976;403519;121991;1986;29.0
30;Gard;161648;126917;77539;40205;555259;148950;80016;64366;41821;26024;284543;72316;81632;62551;35718;14181;270716;76634;1986;30.0
31;Haute-Garonne;289216;189629;100450;53800;872277;239182;144869;97041;54884;34541;449765;118430;144347;92588;45566;19259;422512;120752;1986;31.0
32;Gers;46691;41728;28484;17393;174814;40518;22853;20759;14552;10578;88123;19381;23838;20969;13932;6815;86691;21137;1986;32.0
33;Gironde;368270;248824;145500;80003;1170733;328136;185992;127457;80578;53700;608924;161197;182278;121367;64922;26303;561809;166939;1986;33.0
34;Hérault;225909;163026;105215;55741;752727;202836;114814;84207;57127;35740;391811;99923;111095;78819;48088;20001;360916;102913;1986;34.0
35;Ille-et-Vilaine;241584;157485;88233;41371;772420;243747;120273;80268;49419;28460;398546;120126;121311;77217;38814;12911;373874;123621;1986;35.0
36;Indre;65686;54064;37091;23373;240989;60775;31821;27081;19891;14695;123029;29541;33865;26983;17200;8678;117960;31234;1986;36.0
37;Indre-et-Loire;157660;109064;63060;36425;519485;153276;79279;55262;34032;23345;268128;76210;78381;53802;29028;13080;251357;77066;1986;37.0
38;Isère;310376;213216;100426;50245;972424;298161;153272;105925;54766;33801;492862;145098;157104;107291;45660;16444;479562;153063;1986;38.0
39;Jura;70679;53723;32344;18132;246362;71484;34543;26776;17556;11582;125153;34696;36136;26947;14788;6550;121209;36788;1986;39.0
40;Landes;85753;70634;45606;25760;305739;77986;42210;35634;24504;16797;156680;37535;43543;35000;21102;8963;149059;40451;1986;40.0
41;Loir-et-Cher;86197;64408;41546;25807;301398;83440;42394;32002;22401;16200;153522;40525;43803;32406;19145;9607;147876;42915;1986;41.0
42;Loire;215308;165426;92576;49694;742368;219364;107323;83647;51151;33820;382811;106870;107985;81779;41425;15874;359557;112494;1986;42.0
43;Haute-Loire;57723;46249;29624;17834;206953;55523;27541;23112;16131;11632;105268;26852;30182;23137;13493;6202;101685;28671;1986;43.0
44;Loire-Atlantique;316556;213114;113315;55400;1023924;325539;157755;109414;63653;38210;528238;159206;158801;103700;49662;17190;495686;166333;1986;44.0
45;Loiret;174003;116376;64260;36052;557143;166452;86114;57809;34783;22565;282976;81705;87889;58567;29477;13487;274167;84747;1986;45.0
46;Lot;41137;35850;26544;15156;155421;36734;20104;18134;14159;9569;79749;17783;21033;17716;12385;5587;75672;18951;1986;46.0
47;Lot-et-Garonne;82343;69782;46884;25674;302261;77578;41071;35534;24879;16140;155417;37793;41272;34248;22005;9534;146844;39785;1986;47.0
48;Lozère;20692;15847;11331;6875;73678;18933;9763;7647;5915;4346;36883;9212;10929;8200;5416;2529;36795;9721;1986;48.0
49;Maine-et-Loire;207669;136178;76331;42084;693512;231250;103809;69736;41864;27426;356093;113258;103860;66442;34467;14658;337419;117992;1986;49.0
50;Manche;137611;101602;63715;30192;473621;140501;66513;51850;35061;20777;242495;68294;71098;49752;28654;9415;231126;72207;1986;50.0
51;Marne;180135;111088;55650;30355;550959;173731;89523;54990;31026;19982;280735;85214;90612;56098;24624;10373;270224;88517;1986;51.0
52;Haute-Marne;61754;43804;25427;13921;208148;63242;30116;21452;13838;8968;104945;30571;31638;22352;11589;4953;103203;32671;1986;52.0
53;Mayenne;80153;56847;34342;18044;275448;86062;39287;28898;18776;12137;140860;41762;40866;27949;15566;5907;134588;44300;1986;53.0
54;Meurthe-et-Moselle;232922;153238;76796;38245;718980;217779;115152;76752;43316;25907;367905;106778;117770;76486;33480;12338;351075;111001;1986;54.0
55;Meuse;59896;41677;24910;13720;200228;60025;28884;20756;13748;9055;101228;28785;31012;20921;11162;4665;99000;31240;1986;55.0
56;Morbihan;175836;129892;81044;36845;604596;180979;85616;65904;45432;25009;309381;87420;90220;63988;35612;11836;295215;93559;1986;56.0
57;Moselle;332141;226470;103880;43424;1015328;309413;162768;111327;57996;29214;511427;150122;169373;115143;45884;14210;503901;159291;1986;57.0
58;Nièvre;64804;52094;36644;23456;236618;59620;31657;26074;19969;15026;121505;28779;33147;26020;16675;8430;115113;30841;1986;58.0
59;Nord;793286;501023;257281;127074;2515827;837163;394783;253787;146519;87236;1291406;409081;398503;247236;110762;39838;1224421;428082;1986;59.0
60;Oise;226631;141511;63248;33652;692794;227752;111192;68275;34381;22094;346799;110857;115439;73236;28867;11558;345995;116895;1986;60.0
61;Orne;85509;63708;38496;20056;296569;88800;41892;32327;20903;13364;151574;43088;43617;31381;17593;6692;144995;45712;1986;61.0
62;Pas-de-Calais;432547;288800;163514;73759;1425311;466691;213764;148419;93341;50464;733828;227840;218783;140381;70173;23295;691483;238851;1986;62.0
63;Puy-de-Dôme;184964;133469;73129;38439;596707;166706;91285;66744;40107;25579;305595;81880;93679;66725;33022;12860;291112;84826;1986;63.0
64;Pyrénées-Atlantiques;162458;128831;79507;45474;565568;149298;81168;65985;43738;29797;293606;72918;81290;62846;35769;15677;271962;76380;1986;64.0
65;Hautes-Pyrénées;64322;54601;34733;18927;228664;56081;31719;27861;18773;12259;117546;26934;32603;26740;15960;6668;111118;29147;1986;65.0
66;Pyrénées-Orientales;90795;80031;59728;30682;346069;84833;46027;41860;32233;19035;180420;41265;44768;38171;27495;11647;165649;43568;1986;66.0
67;Bas-Rhin;310940;200954;97148;51590;933806;273174;152856;99284;57992;34967;479944;134845;158084;101670;39156;16623;453862;138329;1986;67.0
68;Haut-Rhin;215094;146963;67885;36779;659116;192395;104689;72344;39640;25543;335783;93567;110405;74619;28245;11236;323333;98828;1986;68.0
69;Rhône;470585;327416;151533;79628;1463035;433873;236526;164054;85104;54867;754163;213612;234059;163362;66429;24761;708872;220261;1986;69.0
70;Haute-Saône;67003;49208;29179;16749;232141;70002;32396;24124;16070;10911;117193;33692;34607;25084;13109;5838;114948;36310;1986;70.0
71;Saône-et-Loire;159700;126404;77255;44373;565113;157381;78043;63368;42021;28775;288484;76277;81657;63036;35234;15598;276629;81104;1986;71.0
72;Sarthe;151780;106364;62999;34850;510982;154989;74788;53807;34249;22689;260899;75366;76992;52557;28750;12161;250083;79623;1986;72.0
73;Savoie;103881;73914;38160;19562;330628;95111;50630;36615;20957;12835;167582;46545;53251;37299;17203;6727;163046;48566;1986;73.0
74;Haute-Savoie;177553;115101;52317;24649;527289;157669;87689;56390;28850;16260;265676;76487;89864;58711;23467;8389;261613;81182;1986;74.0
75;Paris;787275;487896;275632;172513;2165394;442078;400772;253405;166601;118931;1159974;220265;386503;234491;109031;53582;1005420;221813;1986;75.0
76;Seine-Maritime;385106;249382;130889;66592;1209885;377916;192241;126169;72987;45017;621282;184868;192865;123213;57902;21575;588603;193048;1986;76.0
77;Seine-et-Marne;321284;202939;79427;45591;968199;318958;161763;98033;43614;29854;488480;155216;159521;104906;35813;15737;479719;163742;1986;77.0
78;Yvelines;410659;291504;96271;48921;1245377;398022;207018;142068;52900;33344;628917;193587;203641;149436;43371;15577;616460;204435;1986;78.0
79;Deux-Sèvres;98490;73836;45647;26373;343997;99651;48484;36897;24166;15974;173863;48342;50006;36939;21481;10399;170134;51309;1986;79.0
80;Somme;168331;109990;63038;33907;548156;172890;83689;55584;34347;21990;280495;84885;84642;54406;28691;11917;267661;88005;1986;80.0
81;Tarn;93192;79378;50821;30388;341195;87416;46147;40601;27122;19134;175161;42157;47045;38777;23699;11254;166034;45259;1986;81.0
82;Tarn-et-Garonne;54950;43741;29103;16587;194896;50515;26920;22208;15419;10357;99324;24420;28030;21533;13684;6230;95572;26095;1986;82.0
83;Var;214002;177173;117758;56705;758209;192571;106357;89586;64291;36364;389635;93037;107645;87587;53467;20341;368574;99534;1986;83.0
84;Vaucluse;132213;102601;57319;29137;446293;125023;65863;51497;31334;18754;228154;60706;66350;51104;25985;10383;218139;64317;1986;84.0
85;Vendée;144526;102819;65523;34029;497810;150913;70514;51876;35271;21989;252640;72990;74012;50943;30252;12040;245170;77923;1986;85.0
86;Vienne;112018;78020;48768;29036;375761;107919;55815;39182;25943;18048;192041;53053;56203;38838;22825;10988;183720;54866;1986;86.0
87;Haute-Vienne;101888;80402;53425;33700;357177;87762;50803;40568;29128;21617;185224;43108;51085;39834;24297;12083;171953;44654;1986;87.0
88;Vosges;116437;83695;47136;26827;391589;117494;56612;41973;26655;18193;200485;57052;59825;41722;20481;8634;191104;60442;1986;88.0
89;Yonne;90212;65127;44451;28358;317118;88970;43858;31863;24112;17785;160515;42897;46354;33264;20339;10573;156603;46073;1986;89.0
90;Territoire de Belfort;42692;28871;13981;7179;132938;40215;20476;14182;7845;4863;66528;19162;22216;14689;6136;2316;66410;21053;1986;90.0
91;Essonne;348866;237352;75153;41157;1026373;323845;174061;116151;41066;27997;517065;157790;174805;121201;34087;13160;509308;166055;1986;91.0
92;Hauts-de-Seine;482544;326015;150490;78692;1387341;349600;242881;163759;85906;54666;719867;172655;239663;162256;64584;24026;667474;176945;1986;92.0
93;Seine-Saint-Denis;474900;299826;114023;54685;1347656;404222;237638;145350;63956;37703;682258;197611;237262;154476;50067;16982;665398;206611;1986;93.0
94;Val-de-Marne;416303;276299;115986;62227;1200734;329919;208093;138433;65511;43441;617823;162345;208210;137866;50475;18786;582911;167574;1986;94.0
95;Val-d'Oise;334780;212876;74118;37796;974616;315046;169279;103993;40854;25960;494034;153948;165501;108883;33264;11836;480582;161098;1986;95.0
2B;Haute-Corse;40340;31523;18832;9503;132212;32014;17721;14625;10238;6145;64344;15615;22619;16898;8594;3358;67868;16399;1985;
2A;Corse-du-Sud;33162;26875;16674;7859;112243;27673;15355;12956;9055;5200;55993;13427;17807;13919;7619;2659;56250;14246;1985;
01;Ain;135393;94181;47236;26000;435630;132820;65778;45355;25376;16931;217999;64559;69615;48826;21860;9069;217631;68261;1985;1.0
02;Aisne;162662;111115;60551;32050;534807;168429;79317;55611;33205;20933;270583;81517;83345;55504;27346;11117;264224;86912;1985;2.0
03;Allier;98823;85593;55898;33349;367448;93785;48592;43466;30459;21408;189592;45667;50231;42127;25439;11941;177856;48118;1985;3.0
04;Alpes-de-Haute-Provence;34503;29538;17953;9833;123199;31372;16935;14538;9468;6157;62279;15181;17568;15000;8485;3676;60920;16191;1985;4.0
05;Hautes-Alpes;32332;24056;15057;7481;107937;29011;15797;11877;7918;4710;54046;13744;16535;12179;7139;2771;53891;15267;1985;5.0
06;Alpes-Maritimes;246722;216179;149091;90911;908669;205766;124966;112065;85539;58507;481837;100760;121756;104114;63552;32404;426832;105006;1985;6.0
07;Ardèche;75566;62130;38917;22062;273006;74331;36990;30786;21135;14505;139273;35857;38576;31344;17782;7557;133733;38474;1985;7.0
08;Ardennes;90479;64354;32661;17601;301099;96004;44142;31747;18005;11570;152088;46624;46337;32607;14656;6031;149011;49380;1985;8.0
09;Ariège;35807;31461;23089;14590;136941;31994;17434;15814;12077;8868;69634;15441;18373;15647;11012;5722;67307;16553;1985;9.0
10;Aube;88129;61963;34625;20528;290852;85607;43352;30996;19026;13236;148051;41441;44777;30967;15599;7292;142801;44166;1985;10.0
11;Aude;75684;66332;47094;27738;286222;69374;36864;34002;25077;17082;146112;33087;38820;32330;22017;10656;140110;36287;1985;11.0
12;Aveyron;72207;64696;44902;26224;277977;69948;34848;32592;24034;16268;141788;34046;37359;32104;20868;9956;136189;35902;1985;12.0
13;Bouches-du-Rhône;525673;404117;214699;104607;1735763;486667;265623;203313;118159;68953;893956;237908;260050;200804;96540;35654;841807;248759;1985;13.0
14;Calvados;190584;121358;65252;31730;603222;194298;94964;62308;36552;21899;311388;95665;95620;59050;28700;9831;291834;98633;1985;14.0
15;Cantal;44217;36391;24102;13319;160980;42951;21084;18027;12985;8523;81477;20858;23133;18364;11117;4796;79503;22093;1985;15.0
16;Charente;97227;76479;46849;27361;340838;92922;48148;38565;25271;17538;174852;45330;49079;37914;21578;9823;165986;47592;1985;16.0
17;Charente-Maritime;143446;115420;76259;41465;517881;141291;71543;58858;40997;26164;265877;68315;71903;56562;35262;15301;252004;72976;1985;17.0
18;Cher;92337;71182;44369;26178;321465;87399;45264;35186;24239;16756;164164;42719;47073;35996;20130;9422;157301;44680;1985;18.0
19;Corrèze;64251;55924;40093;23090;240928;57570;31446;28336;21792;14611;123896;27711;32805;27588;18301;8479;117032;29859;1985;19.0
21;Côte-d'Or;151238;99824;53109;29788;481032;147073;75058;49866;29086;19345;246386;73031;76180;49958;24023;10443;234646;74042;1985;21.0
22;Côtes-d'Armor;145164;120784;80912;39165;538673;152648;70498;61174;45247;26716;277510;73875;74666;59610;35665;12449;261163;78773;1985;22.0
23;Creuse;33139;31966;24676;17171;136606;29654;15755;15850;13123;10849;69839;14262;17384;16116;11553;6322;66767;15392;1985;23.0
24;Dordogne;100419;89740;64273;35497;382433;92504;49555;45682;34273;22389;196590;44691;50864;44058;30000;13108;185843;47813;1985;24.0
25;Doubs;155183;101548;47337;22576;484211;157567;75398;50390;26162;14882;244077;77245;79785;51158;21175;7694;240134;80322;1985;25.0
26;Drôme;117024;90401;49876;26565;400848;116982;57962;45458;27247;17214;204526;56645;59062;44943;22629;9351;196322;60337;1985;26.0
27;Eure;151250;99151;50079;25846;480661;154335;74606;48824;27213;16813;242396;74940;76644;50327;22866;9033;238265;79395;1985;27.0
28;Eure-et-Loir;115362;76990;42259;23534;375792;117647;56620;37814;22753;14592;188799;57020;58742;39176;19506;8942;186993;60627;1985;28.0
29;Finistère;237140;182218;117011;56067;832037;239601;114786;93399;66915;37616;429058;116342;122354;88819;50096;18451;402979;123259;1985;29.0
30;Gard;159101;127133;76451;39723;551539;149131;78741;64412;41298;25802;282606;72353;80360;62721;35153;13921;268933;76778;1985;30.0
31;Haute-Garonne;282294;188293;99190;52372;862844;240695;141464;96600;54020;33745;445033;119204;140830;91693;45170;18627;417811;121491;1985;31.0
32;Gers;45999;42240;28138;17024;174398;40997;22481;20996;14408;10362;87903;19656;23518;21244;13730;6662;86495;21341;1985;32.0
33;Gironde;360891;248177;143155;78428;1159515;328864;182299;127151;79465;52746;603092;161431;178592;121026;63690;25682;556423;167433;1985;33.0
34;Hérault;221406;162583;103406;54826;745875;203654;112480;84003;56263;35206;388256;100304;108926;78580;47143;19620;357619;103350;1985;34.0
35;Ille-et-Vilaine;236598;157683;86809;40055;766672;245527;117808;80326;48808;27674;395707;121091;118790;77357;38001;12381;370965;124436;1985;35.0
36;Indre;65409;54690;36985;23097;241933;61752;31686;27431;19847;14499;123459;29996;33723;27259;17138;8598;118474;31756;1985;36.0
37;Indre-et-Loire;155011;108761;62075;35586;515973;154540;77828;55124;33577;22838;266276;76909;77183;53637;28498;12748;249697;77631;1985;37.0
38;Isère;306036;211859;98574;49229;964615;298917;150975;105187;53972;33146;488742;145462;155061;106672;44602;16083;475873;153455;1985;38.0
39;Jura;69965;53600;31860;17717;245014;71872;34141;26755;17300;11318;124392;34878;35824;26845;14560;6399;120622;36994;1985;39.0
40;Landes;84154;70886;44770;25275;303533;78448;41531;35622;24218;16472;155570;37727;42623;35264;20552;8803;147963;40721;1985;40.0
41;Loir-et-Cher;85137;64526;41214;25211;300307;84219;41766;32122;22257;15850;152930;40935;43371;32404;18957;9361;147377;43284;1985;41.0
42;Loire;214559;166574;91469;48751;743120;221767;106841;84237;50721;33265;383195;108131;107718;82337;40748;15486;359925;113636;1985;42.0
43;Haute-Loire;57039;46710;29456;17691;206892;55996;27258;23352;16066;11580;105314;27058;29781;23358;13390;6111;101578;28938;1985;43.0
44;Loire-Atlantique;311953;213520;111420;53913;1017477;326671;155550;109512;62797;37352;524889;159678;156403;104008;48623;16561;492588;166993;1985;44.0
45;Loiret;171559;115761;63282;35185;552255;166468;84764;57580;34297;21986;280324;81697;86795;58181;28985;13199;271931;84771;1985;45.0
46;Lot;40819;36667;26407;14785;156031;37353;19947;18546;14130;9356;80004;18025;20872;18121;12277;5429;76027;19328;1985;46.0
47;Lot-et-Garonne;81363;70459;46322;25182;301520;78194;40632;35854;24627;15811;154972;38048;40731;34605;21695;9371;146548;40146;1985;47.0
48;Lozère;20662;16122;11265;6815;74117;19253;9765;7756;5909;4319;37124;9375;10897;8366;5356;2496;36993;9878;1985;48.0
49;Maine-et-Loire;203904;136698;74862;41274;689343;232605;101962;70035;41195;26914;353867;113761;101942;66663;33667;14360;335476;118844;1985;49.0
50;Manche;135135;103024;62831;29351;471799;141458;65415;52568;34732;20294;241881;68872;69720;50456;28099;9057;229918;72586;1985;50.0
51;Marne;179067;111409;55219;29813;551665;176157;88719;55211;30862;19637;280934;86505;90348;56198;24357;10176;270731;89652;1985;51.0
52;Haute-Marne;61785;44617;25429;13700;210183;64652;30034;21977;13834;8843;105863;31175;31751;22640;11595;4857;104320;33477;1985;52.0
53;Mayenne;79169;57755;33981;17504;275184;86775;38810;29371;18707;11816;140842;42138;40359;28384;15274;5688;134342;44637;1985;53.0
54;Meurthe-et-Moselle;232070;155093;75820;37488;722396;221925;114308;77811;42849;25394;369295;108933;117762;77282;32971;12094;353101;112992;1985;54.0
55;Meuse;58992;42392;24435;13495;199691;60377;28414;21125;13534;8915;100907;28919;30578;21267;10901;4580;98784;31458;1985;55.0
56;Morbihan;172571;131260;79662;35634;601103;181976;84015;66656;44761;24233;307570;87905;88556;64604;34901;11401;293533;94071;1985;56.0
57;Moselle;326655;228784;100840;42244;1010567;312044;159621;112536;56460;28388;508334;151329;167034;116248;44380;13856;502233;160715;1985;57.0
58;Nièvre;64386;52943;36423;23266;237473;60455;31417;26546;19820;14906;121873;29184;32969;26397;16603;8360;115600;31271;1985;58.0
59;Nord;786342;505651;254550;125243;2515778;843992;390733;256312;145438;85833;1290569;412253;395609;249339;109112;39410;1225209;431739;1985;59.0
60;Oise;223030;140182;62041;33266;685776;227257;109059;67703;33768;21840;342990;110620;113971;72479;28273;11426;342786;116637;1985;60.0
61;Orne;84953;64820;37957;19677;297470;90063;41664;32830;20755;13154;152010;43607;43289;31990;17202;6523;145460;46456;1985;61.0
62;Pas-de-Calais;428031;292986;161106;72565;1423131;468443;211381;150632;92319;49540;732536;228664;216650;142354;68787;23025;690595;239779;1985;62.0
63;Puy-de-Dôme;183835;133988;72251;37703;597009;169232;90534;67163;39591;25119;305499;83092;93301;66825;32660;12584;291510;86140;1985;63.0
64;Pyrénées-Atlantiques;159549;129372;78489;44335;562433;150688;79770;66184;43234;29087;292049;73774;79779;63188;35255;15248;270384;76914;1985;64.0
65;Hautes-Pyrénées;63424;55261;34306;18537;228426;56898;31319;28224;18541;12031;117362;27247;32105;27037;15765;6506;111064;29651;1985;65.0
66;Pyrénées-Orientales;89312;80864;59409;29947;344785;85253;45294;42265;32040;18609;179715;41507;44018;38599;27369;11338;165070;43746;1985;66.0
67;Bas-Rhin;303684;202294;96201;50563;928939;276197;148975;100433;57505;34172;477354;136269;154709;101861;38696;16391;451585;139928;1985;67.0
68;Haut-Rhin;211866;147972;66903;36245;656899;193913;102819;73098;39245;25107;334590;94321;109047;74874;27658;11138;322309;99592;1985;68.0
69;Rhône;465788;326393;149567;77818;1458071;438505;233460;163596;84181;53717;751033;216079;232328;162797;65386;24101;707038;222426;1985;69.0
70;Haute-Saône;66559;49445;29092;16469;232165;70600;32078;24273;16117;10732;117235;34035;34481;25172;12975;5737;114930;36565;1985;70.0
71;Saône-et-Loire;159076;127914;76504;43830;567158;159834;77647;64100;41712;28455;289314;77400;81429;63814;34792;15375;277844;82434;1985;71.0
72;Sarthe;149898;107145;62093;33960;509764;156668;73836;54335;33798;22183;260214;76062;76062;52810;28295;11777;249550;80606;1985;72.0
73;Savoie;102593;73574;37597;19033;328615;95818;49982;36422;20716;12476;166535;46939;52611;37152;16881;6557;162080;48879;1985;73.0
74;Haute-Savoie;175037;113529;51271;23967;521671;157867;86320;55704;28327;15809;262661;76501;88717;57825;22944;8158;259010;81366;1985;74.0
75;Paris;779256;489229;280661;171262;2165978;445570;395019;254890;169930;118319;1160473;222315;384237;234339;110731;52943;1005505;223255;1985;75.0
76;Seine-Maritime;381358;250130;129135;65251;1205579;379705;189941;126696;72144;44150;618724;185793;191417;123434;56991;21101;586855;193912;1985;76.0
77;Seine-et-Marne;311755;197403;77534;44620;943671;312359;156593;95480;42683;29176;476077;152145;155162;101923;34851;15444;467594;160214;1985;77.0
78;Yvelines;405204;287583;93379;47849;1231093;397078;203996;140171;51507;32622;621207;192911;201208;147412;41872;15227;609886;204167;1985;78.0
79;Deux-Sèvres;97168;74518;45296;25746;343429;100701;47818;37208;24075;15637;173566;48828;49350;37310;21221;10109;169863;51873;1985;79.0
80;Somme;166468;110455;62332;33530;547445;174660;82747;55746;34063;21713;280167;85898;83721;54709;28269;11817;267278;88762;1985;80.0
81;Tarn;92353;80735;50324;29857;341806;88537;45725;41287;26906;18837;175437;42682;46628;39448;23418;11020;166369;45855;1985;81.0
82;Tarn-et-Garonne;54012;44067;28897;16183;194123;50964;26437;22450;15291;10145;98915;24592;27575;21617;13606;6038;95208;26372;1985;82.0
83;Var;209068;175419;114845;54614;744583;190637;103704;88772;62686;35116;382254;91976;105364;86647;52159;19498;362329;98661;1985;83.0
84;Vaucluse;130088;101585;56309;28394;440770;124394;64680;50949;30854;18273;225195;60439;65408;50636;25455;10121;215575;63955;1985;84.0
85;Vendée;141891;103584;64319;33126;494691;151771;69263;52213;34765;21474;251040;73325;72628;51371;29554;11652;243651;78446;1985;85.0
86;Vienne;110092;78379;48389;28337;374608;109411;54732;39414;25787;17637;191529;53959;55360;38965;22602;10700;183079;55452;1985;86.0
87;Haute-Vienne;101150;81417;53240;33259;358018;88952;50293;41171;28990;21369;185561;43738;50857;40246;24250;11890;172457;45214;1985;87.0
88;Vosges;115580;84271;46936;26241;391658;118630;56115;42309;26614;17832;200470;57600;59465;41962;20322;8409;191188;61030;1985;88.0
89;Yonne;89011;65423;44042;27981;315527;89070;43158;32113;23938;17500;159592;42883;45853;33310;20104;10481;155935;46187;1985;89.0
90;Territoire de Belfort;42514;29220;13798;7108;133470;40830;20290;14404;7749;4821;66699;19435;22224;14816;6049;2287;66771;21395;1985;90.0
91;Essonne;343883;233348;72954;40191;1014761;324385;171598;114115;39959;27367;510983;157944;172285;119233;32995;12824;503778;166441;1985;91.0
92;Hauts-de-Seine;478493;328516;149516;77232;1386245;352488;239952;164934;85612;53717;718344;174129;238541;163582;63904;23515;667901;178359;1985;92.0
93;Seine-Saint-Denis;468868;300564;112623;53898;1340275;404322;233875;145877;63322;37111;677946;197761;234993;154687;49301;16787;662329;206561;1985;93.0
94;Val-de-Marne;413101;277532;114486;60968;1198807;332720;206195;139183;64789;42594;616435;163674;206906;138349;49697;18374;582372;169046;1985;94.0
95;Val-d'Oise;327523;209797;72272;37009;958030;311429;165386;102589;39959;25388;485339;152017;162137;107208;32313;11621;472691;159412;1985;95.0
2B;Haute-Corse;40426;31529;18747;9350;132182;32130;17540;14558;10138;6044;63921;15641;22886;16971;8609;3306;68261;16489;1984;
2A;Corse-du-Sud;32688;26750;16434;7802;111144;27470;14946;12885;8945;5157;55197;13264;17742;13865;7489;2645;55947;14206;1984;
01;Ain;132760;93084;46666;25362;429980;132108;64211;44926;25136;16494;214950;64183;68549;48158;21530;8868;215030;67925;1984;1.0
02;Aisne;161206;112939;59537;31792;535865;170391;78462;56545;32786;20678;270812;82341;82744;56394;26751;11114;265053;88050;1984;2.0
03;Allier;97590;86586;55690;32609;367735;95260;47996;43997;30372;20927;189582;46290;49594;42589;25318;11682;178153;48970;1984;3.0
04;Alpes-de-Haute-Provence;33655;29310;17582;9536;121450;31367;16453;14441;9261;5994;61308;15159;17202;14869;8321;3542;60142;16208;1984;4.0
05;Hautes-Alpes;31875;24170;14787;7312;107188;29044;15576;11930;7733;4619;53576;13718;16299;12240;7054;2693;53612;15326;1984;5.0
06;Alpes-Maritimes;242789;214630;148661;88945;901112;206087;122498;111492;85429;57135;477715;101161;120291;103138;63232;31810;423397;104926;1984;6.0
07;Ardèche;74289;62561;38533;21599;271779;74797;36385;31038;20945;14267;138646;36011;37904;31523;17588;7332;133133;38786;1984;7.0
08;Ardennes;89421;65259;32297;17227;301454;97250;43542;32185;17830;11307;152066;47202;45879;33074;14467;5920;149388;50048;1984;8.0
09;Ariège;35241;31892;23052;14356;136806;32265;17160;16016;12043;8758;69562;15585;18081;15876;11009;5598;67244;16680;1984;9.0
10;Aube;87456;62396;34530;20195;291230;86653;42926;31296;18992;13006;148102;41882;44530;31100;15538;7189;143128;44771;1984;10.0
11;Aude;74128;67074;46691;27283;284997;69821;36182;34332;24987;16797;145548;33250;37946;32742;21704;10486;139449;36571;1984;11.0
12;Aveyron;71354;65851;44717;25504;278409;70983;34465;33143;23977;15883;142040;34572;36889;32708;20740;9621;136369;36411;1984;12.0
13;Bouches-du-Rhône;521601;404199;212985;102580;1732805;491440;263145;203257;117183;67815;891715;240315;258456;200942;95802;34765;841090;251125;1984;13.0
14;Calvados;187546;121893;63765;30881;599764;195679;93323;62601;35742;21394;309442;96382;94223;59292;28023;9487;290322;99297;1984;14.0
15;Cantal;43778;36954;24012;13037;161555;43774;20809;18325;12950;8361;81676;21231;22969;18629;11062;4676;79879;22543;1984;15.0
16;Charente;96207;77200;46577;26796;340773;93993;47621;38938;25137;17212;174820;45912;48586;38262;21440;9584;165953;48081;1984;16.0
17;Charente-Maritime;141673;116147;75145;40269;516386;143152;70647;59152;40502;25465;264961;69195;71026;56995;34643;14804;251425;73957;1984;17.0
18;Cher;91500;71649;44539;25621;321817;88508;44777;35425;24377;16426;164322;43317;46723;36224;20162;9195;157495;45191;1984;18.0
19;Corrèze;63286;56722;39905;22483;240650;58254;30990;28702;21775;14222;123659;27970;32296;28020;18130;8261;116991;30284;1984;19.0
21;Côte-d'Or;148873;99541;52446;29044;478335;148431;73681;49843;28733;18853;244732;73622;75192;49698;23713;10191;233603;74809;1984;21.0
22;Côtes-d'Armor;143695;122574;79998;37980;538923;154676;69894;61982;44930;26003;277445;74636;73801;60592;35068;11977;261478;80040;1984;22.0
23;Creuse;32722;32759;24786;16926;137403;30210;15566;16240;13184;10723;70231;14518;17156;16519;11602;6203;67172;15692;1984;23.0
24;Dordogne;98773;90977;63582;34650;381528;93546;48733;46394;33862;21938;196001;45074;50040;44583;29720;12712;185527;48472;1984;24.0
25;Doubs;154141;101031;46516;21858;483202;159656;74534;50181;25760;14442;243290;78373;79607;50850;20756;7416;239912;81283;1984;25.0
26;Drôme;115249;90283;49079;25951;397673;117111;57007;45412;26852;16838;202809;56700;58242;44871;22227;9113;194864;60411;1984;26.0
27;Eure;147946;98440;49206;25227;474302;153483;72854;48501;26777;16465;239217;74620;75092;49939;22429;8762;235085;78863;1984;27.0
28;Eure-et-Loir;113211;76629;41776;22817;371233;116800;55380;37659;22489;14166;186232;56538;57831;38970;19287;8651;185001;60262;1984;28.0
29;Finistère;233221;184707;116269;54345;830834;242292;112854;94813;66579;36494;428416;117676;120367;89894;49690;17851;402418;124616;1984;29.0
30;Gard;155647;126667;75090;38811;544762;148547;77051;64125;40580;25326;279026;71944;78596;62542;34510;13485;265736;76603;1984;30.0
31;Haute-Garonne;273431;186029;97175;50402;848458;241421;137188;95113;53049;32555;437636;119731;136243;90916;44126;17847;410822;121690;1984;31.0
32;Gers;45522;43097;27946;16577;174879;41737;22281;21357;14369;10096;88059;19956;23241;21740;13577;6481;86820;21781;1984;32.0
33;Gironde;352765;246620;140910;76407;1146298;329596;178017;126440;78325;51535;596315;161998;174748;120180;62585;24872;549983;167598;1984;33.0
34;Hérault;214183;160096;100732;53189;730531;202331;108769;82719;54804;34280;380235;99663;105414;77377;45928;18909;350296;102668;1984;34.0
35;Ille-et-Vilaine;231550;158408;85114;38602;760894;247220;115231;80772;47993;26800;392868;122072;116319;77636;37121;11802;368026;125148;1984;35.0
36;Indre;64823;55442;36989;22611;242820;62955;31389;27778;19857;14227;123824;30573;33434;27664;17132;8384;118996;32382;1984;36.0
37;Indre-et-Loire;152564;108559;61338;34654;513067;155952;76527;54940;33241;22270;264715;77737;76037;53619;28097;12384;248352;78215;1984;37.0
38;Isère;301382;209881;96706;48043;955593;299581;148466;104160;53143;32363;484001;145869;152916;105721;43563;15680;471592;153712;1984;38.0
39;Jura;69211;53631;31546;17247;244033;72398;33718;26795;17180;11032;123812;35087;35493;26836;14366;6215;120221;37311;1984;39.0
40;Landes;82479;71186;44104;24554;301234;78911;40737;35754;23910;16046;154426;37979;41742;35432;20194;8508;146808;40932;1984;40.0
41;Loir-et-Cher;84034;64683;40986;24562;299161;84896;41242;32210;22158;15462;152326;41254;42792;32473;18828;9100;146835;43642;1984;41.0
42;Loire;213832;167942;90802;47651;744442;224215;106236;84982;50488;32621;383700;109373;107596;82960;40314;15030;360742;114842;1984;42.0
43;Haute-Loire;56056;47370;29259;17452;206706;56569;26824;23645;16027;11436;105239;27307;29232;23725;13232;6016;101467;29262;1984;43.0
44;Loire-Atlantique;306966;214235;109579;52429;1012071;328862;152755;110033;61943;36510;522050;160809;154211;104202;47636;15919;490021;168053;1984;44.0
45;Loiret;168733;115169;62319;34191;546374;165962;83178;57313;33813;21428;277171;81439;85555;57856;28506;12763;269203;84523;1984;45.0
46;Lot;40432;37342;26174;14494;156292;37850;19741;18871;14026;9181;80059;18240;20691;18471;12148;5313;76233;19610;1984;46.0
47;Lot-et-Garonne;80562;71472;46015;24648;301954;79257;40215;36405;24414;15569;155145;38542;40347;35067;21601;9079;146809;40715;1984;47.0
48;Lozère;20581;16484;11388;6705;74835;19677;9721;7945;6017;4248;37501;9570;10860;8539;5371;2457;37334;10107;1984;48.0
49;Maine-et-Loire;200038;137332;73728;40158;685580;234324;99966;70274;40716;26296;352004;114752;100072;67058;33012;13862;333576;119572;1984;49.0
50;Manche;132430;104887;61864;28496;470192;142515;64183;53484;34349;19818;241183;69349;68247;51403;27515;8678;229009;73166;1984;50.0
51;Marne;176622;111095;54443;29029;548385;177196;87373;55118;30470;19107;279066;86998;89249;55977;23973;9922;269319;90198;1984;51.0
52;Haute-Marne;61194;45167;25211;13440;210709;65697;29645;22262;13741;8711;106068;31709;31549;22905;11470;4729;104641;33988;1984;52.0
53;Mayenne;77773;58403;33468;16857;273655;87154;38168;29676;18531;11450;140089;42264;39605;28727;14937;5407;133566;44890;1984;53.0
54;Meurthe-et-Moselle;229037;155802;74285;36502;720515;224889;112541;78274;41996;24730;367895;110354;116496;77528;32289;11772;352620;114535;1984;54.0
55;Meuse;58323;42955;24070;13252;199539;60939;28030;21492;13351;8734;100714;29107;30293;21463;10719;4518;98825;31832;1984;55.0
56;Morbihan;169154;132677;78337;34314;597564;183082;82404;67266;44258;23395;305678;88355;86750;65411;34079;10919;291886;94727;1984;56.0
57;Moselle;321244;230947;98499;40789;1007434;315955;156517;113539;55322;27331;506093;153384;164727;117408;43177;13458;501341;162571;1984;57.0
58;Nièvre;63750;53789;36359;22951;238290;61441;31076;26942;19855;14692;122212;29647;32674;26847;16504;8259;116078;31794;1984;58.0
59;Nord;779386;512787;251761;123596;2520403;852873;386304;260164;144370;84480;1291897;416579;393082;252623;107391;39116;1228506;436294;1984;59.0
60;Oise;218916;138924;61178;32725;678720;226977;106675;67159;33393;21464;339039;110348;112241;71765;27785;11261;339681;116629;1984;60.0
61;Orne;83961;65766;37165;19136;297157;91129;41215;33279;20397;12857;151814;44066;42746;32487;16768;6279;145343;47063;1984;61.0
62;Pas-de-Calais;421998;297974;158980;71138;1421558;471468;208153;153309;91364;48535;731494;230133;213845;144665;67616;22603;690064;241335;1984;62.0
63;Puy-de-Dôme;182438;134576;71319;37027;596859;171499;89651;67457;39115;24715;305174;84236;92787;67119;32204;12312;291685;87263;1984;63.0
64;Pyrénées-Atlantiques;156698;130161;77690;43143;560358;152666;78502;66441;42912;28331;290857;74671;78196;63720;34778;14812;269501;77995;1984;64.0
65;Hautes-Pyrénées;62567;55997;34196;18003;228770;58007;30876;28603;18518;11690;117475;27788;31691;27394;15678;6313;111295;30219;1984;65.0
66;Pyrénées-Orientales;86868;81213;58664;29007;341169;85417;44155;42418;31655;18040;177721;41453;42713;38795;27009;10967;163448;43964;1984;66.0
67;Bas-Rhin;296739;202497;96094;49209;924568;280029;145145;101093;57282;33196;474994;138278;151594;101404;38812;16013;449574;141751;1984;67.0
68;Haut-Rhin;208499;148520;66382;35514;654671;195756;100906;73611;39059;24570;333299;95153;107593;74909;27323;10944;321372;100603;1984;68.0
69;Rhône;461627;324585;148246;76110;1454524;443956;230681;162607;83717;52622;748489;218862;230946;161978;64529;23488;706035;225094;1984;69.0
70;Haute-Saône;65847;49658;29104;16190;232093;71294;31648;24424;16150;10577;117156;34357;34199;25234;12954;5613;114937;36937;1984;70.0
71;Saône-et-Loire;157957;129174;76172;43008;568694;162383;76989;64674;41654;27979;289861;78565;80968;64500;34518;15029;278833;83818;1984;71.0
72;Sarthe;147556;107673;61393;32985;508060;158453;72653;54584;33541;21639;259311;76894;74903;53089;27852;11346;248749;81559;1984;72.0
73;Savoie;101483;73632;37177;18607;327838;96939;49400;36466;20502;12198;166085;47519;52083;37166;16675;6409;161753;49420;1984;73.0
74;Haute-Savoie;172385;111528;50252;23198;514990;157627;84885;54840;27732;15333;259173;76383;87500;56688;22520;7865;255817;81244;1984;74.0
75;Paris;771383;491656;286757;169270;2168999;449933;389123;257024;174113;117044;1162022;224718;382260;234632;112644;52226;1006977;225215;1984;75.0
76;Seine-Maritime;377351;250832;128145;63486;1202194;382380;187425;127244;71668;43021;616507;187149;189926;123588;56477;20465;585687;195231;1984;76.0
77;Seine-et-Marne;302513;192091;76320;43489;921091;306678;151682;93054;42099;28415;464659;149409;150831;99037;34221;15074;456432;157269;1984;77.0
78;Yvelines;400402;282989;91016;46711;1217423;396305;201055;137954;50390;31808;613805;192598;199347;145035;40626;14903;603618;203707;1984;78.0
79;Deux-Sèvres;95805;75305;44944;25130;343329;102145;47149;37602;23903;15306;173500;49540;48656;37703;21041;9824;169829;52605;1984;79.0
80;Somme;164596;111290;61835;32987;547738;177030;81728;56158;33904;21389;280154;86975;82868;55132;27931;11598;267584;90055;1984;80.0
81;Tarn;91027;81695;49978;29062;341118;89356;45117;41725;26792;18386;175094;43074;45910;39970;23186;10676;166024;46282;1984;81.0
82;Tarn-et-Garonne;52954;44348;28649;15691;192949;51307;25891;22615;15184;9863;98288;24735;27063;21733;13465;5828;94661;26572;1984;82.0
83;Var;204388;173295;112094;52621;731197;188799;101062;87689;61099;33982;375032;91200;103326;85606;50995;18639;356165;97599;1984;83.0
84;Vaucluse;127344;100479;55256;27553;434751;124119;63239;50452;30331;17713;221951;60216;64105;50027;24925;9840;212800;63903;1984;84.0
85;Vendée;138851;104564;63093;32186;491520;152826;67831;52680;34274;20901;249447;73761;71020;51884;28819;11285;242073;79065;1984;85.0
86;Vienne;108198;78727;47959;27651;373489;110954;53805;39509;25578;17287;190963;54784;54393;39218;22381;10364;182526;56170;1984;86.0
87;Haute-Vienne;99895;82313;53294;32558;358304;90244;49568;41716;29033;20917;185625;44391;50327;40597;24261;11641;172679;45853;1984;87.0
88;Vosges;114866;85431;47101;25659;393796;120739;55657;42936;26803;17466;201467;58605;59209;42495;20298;8193;192329;62134;1984;88.0
89;Yonne;87633;65767;43731;27538;313814;89145;42366;32348;23745;17244;158612;42909;45267;33419;19986;10294;155202;46236;1984;89.0
90;Territoire de Belfort;41995;29183;13697;6921;132952;41156;20014;14425;7710;4707;66376;19520;21981;14758;5987;2214;66576;21636;1984;90.0
91;Essonne;339043;229031;71089;39166;1004049;325720;169093;111921;39060;26670;505306;158562;169950;117110;32029;12496;498743;167158;1984;91.0
92;Hauts-de-Seine;473920;330591;148627;75911;1384675;355626;236893;166124;85339;52776;716377;175245;237027;164467;63288;23135;668298;180381;1984;92.0
93;Seine-Saint-Denis;462351;301471;111489;53212;1333360;404837;229563;146617;62908;36490;673635;198057;232788;154854;48581;16722;659725;206780;1984;93.0
94;Val-de-Marne;410050;278422;113491;60090;1199080;337027;204161;139782;64311;41988;616033;165791;205889;138640;49180;18102;583047;171236;1984;94.0
95;Val-d'Oise;321067;207092;70761;36236;943813;308657;161634;101362;39261;24736;477781;150788;159433;105730;31500;11500;466032;157869;1984;95.0
2A;Corse-du-Sud;32314;26694;16109;7633;109760;27010;14611;12805;8784;5083;54305;13022;17703;13889;7325;2550;55455;13988;1983;
2B;Haute-Corse;40089;31537;18650;9229;131669;32164;17181;14510;10109;5958;63245;15487;22908;17027;8541;3271;68424;16677;1983;
01;Ain;129756;91780;45997;24685;422743;130525;62574;44280;24864;16081;211190;63391;67182;47500;21133;8604;211553;67134;1983;1.0
02;Aisne;158716;114370;58649;31333;534972;171904;77106;57265;32448;20300;270042;82923;81610;57105;26201;11033;264930;88981;1983;2.0
03;Allier;96716;87831;55493;32124;368896;96732;47556;44569;30319;20652;190072;46976;49160;43262;25174;11472;178824;49756;1983;3.0
04;Alpes-de-Haute-Provence;32985;29109;17298;9251;120072;31429;16112;14297;9115;5842;60531;15165;16873;14812;8183;3409;59541;16264;1983;4.0
05;Hautes-Alpes;31204;23940;14577;7067;105622;28834;15200;11800;7655;4459;52740;13626;16004;12140;6922;2608;52882;15208;1983;5.0
06;Alpes-Maritimes;238651;213734;148222;86568;893111;205936;120261;110926;85351;55745;473319;101036;118390;102808;62871;30823;419792;104900;1983;6.0
07;Ardèche;72819;62805;38156;21184;270122;75158;35677;31037;20893;14010;137814;36197;37142;31768;17263;7174;132308;38961;1983;7.0
08;Ardennes;88022;66235;32003;16934;302026;98832;42724;32669;17701;11125;152159;47940;45298;33566;14302;5809;149867;50892;1983;8.0
09;Ariège;34726;32228;22986;14049;136456;32467;16940;16178;12018;8587;69400;15677;17786;16050;10968;5462;67056;16790;1983;9.0
10;Aube;85906;62346;34159;19732;289128;86985;42065;31316;18788;12742;146955;42044;43841;31030;15371;6990;142173;44941;1983;10.0
11;Aude;72525;67455;46408;26787;283183;70008;35474;34532;24840;16555;144654;33253;37051;32923;21568;10232;138529;36755;1983;11.0
12;Aveyron;70495;66786;44486;24853;278548;71928;34031;33665;23832;15567;142156;35061;36464;33121;20654;9286;136392;36867;1983;12.0
13;Bouches-du-Rhône;517349;404457;211441;100550;1729336;495539;260492;203238;116455;66665;889331;242481;256857;201219;94986;33885;840005;253058;1983;13.0
14;Calvados;184164;122344;62243;29981;595309;196577;91501;62726;35125;20808;306951;96791;92663;59618;27118;9173;288358;99786;1983;14.0
15;Cantal;43304;37580;23969;12779;162189;44557;20571;18590;12978;8186;81905;21580;22733;18990;10991;4593;80284;22977;1983;15.0
16;Charente;95103;77979;46453;26270;341018;95213;47087;39263;25088;16935;174861;46488;48016;38716;21365;9335;166157;48725;1983;16.0
17;Charente-Maritime;140210;116888;74019;39265;515187;144805;69852;59535;39965;24905;264229;69972;70358;57353;34054;14360;250958;74833;1983;17.0
18;Cher;90575;72203;44478;25130;321742;89356;44227;35749;24367;16151;164319;43825;46348;36454;20111;8979;157423;45531;1983;18.0
19;Corrèze;62697;57699;39773;22009;241053;58875;30665;29278;21638;13981;123815;28253;32032;28421;18135;8028;117238;30622;1983;19.0
21;Côte-d'Or;146691;99297;51844;28386;475971;149753;72425;49770;28366;18511;243347;74275;74266;49527;23478;9875;232624;75478;1983;21.0
22;Côtes-d'Armor;142273;124378;78929;37074;539399;156745;69074;63015;44404;25480;277519;75546;73199;61363;34525;11594;261880;81199;1983;22.0
23;Creuse;32617;33790;25073;16817;139320;31023;15458;16748;13416;10644;71177;14911;17159;17042;11657;6173;68143;16112;1983;23.0
24;Dordogne;96814;91927;62767;33719;379393;94166;47755;46847;33445;21461;194816;45308;49059;45080;29322;12258;184577;48858;1983;24.0
25;Doubs;152039;100435;45498;21115;479891;160804;73241;49891;25236;13956;241301;78977;78798;50544;20262;7159;238590;81827;1983;25.0
26;Drôme;113225;89843;48288;25327;393723;117040;55966;45093;26526;16461;200658;56612;57259;44750;21762;8866;193065;60428;1983;26.0
27;Eure;144337;97700;48473;24567;467585;152508;71045;48080;26481;16074;235776;74096;73292;49620;21992;8493;231809;78412;1983;27.0
28;Eure-et-Loir;110826;76414;41208;22192;366759;116119;53970;37575;22171;13817;183757;56224;56856;38839;19037;8375;183002;59895;1983;28.0
29;Finistère;229335;187417;115180;53109;830215;245174;111033;96276;66017;35683;428026;119017;118302;91141;49163;17426;402189;126157;1983;29.0
30;Gard;152008;126012;73746;37925;537769;148078;75080;63895;39943;24767;275416;71731;76928;62117;33803;13158;262353;76347;1983;30.0
31;Haute-Garonne;266355;184178;95666;48878;837177;242100;133580;94260;52178;31653;431907;120236;132775;89918;43488;17225;405270;121864;1983;31.0
32;Gers;44593;43386;27467;16010;173444;41988;21823;21427;14174;9785;87320;20111;22770;21959;13293;6225;86124;21877;1983;32.0
33;Gironde;346117;246509;138927;75039;1137928;331336;174501;126440;77372;50791;592005;162901;171616;120069;61555;24248;545923;168435;1983;33.0
34;Hérault;208380;158439;98577;51781;718620;201443;105575;82010;53700;33456;374054;99313;102805;76429;44877;18325;344566;102130;1983;34.0
35;Ille-et-Vilaine;227164;158876;83523;37433;755489;248493;112980;81016;47292;26089;390150;122773;114184;77860;36231;11344;365339;125720;1983;35.0
36;Indre;64140;55999;36977;22194;243387;64077;30981;28074;19902;13957;123982;31068;33159;27925;17075;8237;119405;33009;1983;36.0
37;Indre-et-Loire;150249;108230;60482;33884;510134;157289;75263;54741;32863;21842;263141;78432;74986;53489;27619;12042;246993;78857;1983;37.0
38;Isère;296401;207825;94882;46871;945771;299792;145657;103220;52350;31590;478756;145939;150744;104605;42532;15281;467015;153853;1983;38.0
39;Jura;68362;53932;31225;16901;243553;73133;33233;26988;17039;10824;123557;35473;35129;26944;14186;6077;119996;37660;1983;39.0
40;Landes;80870;71488;43482;23872;299060;79348;39947;35936;23609;15637;153310;38181;40923;35552;19873;8235;145750;41167;1983;40.0
41;Loir-et-Cher;82627;65079;40553;23963;297748;85526;40538;32375;21995;15106;151605;41591;42089;32704;18558;8857;146143;43935;1983;41.0
42;Loire;211673;169297;89842;46496;743246;225938;104821;85806;50098;31894;383013;110394;106852;83491;39744;14602;360233;115544;1983;42.0
43;Haute-Loire;55021;47939;29162;17133;206132;56877;26320;23935;16067;11214;104963;27427;28701;24004;13095;5919;101169;29450;1983;43.0
44;Loire-Atlantique;301478;214632;106975;51340;1004897;330472;150259;110098;60735;35841;518330;161397;151219;104534;46240;15499;486567;169075;1983;44.0
45;Loiret;165755;114764;61516;33326;541253;165892;81382;57208;33421;20937;274412;81464;84373;57556;28095;12389;266841;84428;1983;45.0
46;Lot;39729;37542;25864;14066;155293;38092;19389;19000;13823;8934;79521;18375;20340;18542;12041;5132;75772;19717;1983;46.0
47;Lot-et-Garonne;79402;71918;45411;23961;300296;79604;39612;36607;24148;15172;154219;38680;39790;35311;21263;8789;146077;40924;1983;47.0
48;Lozère;20316;16618;11329;6575;74648;19810;9579;8001;6037;4165;37403;9621;10737;8617;5292;2410;37245;10189;1983;48.0
49;Maine-et-Loire;196500;137915;72114;39347;681239;235363;98136;70571;39990;25825;349775;115253;98364;67344;32124;13522;331464;120110;1983;49.0
50;Manche;129486;106553;60804;27733;468172;143596;62840;54310;33901;19431;240309;69827;66646;52243;26903;8302;227863;73769;1983;50.0
51;Marne;174052;111313;53869;28402;546183;178547;85878;55354;30148;18686;277779;87713;88174;55959;23721;9716;268404;90834;1983;51.0
52;Haute-Marne;60406;45710;25029;13099;211014;66770;29260;22538;13638;8522;106122;32164;31146;23172;11391;4577;104892;34606;1983;52.0
53;Mayenne;76412;59153;32949;16330;272480;87636;37532;30047;18361;11122;139653;42591;38880;29106;14588;5208;132827;45045;1983;53.0
54;Meurthe-et-Moselle;225563;157128;72942;35573;719030;227824;110424;78985;41320;24076;366689;111884;115139;78143;31622;11497;352341;115940;1983;54.0
55;Meuse;57373;43676;23825;13034;199481;61573;27610;21796;13272;8589;100610;29343;29763;21880;10553;4445;98871;32230;1983;55.0
56;Morbihan;165762;134169;77057;33180;594405;184237;80733;68049;43593;22719;304053;88959;85029;66120;33464;10461;290352;95278;1983;56.0
57;Moselle;316345;233006;96458;39655;1006708;321244;153657;114563;54186;26532;504964;156026;162688;118443;42272;13123;501744;165218;1983;57.0
58;Nièvre;63154;54481;36441;22658;239049;62315;30786;27255;19881;14548;122552;30082;32368;27226;16560;8110;116497;32233;1983;58.0
59;Nord;772263;522928;250302;122353;2532887;865041;381993;265284;144160;83416;1297280;422427;390270;257644;106142;38937;1235607;442614;1983;59.0
60;Oise;214160;137581;60384;32119;670512;226268;103842;66524;33109;21053;334638;110110;110318;71057;27275;11066;335874;116158;1983;60.0
61;Orne;82930;66610;36548;18719;297015;92208;40733;33660;20129;12637;151709;44550;42197;32950;16419;6082;145306;47658;1983;61.0
62;Pas-de-Calais;414909;303636;156815;69912;1420162;474890;204458;156172;90431;47589;730409;231759;210451;147464;66384;22323;689753;243131;1983;62.0
63;Puy-de-Dôme;180722;135123;70452;36293;595886;173296;88472;67723;38744;24234;304416;85243;92250;67400;31708;12059;291470;88053;1983;63.0
64;Pyrénées-Atlantiques;154235;131214;77235;42046;559510;154780;77349;66960;42636;27696;290362;75721;76886;64254;34599;14350;269148;79059;1983;64.0
65;Hautes-Pyrénées;61606;56355;34036;17493;228386;58896;30434;28786;18449;11371;117224;28184;31172;27569;15587;6122;111162;30712;1983;65.0
66;Pyrénées-Orientales;84540;81583;57994;28184;337826;85525;42917;42614;31291;17569;175914;41523;41623;38969;26703;10615;161912;44002;1983;66.0
67;Bas-Rhin;291168;201763;95983;47939;920386;283533;141965;101257;57090;32287;472719;140120;149203;100506;38893;15652;447667;143413;1983;67.0
68;Haut-Rhin;205627;148751;65897;34848;652775;197652;99144;73980;38904;24058;332121;96035;106483;74771;26993;10790;320654;101617;1983;68.0
69;Rhône;457675;323437;147358;74139;1450529;447920;227906;162164;83512;51290;745588;220716;229769;161273;63846;22849;704941;227204;1983;69.0
70;Haute-Saône;65024;50128;29113;15913;232096;71918;31184;24700;16183;10420;117197;34710;33840;25428;12930;5493;114899;37208;1983;70.0
71;Saône-et-Loire;156544;130888;75827;42315;570474;164900;76287;65485;41564;27586;290575;79653;80257;65403;34263;14729;279899;85247;1983;71.0
72;Sarthe;145102;108041;60375;32179;505720;160023;71463;54791;33080;21171;258066;77561;73639;53250;27295;11008;247654;82462;1983;72.0
73;Savoie;100223;73894;36687;18262;327032;97966;48724;36513;20253;12013;165592;48089;51499;37381;16434;6249;161440;49877;1983;73.0
74;Haute-Savoie;167990;109153;48996;22155;504104;155810;82489;53806;27090;14644;253538;75509;85501;55347;21906;7511;250566;80301;1983;74.0
75;Paris;765357;496877;293021;168408;2178277;454614;384075;260742;178327;116578;1167011;227289;381282;236135;114694;51830;1011266;227325;1983;75.0
76;Seine-Maritime;371927;251909;126552;61998;1197376;384990;184248;127848;70918;42079;613650;188557;187679;124061;55634;19919;583726;196433;1983;76.0
77;Seine-et-Marne;295175;188099;75670;42652;904371;302775;147747;91208;41837;27860;456215;147563;147428;96891;33833;14792;448156;155212;1983;77.0
78;Yvelines;396258;278794;89097;45858;1206463;396456;198610;135997;49376;31285;607730;192462;197648;142797;39721;14573;598733;203994;1983;78.0
79;Deux-Sèvres;94562;76183;44519;24626;343403;103513;46546;37982;23707;15091;173462;50136;48016;38201;20812;9535;169941;53377;1983;79.0
80;Somme;161790;112050;60933;32579;546137;178785;80172;56505;33560;21101;279299;87961;81618;55545;27373;11478;266838;90824;1983;80.0
81;Tarn;89570;82785;49494;28313;340535;90373;44475;42267;26578;17947;174786;43519;45095;40518;22916;10366;165749;46854;1983;81.0
82;Tarn-et-Garonne;51725;44499;28290;15261;191394;51619;25285;22655;15033;9617;97453;24863;26440;21844;13257;5644;93941;26756;1983;82.0
83;Var;199697;171758;109650;50617;719193;187471;98424;87023;59760;32792;368449;90450;101273;84735;49890;17825;350744;97021;1983;83.0
84;Vaucluse;125192;99767;54257;26774;429840;123850;62072;50121;29761;17244;219353;60155;63120;49646;24496;9530;210487;63695;1983;84.0
85;Vendée;135695;105353;61558;31171;486990;153213;66368;52995;33610;20290;247192;73929;69327;52358;27948;10881;239798;79284;1983;85.0
86;Vienne;106554;79273;47554;26976;372682;112325;52910;39766;25417;16926;190563;55544;53644;39507;22137;10050;182119;56781;1983;86.0
87;Haute-Vienne;98374;82826;53012;31899;357006;90895;48725;42036;28810;20575;184926;44780;49649;40790;24202;11324;172080;46115;1983;87.0
88;Vosges;113749;86451;47190;25134;394913;122389;54912;43586;26874;17164;201992;59456;58837;42865;20316;7970;192921;62933;1983;88.0
89;Yonne;86317;66268;43517;27149;312675;89424;41615;32626;23613;17022;157878;43002;44702;33642;19904;10127;154797;46422;1983;89.0
90;Territoire de Belfort;41495;29326;13473;6803;132533;41436;19683;14488;7643;4637;66060;19609;21812;14838;5830;2166;66473;21827;1983;90.0
91;Essonne;335050;225199;69533;38280;995371;327309;167018;110019;38261;26099;500717;159320;168032;115180;31272;12181;494654;167989;1983;91.0
92;Hauts-de-Seine;470241;333861;147828;74705;1385841;359206;233819;167934;85134;51906;715935;177142;236422;165927;62694;22799;669906;182064;1983;92.0
93;Seine-Saint-Denis;457013;304178;110749;52623;1331717;407154;225654;148281;62690;36060;672094;199409;231359;155897;48059;16563;659623;207745;1983;93.0
94;Val-de-Marne;406430;279509;111896;59377;1198174;340962;201660;140704;63655;41399;615128;167710;204770;138805;48241;17978;583046;173252;1983;94.0
95;Val-d'Oise;314880;205174;69294;35645;931789;306796;157914;100657;38562;24285;471287;149869;156966;104517;30732;11360;460502;156927;1983;95.0
2B;Haute-Corse;38590;31948;18382;8978;131572;33674;16745;15044;9954;5789;63977;16445;21845;16904;8428;3189;67595;17229;1982;
2A;Corse-du-Sud;30843;26090;15980;7322;108603;28368;14248;12683;8601;4965;54546;14049;16595;13407;7379;2357;54057;14319;1982;
01;Ain;125959;91171;45702;23889;417323;130602;61196;44261;24677;15600;209327;63593;64763;46910;21025;8289;207996;67009;1982;1.0
02;Aisne;154876;116004;58348;30805;534485;174452;75156;58041;32458;19880;270303;84768;79720;57963;25890;10925;264182;89684;1982;2.0
03;Allier;96055;88337;54841;31121;370089;99735;47011;44782;30039;20028;190508;48648;49044;43555;24802;11093;179581;51087;1982;3.0
04;Alpes-de-Haute-Provence;32603;28241;16961;8880;118935;32250;15783;13975;8873;5579;59695;15485;16820;14266;8088;3301;59240;16765;1982;4.0
05;Hautes-Alpes;31308;23737;13901;6896;105136;29294;15173;11638;7320;4368;52540;14041;16135;12099;6581;2528;52596;15253;1982;5.0
06;Alpes-Maritimes;232625;211663;149967;83614;880814;202945;118235;110471;86123;54077;468034;99128;114390;101192;63844;29537;412780;103817;1982;6.0
07;Ardèche;72242;61866;36668;20394;267969;76799;35015;30475;20073;13580;136348;37205;37227;31391;16595;6814;131621;39594;1982;7.0
08;Ardennes;85927;66668;31800;16485;302786;101906;41508;33053;17609;10769;152619;49680;44419;33615;14191;5716;150167;52226;1982;8.0
09;Ariège;33711;32495;22679;13492;135734;33357;16102;16430;11854;8254;68800;16160;17609;16065;10825;5238;66934;17197;1982;9.0
10;Aube;85087;62527;34208;19492;289479;88165;41305;31347;18896;12560;146907;42799;43782;31180;15312;6932;142572;45366;1982;10.0
11;Aude;71365;66268;45482;25956;280591;71520;34471;33938;24430;16088;143151;34224;36894;32330;21052;9868;137440;37296;1982;11.0
12;Aveyron;70866;66634;43441;23779;278866;74146;34094;33470;23315;14990;142115;36246;36772;33164;20126;8789;136751;37900;1982;12.0
13;Bouches-du-Rhône;517936;402444;207046;97371;1724697;499900;257964;201523;114239;64753;882017;243538;259972;200921;92807;32618;842680;256362;1982;13.0
14;Calvados;180801;123611;61239;29241;589262;194370;89772;63459;34708;20180;303139;95020;91029;60152;26531;9061;286123;99350;1982;14.0
15;Cantal;42904;37845;23830;12259;163169;46331;20183;18666;12884;7844;82286;22709;22721;19179;10946;4415;80883;23622;1982;15.0
16;Charente;93256;78481;46061;25682;341019;97539;46047;39556;24963;16603;174890;47721;47209;38925;21098;9079;166129;49818;1982;16.0
17;Charente-Maritime;138308;115973;72722;37596;513306;148707;68091;59213;39202;23924;262722;72292;70217;56760;33520;13672;250584;76415;1982;17.0
18;Cher;88400;72156;44304;24388;319978;90730;42703;35774;24256;15637;162743;44373;45697;36382;20048;8751;157235;46357;1982;18.0
19;Corrèze;62369;57872;39428;21399;241821;60753;30186;29494;21377;13619;124196;29520;32183;28378;18051;7780;117625;31233;1982;19.0
21;Côte-d'Or;145452;100895;51757;27945;473614;147565;72301;50680;28357;18218;242293;72737;73151;50215;23400;9727;231321;74828;1982;21.0
22;Côtes-d'Armor;140394;123813;77405;35555;538947;161780;67819;62885;43519;24430;277217;78564;72575;60928;33886;11125;261730;83216;1982;22.0
23;Creuse;32259;34101;24966;16183;140016;32507;15127;16940;13364;10260;71450;15759;17132;17161;11602;5923;68566;16748;1982;23.0
24;Dordogne;94639;91737;62099;32648;377522;96399;46435;46764;32948;20878;193819;46794;48204;44973;29151;11770;183703;49605;1982;24.0
25;Doubs;149294;102341;45171;20613;477255;159836;73130;50637;25175;13648;241170;78580;76164;51704;19996;6965;236085;81256;1982;25.0
26;Drôme;111446;87928;46867;24178;389188;118769;55037;44073;25672;15752;198243;57709;56409;43855;21195;8426;190945;61060;1982;26.0
27;Eure;139834;97026;48034;23735;461781;153152;68627;47822;26316;15618;232996;74613;71207;49204;21718;8117;228785;78539;1982;27.0
28;Eure-et-Loir;106897;76421;41675;21503;362551;116055;52302;37687;22319;13501;182255;56446;54595;38734;19356;8002;180296;59609;1982;28.0
29;Finistère;227191;188655;113025;51104;828751;248776;108887;96996;64586;34308;425949;121172;118304;91659;48439;16796;402802;127604;1982;29.0
30;Gard;149432;123750;71696;36782;529561;147901;73611;63057;38671;24270;271380;71771;75821;60693;33025;12512;258181;76130;1982;30.0
31;Haute-Garonne;261687;186524;97159;48797;823829;229662;130920;95288;52885;31534;423137;112510;130767;91236;44274;17263;400692;117152;1982;31.0
32;Gers;43978;43686;27353;15354;174455;44084;21376;21582;14090;9453;87757;21256;22602;22104;13263;5901;86698;22828;1982;32.0
33;Gironde;342624;249818;137521;74786;1127934;323185;171978;128178;76470;50495;585426;158305;170646;121640;61051;24291;542508;164880;1982;33.0
34;Hérault;205945;156682;96944;49844;704605;195190;103714;81163;52684;32254;365356;95541;102231;75519;44260;17590;339249;99649;1982;34.0
35;Ille-et-Vilaine;224898;161120;82606;36615;749767;244528;111888;82278;46788;25659;386685;120072;113010;78842;35818;10956;363082;124456;1982;35.0
36;Indre;62789;56269;36912;21521;243394;65903;30095;28313;19798;13556;123976;32214;32694;27956;17114;7965;119418;33689;1982;36.0
37;Indre-et-Loire;148546;108460;60480;32670;505728;155572;74282;54856;32888;21178;260003;76799;74264;53604;27592;11492;245725;78773;1982;37.0
38;Isère;294565;207696;92656;45472;935878;295489;144553;102921;51260;30705;473465;144026;150012;104775;41396;14767;462413;151463;1982;38.0
39;Jura;66670;54322;31279;16219;243155;74665;32395;27316;17058;10408;123507;36330;34275;27006;14221;5811;119648;38335;1982;39.0
40;Landes;78702;71075;42859;23465;297331;81230;38480;35913;23240;15329;152241;39279;40222;35162;19619;8136;145090;41951;1982;40.0
41;Loir-et-Cher;80650;65013;40681;23199;296247;86704;39368;32516;21932;14661;150770;42293;41282;32497;18749;8538;145477;44411;1982;41.0
42;Loire;209250;171585;88064;45409;740193;225885;103364;86990;49380;31153;381587;110700;105886;84595;38684;14256;358606;115185;1982;42.0
43;Haute-Loire;54135;48461;28905;16658;206365;58206;25812;24184;15968;10921;105124;28239;28323;24277;12937;5737;101241;29967;1982;43.0
44;Loire-Atlantique;296324;214822;104163;50263;994268;328696;147388;110299;59191;35106;512619;160635;148936;104523;44972;15157;481649;168061;1982;44.0
45;Loiret;162041;114823;61309;32136;535226;164917;79805;57352;33196;20239;271589;80997;82236;57471;28113;11897;263637;83920;1982;45.0
46;Lot;39364;37012;25284;13627;154547;39260;19139;18722;13442;8679;79096;19114;20225;18290;11842;4948;75451;20146;1982;46.0
47;Lot-et-Garonne;78241;71643;44378;22853;298306;81191;38801;36450;23475;14539;152943;39678;39440;35193;20903;8314;145363;41513;1982;47.0
48;Lozère;20085;16529;11093;6331;74440;20402;9351;7952;5925;4009;37140;9903;10734;8577;5168;2322;37300;10499;1982;48.0
49;Maine-et-Loire;195021;137288;70183;37908;674424;234024;96624;70214;38945;25042;345286;114461;98397;67074;31238;12866;329138;119563;1982;49.0
50;Manche;126131;106355;59485;26483;465897;147443;60572;53993;33292;18706;238539;71976;65559;52362;26193;7777;227358;75467;1982;50.0
51;Marne;171566;112840;53579;27828;543437;177624;84440;56185;30087;18262;275865;86891;87126;56655;23492;9566;267572;90733;1982;51.0
52;Haute-Marne;59813;45673;24390;12419;210786;68491;28585;22539;13263;8123;105693;33183;31228;23134;11127;4296;105093;35308;1982;52.0
53;Mayenne;74832;59491;32193;15696;271728;89516;36760;30232;17987;10698;139236;43559;38072;29259;14206;4998;132492;45957;1982;53.0
54;Meurthe-et-Moselle;222798;161810;72027;35032;717456;225789;108782;81332;41023;23648;365323;110538;114016;80478;31004;11384;352133;115251;1982;54.0
55;Meuse;56222;44439;23620;12643;200479;63555;26962;22205;13164;8349;101268;30588;29260;22234;10456;4294;99211;32967;1982;55.0
56;Morbihan;162406;133135;75485;32073;590987;187888;78171;67788;42704;21906;301619;91050;84235;65347;32781;10167;289368;96838;1982;56.0
57;Moselle;311086;234747;94683;38779;1007743;328448;151123;115346;53094;25745;505429;160121;159963;119401;41589;13034;502314;168327;1982;57.0
58;Nièvre;61960;54755;36664;21978;240022;64665;29921;27444;20041;14162;122954;31386;32039;27311;16623;7816;117068;33279;1982;58.0
59;Nord;757844;533077;246858;121533;2520997;861685;373336;270076;142767;82792;1290052;421081;384508;263001;104091;38741;1230945;440604;1982;59.0
60;Oise;207700;137112;59980;31610;660878;224476;101188;66319;32857;20786;330398;109248;106512;70793;27123;10824;330480;115228;1982;60.0
61;Orne;81022;66196;35836;17966;295564;94544;39448;33489;19743;12175;150933;46078;41574;32707;16093;5791;144631;48466;1982;61.0
62;Pas-de-Calais;404861;306464;153417;68047;1412454;479665;197654;157650;88774;46254;724864;234532;207207;148814;64643;21793;687590;245133;1982;62.0
63;Puy-de-Dôme;180494;137182;69136;35491;594863;172560;88095;68686;38218;23736;302952;84217;92399;68496;30918;11755;291911;88343;1982;63.0
64;Pyrénées-Atlantiques;151562;130793;76889;41040;555363;155079;75409;66675;42498;27147;287562;75833;76153;64118;34391;13893;267801;79246;1982;64.0
65;Hautes-Pyrénées;61732;56395;32892;16549;227857;60289;30489;28743;17715;10868;117128;29313;31243;27652;15177;5681;110729;30976;1982;65.0
66;Pyrénées-Orientales;83507;79850;56196;26348;334176;88275;42210;41688;30148;16453;173361;42862;41297;38162;26048;9895;160815;45413;1982;66.0
67;Bas-Rhin;288914;203192;96791;47291;915559;279371;140369;102414;57339;31623;468768;137023;148545;100778;39452;15668;446791;142348;1982;67.0
68;Haut-Rhin;201017;149516;65617;33889;650476;200437;97359;74497;38719;23272;331714;97867;103658;75019;26898;10617;318762;102570;1982;68.0
69;Rhône;453502;330605;146196;74173;1446563;442087;226819;165674;83982;51047;744365;216843;226683;164931;62214;23126;702198;225244;1982;69.0
70;Haute-Saône;64767;49345;28228;14925;232067;74802;31239;24403;15648;9763;117245;36192;33528;24942;12580;5162;114822;38610;1982;70.0
71;Saône-et-Loire;154711;131410;74231;41255;572425;170818;75358;65688;40852;26859;291895;83138;79353;65722;33379;14396;280530;87680;1982;71.0
72;Sarthe;142547;108356;59621;31039;505000;163437;70133;54905;32732;20456;257563;79337;72414;53451;26889;10583;247437;84100;1982;72.0
73;Savoie;98445;73584;36348;17895;323454;97182;47895;36469;19965;11769;163387;47289;50550;37115;16383;6126;160067;49893;1982;73.0
74;Haute-Savoie;160223;108736;48112;21819;493389;154499;79119;53726;26729;14372;249049;75103;81104;55010;21383;7447;244340;79396;1982;74.0
75;Paris;776757;512580;290419;167790;2180321;432775;392711;268605;178924;116831;1172305;215234;384046;243975;111495;50959;1008016;217541;1982;75.0
76;Seine-Maritime;366881;255434;124802;60282;1194367;386968;180676;129392;70266;40903;610725;189488;186205;126042;54536;19379;583642;197480;1982;76.0
77;Seine-et-Marne;282607;187336;76915;42325;885081;295898;141010;91309;42541;27753;446911;144298;141597;96027;34374;14572;438170;151600;1982;77.0
78;Yvelines;390768;278127;85727;44818;1194604;395164;195612;135673;47960;30780;602505;192480;195156;142454;37767;14038;592099;202684;1982;78.0
79;Deux-Sèvres;92836;76365;43807;23628;342977;106341;45461;38132;23306;14617;173029;51513;47375;38233;20501;9011;169948;54828;1982;79.0
80;Somme;159295;113372;60642;31913;544777;179555;78435;57238;33514;20651;277963;88125;80860;56134;27128;11262;266814;91430;1982;80.0
81;Tarn;88439;83148;48210;27529;339477;92151;43842;42323;25853;17442;173925;44465;44597;40825;22357;10087;165552;47686;1982;81.0
82;Tarn-et-Garonne;50743;44706;28024;14624;190551;52454;24741;22770;14868;9205;97158;25574;26002;21936;13156;5419;93393;26880;1982;82.0
83;Var;195518;167088;108698;48570;707522;187648;95962;85078;59021;31661;362224;90502;99556;82010;49677;16909;345298;97146;1982;83.0
84;Vaucluse;124599;97937;53111;25602;426884;125635;60976;49362;29060;16499;216922;61025;63623;48575;24051;9103;209962;64610;1982;84.0
85;Vendée;132593;104036;60119;29908;482520;155864;64447;52509;32702;19588;244993;75747;68146;51527;27417;10320;237527;80117;1982;85.0
86;Vienne;106939;79983;47457;26413;371412;110620;52524;40154;25278;16678;188990;54356;54415;39829;22179;9735;182422;56264;1982;86.0
87;Haute-Vienne;98957;83434;52634;30532;355688;90131;49035;42378;28645;19608;183893;44227;49922;41056;23989;10924;171795;45904;1982;87.0
88;Vosges;112129;87011;46629;24191;396533;126573;54302;43894;26636;16479;203041;61730;57827;43117;19993;7712;193492;64843;1982;88.0
89;Yonne;83477;66499;44400;26317;311002;90309;40198;32902;24016;16508;157405;43781;43279;33597;20384;9809;153597;46528;1982;89.0
90;Territoire de Belfort;40755;29755;13047;6819;132142;41766;19664;14705;7431;4616;66635;20219;21091;15050;5616;2203;65507;21547;1982;90.0
91;Essonne;324470;228896;69742;38341;987371;325922;161365;111573;38882;26140;496732;158772;163105;117323;30860;12201;490639;167150;1982;91.0
92;Hauts-de-Seine;464381;348696;144293;75946;1389403;356087;231779;174627;84193;52645;718474;175230;232602;174069;60100;23301;670929;180857;1982;92.0
93;Seine-Saint-Denis;439693;312181;109291;53630;1324843;410048;216690;152890;62736;36828;669693;200549;223003;159291;46555;16802;655150;209499;1982;93.0
94;Val-de-Marne;394427;288108;109912;59883;1193389;341059;196200;145421;63226;41728;613723;167148;198227;142687;46686;18155;579666;173911;1982;94.0
95;Val-d'Oise;303686;207911;67477;36195;919604;304335;151705;102219;37859;24896;465050;148371;151981;105692;29618;11299;454554;155964;1982;95.0
2A;Corse-du-Sud;30417;25995;15751;7217;107388;28008;13874;12624;8446;4891;53695;13860;16543;13371;7305;2326;53693;14148;1981;
2B;Haute-Corse;37664;32176;18124;8951;130487;33572;16168;15124;9827;5757;63115;16239;21496;17052;8297;3194;67372;17333;1981;
01;Ain;122608;91120;44789;23311;410598;128770;59310;44284;24288;15202;205776;62692;63298;46836;20501;8109;204822;66078;1981;1.0
02;Aisne;151539;118795;57354;30308;533972;175976;73515;59390;32020;19560;270010;85525;78024;59405;25334;10748;263962;90451;1981;2.0
03;Allier;94606;90598;54388;30615;371293;101086;46346;45863;29799;19768;191119;49343;48260;44735;24589;10847;180174;51743;1981;3.0
04;Alpes-de-Haute-Provence;31784;28321;16707;8625;117841;32404;15433;13939;8767;5433;59119;15547;16351;14382;7940;3192;58722;16857;1981;4.0
05;Hautes-Alpes;30451;23946;13615;6714;103939;29213;14753;11712;7190;4269;51952;14028;15698;12234;6425;2445;51987;15185;1981;5.0
06;Alpes-Maritimes;228128;211611;147619;81470;870095;201267;115320;110926;84713;52626;462240;98655;112808;100685;62906;28844;407855;102612;1981;6.0
07;Ardèche;70717;62547;36080;19952;266051;76755;34294;30929;19837;13234;135555;37261;36423;31618;16243;6718;130496;39494;1981;7.0
08;Ardennes;84416;68286;31394;16191;303475;103188;40623;33900;17416;10575;152872;50358;43793;34386;13978;5616;150603;52830;1981;8.0
09;Ariège;33026;33388;22634;13283;135991;33660;15773;16836;11843;8155;68975;16368;17253;16552;10791;5128;67016;17292;1981;9.0
10;Aube;83525;63424;33899;19143;288671;88680;40618;31861;18690;12362;146562;43031;42907;31563;15209;6781;142109;45649;1981;10.0
11;Aude;69369;67930;44722;25448;279191;71722;33637;34874;23972;15847;142670;34340;35732;33056;20750;9601;136521;37382;1981;11.0
12;Aveyron;69667;67909;43126;23256;278729;74771;33611;34061;23194;14712;142065;36487;36056;33848;19932;8544;136664;38284;1981;12.0
13;Bouches-du-Rhône;508580;404431;202342;95545;1710194;499296;252882;202736;111903;63639;874450;243290;255698;201695;90439;31906;835744;256006;1981;13.0
14;Calvados;175961;125053;59736;28450;584838;195638;87250;64123;34006;19703;300862;95780;88711;60930;25730;8747;283976;99858;1981;14.0
15;Cantal;42114;38837;23565;12060;163606;47030;19850;19155;12754;7739;82484;22986;22264;19682;10811;4321;81122;24044;1981;15.0
16;Charente;91545;80037;45394;25099;340469;98394;45261;40253;24707;16265;174607;48121;46284;39784;20687;8834;165862;50273;1981;16.0
17;Charente-Maritime;135284;118114;71066;36668;510852;149720;66566;60293;38301;23491;261482;72831;68718;57821;32765;13177;249370;76889;1981;17.0
18;Cher;86634;73215;43976;23911;319239;91503;41756;36345;24096;15391;162401;44813;44878;36870;19880;8520;156838;46690;1981;18.0
19;Corrèze;61182;59417;38817;20942;241667;61309;29634;30273;21018;13378;124087;29784;31548;29144;17799;7564;117580;31525;1981;19.0
21;Côte-d'Or;142149;101981;50785;27341;470845;148589;70386;51277;27808;17919;240731;73341;71763;50704;22977;9422;230114;75248;1981;21.0
22;Côtes-d'Armor;136949;126579;75974;34547;536708;162659;66180;64292;42864;23855;276143;78952;70769;62287;33110;10692;260565;83707;1981;22.0
23;Creuse;31544;35409;25043;15909;141027;33122;14815;17547;13461;10129;71999;16047;16729;17862;11582;5780;69028;17075;1981;23.0
24;Dordogne;92625;93920;61288;31669;376685;97183;45461;47778;32580;20357;193413;47237;47164;46142;28708;11312;183272;49946;1981;24.0
25;Doubs;147209;103046;44304;20080;476145;161506;71752;51097;24726;13331;240346;79440;75457;51949;19578;6749;235799;82066;1981;25.0
26;Drôme;109156;87969;45826;23580;384657;118126;53841;44198;25152;15394;195972;57387;55315;43771;20674;8186;188685;60739;1981;26.0
27;Eure;135571;97451;47130;23126;455634;152356;66479;48079;25841;15271;229977;74307;69092;49372;21289;7855;225657;78049;1981;27.0
28;Eure-et-Loir;104230;76747;40946;20832;358044;115289;50937;37826;21959;13119;179856;56015;53293;38921;18987;7713;178188;59274;1981;28.0
29;Finistère;220303;192875;111837;49681;824571;249875;105774;99192;64027;33429;424252;121830;114529;93683;47810;16252;400319;128045;1981;29.0
30;Gard;145312;124931;69904;36012;523660;147501;71581;63668;37775;23829;268453;71600;73731;61263;32129;12183;255207;75901;1981;30.0
31;Haute-Garonne;254806;188231;94916;47517;816335;230865;127384;96372;51775;30742;419375;113102;127422;91859;43141;16775;396960;117763;1981;31.0
32;Gers;43168;44581;27212;14892;174594;44741;20980;21976;14068;9185;87814;21605;22188;22605;13144;5707;86780;23136;1981;32.0
33;Gironde;332877;253659;134354;73448;1117228;322890;166976;130306;74970;49694;580337;158391;165901;123353;59384;23754;536891;164499;1981;33.0
34;Hérault;199322;158375;94562;48707;695454;194488;100177;82126;51555;31586;360816;95372;99145;76249;43007;17121;334638;99116;1981;34.0
35;Ille-et-Vilaine;218058;163240;80771;35626;742517;244822;108569;83463;45946;25058;383323;120287;109489;79777;34825;10568;359194;124535;1981;35.0
36;Indre;61920;57619;36673;21090;244160;66858;29649;29061;19625;13338;124321;32648;32271;28558;17048;7752;119839;34210;1981;36.0
37;Indre-et-Loire;144959;109144;59327;31868;501421;156123;72391;55258;32285;20735;257755;77086;72568;53886;27042;11133;243666;79037;1981;37.0
38;Isère;288109;207044;90326;44303;923628;293846;141325;102584;50289;29893;467282;143191;146784;104460;40037;14410;456346;150655;1981;38.0
39;Jura;65567;55139;30749;15870;242522;75197;31777;27791;16757;10228;123165;36612;33790;27348;13992;5642;119357;38585;1981;39.0
40;Landes;76986;72088;42146;22879;295920;81821;37711;36318;22915;15010;151596;39642;39275;35770;19231;7869;144324;42179;1981;40.0
41;Loir-et-Cher;78847;65746;40002;22690;294294;87009;38430;32864;21598;14434;149807;42481;40417;32882;18404;8256;144487;44528;1981;41.0
42;Loire;206843;174459;86788;44617;740372;227665;102019;88464;48874;30640;381487;111490;104824;85995;37914;13977;358885;116175;1981;42.0
43;Haute-Loire;53058;49451;28557;16476;206058;58516;25304;24701;15833;10800;105078;28440;27754;24750;12724;5676;100980;30076;1981;43.0
44;Loire-Atlantique;287843;217741;101064;49261;985030;329121;143447;111806;57650;34581;508212;160728;144396;105935;43414;14680;476818;168393;1981;44.0
45;Loiret;157763;115126;60053;31320;527721;163459;77531;57591;32524;19839;267709;80224;80232;57535;27529;11481;260012;83235;1981;45.0
46;Lot;38433;37743;24858;13271;153906;39601;18721;19096;13261;8454;78807;19275;19712;18647;11597;4817;75099;20326;1981;46.0
47;Lot-et-Garonne;77111;72636;43665;22308;297317;81597;38272;36937;23119;14227;152454;39899;38839;35699;20546;8081;144863;41698;1981;47.0
48;Lozère;19679;16929;11037;6261;74467;20561;9158;8189;5885;3967;37195;9996;10521;8740;5152;2294;37272;10565;1981;48.0
49;Maine-et-Loire;189367;138678;68897;37024;667450;233484;93840;70964;38352;24514;342033;114363;95527;67714;30545;12510;325417;119121;1981;49.0
50;Manche;122588;108876;58158;25770;463623;148231;59077;55344;32694;18342;237888;72431;63511;53532;25464;7428;225735;75800;1981;50.0
51;Marne;168131;114249;52787;27173;540972;178632;82604;56906;29723;17856;274526;87437;85527;57343;23064;9317;266446;91195;1981;51.0
52;Haute-Marne;58757;46592;24015;12216;210831;69251;28043;23050;13077;7986;105733;33577;30714;23542;10938;4230;105098;35674;1981;52.0
53;Mayenne;72982;60561;31798;15201;270157;89615;35926;30782;17790;10451;138611;43662;37056;29779;14008;4750;131546;45953;1981;53.0
54;Meurthe-et-Moselle;218340;164799;70938;34204;717438;229157;106423;82858;40425;23113;365040;112221;111917;81941;30513;11091;352398;116936;1981;54.0
55;Meuse;55217;45643;23361;12420;200855;64214;26479;22749;13071;8211;101456;30946;28738;22894;10290;4209;99399;33268;1981;55.0
56;Morbihan;157447;135980;73854;31080;586740;188379;75856;69227;41942;21278;299621;91318;81591;66753;31912;9802;287119;97061;1981;56.0
57;Moselle;305997;236766;92398;37723;1006234;333350;148296;116560;51850;24981;504159;162472;157701;120206;40548;12742;502075;170878;1981;57.0
58;Nièvre;60937;56159;36400;21668;240812;65648;29453;28132;19928;13970;123352;31869;31484;28027;16472;7698;117460;33779;1981;58.0
59;Nord;738773;549158;241623;119498;2515543;866491;363197;278475;140287;81269;1287145;423917;375576;270683;101336;38229;1228398;442574;1981;59.0
60;Oise;201950;137079;58838;30990;651952;223095;98007;66468;32317;20387;325747;108568;103943;70611;26521;10603;326205;114527;1981;60.0
61;Orne;79540;67623;35051;17536;295148;95398;38697;34182;19427;11946;150824;46572;40843;33441;15624;5590;144324;48826;1981;61.0
62;Pas-de-Calais;393989;315421;150814;66574;1409385;482587;192487;162095;87478;45279;723361;236022;201502;153326;63336;21295;686024;246565;1981;62.0
63;Puy-de-Dôme;176703;139432;67781;34850;592523;173757;86091;69885;37490;23386;301785;84933;90612;69547;30291;11464;290738;88824;1981;63.0
64;Pyrénées-Atlantiques;147796;132057;75888;39924;552096;156431;73543;67266;42021;26443;285917;76644;74253;64791;33867;13481;266179;79787;1981;64.0
65;Hautes-Pyrénées;60506;57151;32693;16149;227550;61051;29904;29100;17632;10637;116964;29691;30602;28051;15061;5512;110586;31360;1981;65.0
66;Pyrénées-Orientales;80324;80396;55001;25473;328519;87325;40681;41925;29500;15963;170481;42412;39643;38471;25501;9510;158038;44913;1981;66.0
67;Bas-Rhin;283205;203017;96057;45818;909731;281634;137169;102948;56805;30621;465836;138293;146036;100069;39252;15197;443895;143341;1981;67.0
68;Haut-Rhin;197917;149916;64904;33088;647698;201873;95487;75063;38408;22688;330284;98638;102430;74853;26496;10400;317414;103235;1981;68.0
69;Rhône;448108;332680;143676;72529;1442187;445194;223223;167111;82890;49900;741706;218582;224885;165569;60786;22629;700481;226612;1981;69.0
70;Haute-Saône;63154;49977;28000;14657;230485;74697;30409;24752;15568;9605;116472;36138;32745;25225;12432;5052;114013;38559;1981;70.0
71;Saône-et-Loire;152210;133717;73523;40342;571789;171997;74096;66945;40501;26316;291523;83665;78114;66772;33022;14026;280266;88332;1981;71.0
72;Sarthe;139379;109544;58805;30247;502664;164689;68650;55606;32268;20074;256580;79982;70729;53938;26537;10173;246084;84707;1981;72.0
73;Savoie;96180;73913;35539;17413;320530;97485;46794;36655;19480;11474;161888;47485;49386;37258;16059;5939;158642;50000;1981;73.0
74;Haute-Savoie;156986;107726;46793;21081;486000;153414;77281;53336;25986;13914;245198;74681;79705;54390;20807;7167;240802;78733;1981;74.0
75;Paris;773266;524120;296262;166476;2195328;435204;389277;276598;182381;116066;1180659;216337;383989;247522;113881;50410;1014669;218867;1981;75.0
76;Seine-Maritime;359178;259376;123012;58800;1189785;389419;176669;131508;69438;39964;608222;190643;182509;127868;53574;18836;581563;198776;1981;76.0
77;Seine-et-Marne;272060;184800;75452;41147;863899;290440;135331;90134;41796;26994;436094;141839;136729;94666;33656;14153;427805;148601;1981;77.0
78;Yvelines;382279;275406;82977;43722;1176773;392389;190846;134565;46516;30050;593084;191107;191433;140841;36461;13672;583689;201282;1981;78.0
79;Deux-Sèvres;90978;77466;43186;23158;341902;107114;44583;38732;22963;14409;172545;51858;46395;38734;20223;8749;169357;55256;1981;79.0
80;Somme;155556;115409;60099;31417;543486;181005;76522;58235;33388;20318;277301;88838;79034;57174;26711;11099;266185;92167;1981;80.0
81;Tarn;87010;84888;47561;26859;339319;93001;43202;43160;25555;17078;173873;44878;43808;41728;22006;9781;165446;48123;1981;81.0
82;Tarn-et-Garonne;49429;45445;27526;14220;189398;52778;24169;23137;14673;8953;96625;25693;25260;22308;12853;5267;92773;27085;1981;82.0
83;Var;190296;166368;105798;46606;694538;185470;93062;84837;57388;30546;355345;89512;97234;81531;48410;16060;339193;95958;1981;83.0
84;Vaucluse;121752;97865;51918;24743;421167;124889;59499;49346;28400;16041;213992;60706;62253;48519;23518;8702;207175;64183;1981;84.0
85;Vendée;128574;105225;58821;29183;477548;155745;62538;53080;32107;19187;242704;75792;66036;52145;26714;9996;234844;79953;1981;85.0
86;Vienne;103896;81236;46862;25678;369237;111565;51048;40747;25036;16246;187900;54823;52848;40489;21826;9432;181337;56742;1981;86.0
87;Haute-Vienne;96837;85309;52390;29792;355150;90822;47946;43358;28544;19210;183624;44566;48891;41951;23846;10582;171526;46256;1981;87.0
88;Vosges;109945;88996;46443;23581;396463;127498;53170;44952;26632;16090;202988;62144;56775;44044;19811;7491;193475;65354;1981;88.0
89;Yonne;81615;67325;44090;25809;309095;90256;39226;33274;23918;16209;156402;43775;42389;34051;20172;9600;152693;46481;1981;89.0
90;Territoire de Belfort;39961;29984;12966;6632;131456;41913;19232;14825;7402;4509;66232;20264;20729;15159;5564;2123;65224;21649;1981;90.0
91;Essonne;318377;226614;67368;37493;977285;327433;158291;110595;37582;25566;491607;159573;160086;116019;29786;11927;485678;167860;1981;91.0
92;Hauts-de-Seine;461478;355383;143183;74280;1394686;360362;229082;178793;83429;51619;720440;177517;232396;176590;59754;22661;674246;182845;1981;92.0
93;Seine-Saint-Denis;434041;316462;107441;52769;1321815;411102;213021;155359;61657;36246;667310;201027;221020;161103;45784;16523;654505;210075;1981;93.0
94;Val-de-Marne;391743;292032;108018;58928;1195305;344584;194610;147639;62178;41119;614481;168935;197133;144393;45840;17809;580824;175649;1981;94.0
95;Val-d'Oise;295852;207285;65746;35392;906577;302302;147471;102101;36980;24282;458323;147489;148381;105184;28766;11110;448254;154813;1981;95.0
2B;Haute-Corse;37420;32053;18014;8672;129547;33388;15656;15290;9648;5625;62294;16075;21764;16763;8366;3047;67253;17313;1980;
2A;Corse-du-Sud;30121;25965;15409;7097;106186;27594;13415;12733;8189;4872;52830;13621;16706;13232;7220;2225;53356;13973;1980;
01;Ain;119195;91301;43861;22675;404139;127107;57343;44403;23901;14804;202341;61890;61852;46898;19960;7871;201798;65217;1980;1.0
02;Aisne;149106;121068;56158;29795;533201;177074;72331;60449;31396;19237;269525;86112;76775;60619;24762;10558;263676;90962;1980;2.0
03;Allier;93292;92533;54118;30014;372252;102295;45670;46808;29660;19495;191592;49959;47622;45725;24458;10519;180660;52336;1980;3.0
04;Alpes-de-Haute-Provence;31054;28492;16363;8354;116770;32507;15067;14041;8579;5277;58554;15590;15987;14451;7784;3077;58216;16917;1980;4.0
05;Hautes-Alpes;29543;24231;13235;6561;102738;29168;14316;11864;6945;4201;51344;14018;15227;12367;6290;2360;51394;15150;1980;5.0
06;Alpes-Maritimes;223880;212318;144697;79025;860094;200174;112793;111419;83179;51082;456659;98186;111087;100899;61518;27943;403435;101988;1980;6.0
07;Ardèche;69228;63361;35549;19493;264326;76695;33608;31355;19626;12951;134728;37188;35620;32006;15923;6542;129598;39507;1980;7.0
08;Ardennes;83526;69332;30996;15897;304272;104521;40082;34433;17190;10403;153091;50983;43444;34899;13806;5494;151181;53538;1980;8.0
09;Ariège;32332;34320;22448;13083;136153;33970;15440;17250;11778;8059;69053;16526;16892;17070;10670;5024;67100;17444;1980;9.0
10;Aube;82333;64089;33588;18704;287867;89153;39957;32242;18555;12094;146134;43286;42376;31847;15033;6610;141733;45867;1980;10.0
11;Aude;67271;69910;43976;24776;277752;71819;32714;35896;23654;15449;142075;34362;34557;34014;20322;9327;135677;37457;1980;11.0
12;Aveyron;68327;69320;42968;22563;278465;75287;33042;34746;23074;14368;141984;36754;35285;34574;19894;8195;136481;38533;1980;12.0
13;Bouches-du-Rhône;500449;407460;196895;93021;1695440;497615;247951;204559;109216;62116;866395;242553;252498;202901;87679;30905;829045;255062;1980;13.0
14;Calvados;172080;126718;57843;27549;580166;195976;85308;64971;33003;19181;298377;95914;86772;61747;24840;8368;281789;100062;1980;14.0
15;Cantal;41499;39728;23441;11742;164143;47733;19624;19574;12682;7584;82743;23279;21875;20154;10759;4158;81400;24454;1980;15.0
16;Charente;89756;81531;44937;24314;339744;99206;44304;41043;24459;15814;174174;48554;45452;40488;20478;8500;165570;50652;1980;16.0
17;Charente-Maritime;132449;120328;69318;35610;508328;150623;65183;61324;37374;22961;260205;73363;67266;59004;31944;12649;248123;77260;1980;17.0
18;Cher;85198;74095;43632;23463;318542;92154;40989;36771;23907;15138;161952;45147;44209;37324;19725;8325;156590;47007;1980;18.0
19;Corrèze;59930;60901;38387;20403;241368;61747;29071;30960;20810;13080;123858;29937;30859;29941;17577;7323;117510;31810;1980;19.0
21;Côte-d'Or;139454;102702;49846;26677;467998;149319;68778;51671;27291;17560;239016;73716;70676;51031;22555;9117;228982;75603;1980;21.0
22;Côtes-d'Armor;134355;129212;74309;33369;534733;163488;64978;65602;42072;23192;275179;79335;69377;63610;32237;10177;259554;84153;1980;22.0
23;Creuse;31040;36328;25268;15542;141833;33655;14564;17971;13616;9949;72486;16386;16476;18357;11652;5593;69347;17269;1980;23.0
24;Dordogne;90808;95998;60329;30810;375903;97958;44608;48725;32105;19931;192935;47566;46200;47273;28224;10879;182968;50392;1980;24.0
25;Doubs;146091;103160;43387;19494;474893;162761;70826;51282;24245;12969;239429;80107;75265;51878;19142;6525;235464;82654;1980;25.0
26;Drôme;106757;88427;44767;22941;380172;117280;52607;44489;24570;15028;193715;57021;54150;43938;20197;7913;186457;60259;1980;26.0
27;Eure;131805;97658;46035;22480;449273;151295;64383;48242;25292;14897;226793;73979;67422;49416;20743;7583;222480;77316;1980;27.0
28;Eure-et-Loir;101919;76970;40085;20215;353869;114680;49670;37965;21517;12762;177589;55675;52249;39005;18568;7453;176280;59005;1980;28.0
29;Finistère;214856;196665;109893;48141;820439;250884;103463;101129;62983;32536;422452;122341;111393;95536;46910;15605;397987;128543;1980;29.0
30;Gard;141160;126858;67893;35058;517927;146958;69529;64519;36847;23262;265605;71448;71631;62339;31046;11796;252322;75510;1980;30.0
31;Haute-Garonne;248053;190306;92618;46199;809167;231991;123960;97391;50657;30009;415706;113689;124093;92915;41961;16190;393461;118302;1980;31.0
32;Gers;42429;45464;26954;14496;174715;45372;20649;22396;13925;8972;87894;21952;21780;23068;13029;5524;86821;23420;1980;32.0
33;Gironde;323798;257986;130974;71955;1106514;321801;162288;132569;73379;48813;575031;157982;161510;125417;57595;23142;531483;163819;1980;33.0
34;Hérault;193059;160603;91713;47507;686633;193751;96864;83281;50206;30892;356337;95094;96195;77322;41507;16615;330296;98657;1980;34.0
35;Ille-et-Vilaine;212217;165420;78563;34502;734778;244076;105743;84606;44895;24403;379489;119842;106474;80814;33668;10099;355289;124234;1980;35.0
36;Indre;61055;58821;36512;20647;245018;67983;29244;29538;19571;13121;124674;33200;31811;29283;16941;7526;120344;34783;1980;36.0
37;Indre-et-Loire;141854;110024;57950;31005;497200;156367;70734;55777;31536;20260;255495;77188;71120;54247;26414;10745;241705;79179;1980;37.0
38;Isère;281449;206904;88195;43135;911882;292199;137820;102525;49410;29087;461260;142418;143629;104379;38785;14048;450622;149781;1980;38.0
39;Jura;64629;55875;30257;15492;241702;75449;31261;28108;16526;10024;122684;36765;33368;27767;13731;5468;119018;38684;1980;39.0
40;Landes;75206;73088;41670;22132;294517;82421;36846;36743;22740;14571;150905;40005;38360;36345;18930;7561;143612;42416;1980;40.0
41;Loir-et-Cher;77071;66531;39308;22064;292497;87523;37601;33252;21249;14096;148811;42613;39470;33279;18059;7968;143686;44910;1980;41.0
42;Loire;204742;177052;85719;43644;740188;229031;100680;89729;48487;30044;381156;112216;104062;87323;37232;13600;359032;116815;1980;42.0
43;Haute-Loire;52092;50167;28481;16222;205840;58878;24842;25093;15790;10685;105043;28633;27250;25074;12691;5537;100797;30245;1980;43.0
44;Loire-Atlantique;280721;220204;98211;47952;975924;328836;140069;113250;56120;33839;503742;160464;140652;106954;42091;14113;472182;168372;1980;44.0
45;Loiret;153863;115334;58681;30461;520624;162285;75466;57760;31727;19419;263954;79582;78397;57574;26954;11042;256670;82703;1980;45.0
46;Lot;37557;38399;24542;12886;153237;39853;18342;19381;13123;8253;78497;19398;19215;19018;11419;4633;74740;20455;1980;46.0
47;Lot-et-Garonne;75857;73922;42808;21807;296377;81983;37614;37548;22714;13980;151977;40121;38243;36374;20094;7827;144400;41862;1980;47.0
48;Lozère;19321;17263;11063;6109;74463;20707;8983;8366;5918;3880;37228;10081;10338;8897;5145;2229;37235;10626;1980;48.0
49;Maine-et-Loire;184558;139978;67347;36084;660340;232373;91514;71649;37518;23989;338697;114027;93044;68329;29829;12095;321643;118346;1980;49.0
50;Manche;119515;111178;56770;24807;461414;149144;57784;56478;32124;17779;237001;72836;61731;54700;24646;7028;224413;76308;1980;50.0
51;Marne;165301;115266;51790;26582;538522;179583;80972;57520;29159;17497;273083;87935;84329;57746;22631;9085;265439;91648;1980;51.0
52;Haute-Marne;57979;47259;23709;11968;210976;70061;27603;23412;12904;7871;105783;33993;30376;23847;10805;4097;105193;36068;1980;52.0
53;Mayenne;71418;61674;31190;14656;268690;89752;35246;31300;17529;10144;137991;43772;36172;30374;13661;4512;130699;45980;1980;53.0
54;Meurthe-et-Moselle;216150;166264;69996;33306;717818;232102;105065;83598;39890;22549;364860;113758;111085;82666;30106;10757;352958;118344;1980;54.0
55;Meuse;54436;46398;23227;12215;201309;65033;26086;23133;13004;8088;101641;31330;28350;23265;10223;4127;99668;33703;1980;55.0
56;Morbihan;153401;137896;72433;29930;582625;188965;73910;70108;41343;20589;297603;91653;79491;67788;31090;9341;285022;97312;1980;56.0
57;Moselle;301548;238496;90299;36567;1005064;338154;145594;117549;50664;24188;503054;165059;155954;120947;39635;12379;502010;173095;1980;57.0
58;Nièvre;60215;57115;36375;21264;241539;66570;29029;28657;19889;13735;123684;32374;31186;28458;16486;7529;117855;34196;1980;58.0
59;Nord;727122;561078;235383;116952;2511503;870968;356631;284679;137255;79587;1284649;426497;370491;276399;98128;37365;1226854;444471;1980;59.0
60;Oise;196876;136914;57432;30319;643385;221844;95085;66473;31651;19987;321168;107972;101791;70441;25781;10332;322217;113872;1980;60.0
61;Orne;78162;68960;34261;17042;294672;96247;38099;34794;19107;11657;150589;46932;40063;34166;15154;5385;144083;49315;1980;61.0
62;Pas-de-Calais;387179;321497;147834;64896;1407290;485884;189151;165113;85980;44188;722208;237776;198028;156384;61854;20708;685082;248108;1980;62.0
63;Puy-de-Dôme;173617;141445;66513;34125;590021;174321;84412;70856;36863;23003;300381;85247;89205;70589;29650;11122;289640;89074;1980;63.0
64;Pyrénées-Atlantiques;144218;133202;75038;38604;548913;157851;71988;67705;41588;25617;284306;77408;72230;65497;33450;12987;264607;80443;1980;64.0
65;Hautes-Pyrénées;59408;58039;32377;15728;227234;61682;29373;29583;17453;10393;116784;29982;30035;28456;14924;5335;110450;31700;1980;65.0
66;Pyrénées-Orientales;77363;81328;53601;24523;323083;86268;39314;42299;28804;15394;167642;41831;38049;39029;24797;9129;155441;44437;1980;66.0
67;Bas-Rhin;276866;204042;95432;44151;903820;283329;133563;104162;56135;29530;462756;139366;143303;99880;39297;14621;441064;143963;1980;67.0
68;Haut-Rhin;194978;150345;64580;32158;644834;202773;93623;75671;38289;22024;328608;99001;101355;74674;26291;10134;316226;103772;1980;68.0
69;Rhône;443393;335505;141264;70320;1438146;447664;220095;168491;82053;48519;738867;219709;223298;167014;59211;21801;699279;227955;1980;69.0
70;Haute-Saône;61869;50425;27740;14345;228823;74444;29640;25049;15437;9452;115638;36060;32229;25376;12303;4893;113185;38384;1980;70.0
71;Saône-et-Loire;150158;135849;72565;39485;571150;173093;73033;67988;40009;25874;291052;84148;77125;67861;32556;13611;280098;88945;1980;71.0
72;Sarthe;136562;111160;57522;29386;500500;165870;67310;56429;31687;19625;255618;80567;69252;54731;25835;9761;244882;85303;1980;72.0
73;Savoie;94088;74443;34567;16926;317529;97505;45607;36937;18940;11203;160254;47567;48481;37506;15627;5723;157275;49938;1980;73.0
74;Haute-Savoie;154054;106884;45606;20172;478804;152088;75609;53038;25364;13340;241330;73979;78445;53846;20242;6832;237474;78109;1980;74.0
75;Paris;771100;536946;300864;164814;2211156;437432;386081;285161;185325;115004;1189353;217782;385019;251785;115539;49810;1021803;219650;1980;75.0
76;Seine-Maritime;353275;263165;120456;57043;1185680;391741;173627;133378;68256;38903;605964;191800;179648;129787;52200;18140;579716;199941;1980;76.0
77;Seine-et-Marne;262536;182277;73677;39921;843611;285200;130137;89020;40876;26201;425565;139331;132399;93257;32801;13720;418046;145869;1980;77.0
78;Yvelines;375212;272257;80202;42289;1159303;389343;186757;133218;45090;29153;583805;189587;188455;139039;35112;13136;575498;199756;1980;78.0
79;Deux-Sèvres;89251;78798;42430;22528;340806;107799;43673;39392;22540;14149;172072;52318;45578;39406;19890;8379;168734;55481;1980;79.0
80;Somme;152651;117179;59328;30874;542285;182253;75025;59107;32990;20019;276648;89507;77626;58072;26338;10855;265637;92746;1980;80.0
81;Tarn;85233;86842;46862;26173;338941;93831;42370;44139;25207;16717;173661;45228;42863;42703;21655;9456;165280;48603;1980;81.0
82;Tarn-et-Garonne;48097;46221;27097;13827;188299;53057;23550;23513;14447;8762;96099;25827;24547;22708;12650;5065;92200;27230;1980;82.0
83;Var;185150;166581;101882;44906;681695;183176;90154;84927;55379;29532;348490;88498;94996;81654;46503;15374;333205;94678;1980;83.0
84;Vaucluse;118906;98058;50530;23934;415291;123863;57919;49407;27739;15559;210820;60196;60987;48651;22791;8375;204471;63667;1980;84.0
85;Vendée;125223;106094;57522;28370;472725;155516;60891;53483;31558;18718;240465;75815;64332;52611;25964;9652;232260;79701;1980;85.0
86;Vienne;101183;82393;46202;24957;366876;112141;49629;41319;24695;15870;186745;55232;51554;41074;21507;9087;180131;56909;1980;86.0
87;Haute-Vienne;94836;87097;52046;29110;354457;91368;46918;44144;28446;18852;183188;44828;47918;42953;23600;10258;171269;46540;1980;87.0
88;Vosges;108607;90139;46295;22908;396341;128392;52383;45642;26623;15638;202853;62567;56224;44497;19672;7270;193488;65825;1980;88.0
89;Yonne;79984;67948;43810;25206;307130;90182;38302;33578;23760;15908;155336;43788;41682;34370;20050;9298;151794;46394;1980;89.0
90;Territoire de Belfort;39429;30153;12777;6463;130772;41950;18909;14901;7359;4379;65813;20265;20520;15252;5418;2084;64959;21685;1980;90.0
91;Essonne;313698;224145;64758;36520;966809;327688;155873;109146;36412;24910;486049;159708;157825;114999;28346;11610;480760;167980;1980;91.0
92;Hauts-de-Seine;460216;362174;141233;72350;1400547;364574;227449;182558;82514;50380;722453;179552;232767;179616;58719;21970;678094;185022;1980;92.0
93;Seine-Saint-Denis;429135;320782;105341;51683;1319560;412619;209806;157796;60451;35519;665264;201692;219329;162986;44890;16164;654296;210927;1980;93.0
94;Val-de-Marne;389275;296288;105289;58062;1197530;348616;192678;150073;60899;40409;615193;171134;196597;146215;44390;17653;582337;177482;1980;94.0
95;Val-d'Oise;289460;206447;63717;34412;893760;299724;144051;101593;36031;23580;451525;146270;145409;104854;27686;10832;442235;153454;1980;95.0
2B;Haute-Corse;37482;31370;18208;8497;128714;33157;15288;14957;9737;5544;61514;15988;22194;16413;8471;2953;67200;17169;1979;
2A;Corse-du-Sud;29976;25429;15647;6858;105091;27181;13165;12392;8418;4647;51993;13371;16811;13037;7229;2211;53098;13810;1979;
01;Ain;116298;89428;44775;21921;398343;125921;55610;43457;24487;14323;199192;61315;60688;45971;20288;7598;199151;64606;1979;1.0
02;Aisne;146981;119771;57905;29217;533396;179522;71145;59729;32362;18862;269428;87330;75836;60042;25543;10355;263968;92192;1979;2.0
03;Allier;92349;92007;55921;29330;373532;103925;45216;46431;30628;19146;192125;50704;47133;45576;25293;10184;181407;53221;1979;3.0
04;Alpes-de-Haute-Provence;30387;27952;16590;8129;115781;32723;14727;13719;8688;5174;58017;15709;15660;14233;7902;2955;57764;17014;1979;4.0
05;Hautes-Alpes;28702;23940;13426;6351;101664;29245;13932;11677;7059;4077;50774;14029;14770;12263;6367;2274;50890;15216;1979;5.0
06;Alpes-Maritimes;219241;208259;147020;76315;850607;199772;109999;109480;84418;49323;451148;97928;109242;98779;62602;26992;399459;101844;1979;6.0
07;Ardèche;67712;62528;36598;18913;262858;77107;32907;30909;20194;12650;133983;37323;34805;31619;16404;6263;128875;39784;1979;7.0
08;Ardennes;82836;68674;32023;15581;305352;106238;39606;34101;17693;10223;153452;51829;43230;34573;14330;5358;151900;54409;1979;8.0
09;Ariège;31734;34272;23225;12826;136535;34478;15198;17150;12225;7913;69247;16761;16536;17122;11000;4913;67288;17717;1979;9.0
10;Aube;81362;63275;34487;18163;287238;89951;39497;31804;19020;11767;145787;43699;41865;31471;15467;6396;141451;46252;1979;10.0
11;Aude;65496;69645;45004;24231;276578;72202;31976;35714;24185;15183;141643;34585;33520;33931;20819;9048;134935;37617;1979;11.0
12;Aveyron;67587;68706;44231;21938;278503;76041;32777;34387;23712;14036;142054;37142;34810;34319;20519;7902;136449;38899;1979;12.0
13;Bouches-du-Rhône;491988;403472;198627;90570;1682148;497491;242865;202694;110285;60591;859092;242657;249123;200778;88342;29979;823056;254834;1979;13.0
14;Calvados;168494;124994;58775;26457;576066;197346;83588;63977;33525;18520;296175;96565;84906;61017;25250;7937;279891;100781;1979;14.0
15;Cantal;40964;39511;24121;11479;164634;48559;19374;19427;13045;7431;82995;23718;21590;20084;11076;4048;81639;24841;1979;15.0
16;Charente;88251;80744;46111;23625;339339;100608;43527;40574;25083;15430;173861;49247;44724;40170;21028;8195;165478;51361;1979;16.0
17;Charente-Maritime;129881;118917;70505;34541;505996;152152;63917;60510;37970;22387;259001;74217;65964;58407;32535;12154;246995;77935;1979;17.0
18;Cher;84037;73069;44846;22970;318098;93176;40336;36210;24515;14885;161653;45707;43701;36859;20331;8085;156445;47469;1979;18.0
19;Corrèze;59050;60443;39390;19849;241171;62439;28641;30625;21353;12794;123711;30298;30409;29818;18037;7055;117460;32141;1979;19.0
21;Côte-d'Or;137432;101190;50761;25947;465375;150045;67653;50904;27768;17111;237434;73998;69779;50286;22993;8836;227941;76047;1979;21.0
22;Côtes-d'Armor;132069;127946;75669;32191;532879;165004;63925;64906;42840;22505;274212;80036;68144;63040;32829;9686;258667;84968;1979;22.0
23;Creuse;30644;36148;26428;15225;142814;34369;14367;17814;14237;9811;73009;16780;16277;18334;12191;5414;69805;17589;1979;23.0
24;Dordogne;89150;95319;61551;30039;375308;99249;43872;48239;32792;19516;192554;48135;45278;47080;28759;10523;182754;51114;1979;24.0
25;Doubs;145248;101528;44032;18856;473906;164242;70137;50389;24622;12587;238561;80826;75111;51139;19410;6269;235345;83416;1979;25.0
26;Drôme;104570;86746;45492;22240;376067;117019;51496;43673;24982;14602;191577;56824;53074;43073;20510;7638;184490;60195;1979;26.0
27;Eure;128251;95728;46744;21800;443673;151150;62523;47269;25650;14552;223933;73939;65728;48459;21094;7248;219740;77211;1979;27.0
28;Eure-et-Loir;99567;75506;40697;19595;349754;114389;48415;37272;21776;12434;175302;55405;51152;38234;18921;7161;174452;58984;1979;28.0
29;Finistère;210571;194934;111965;46691;817026;252865;101717;100168;64091;31672;420901;123253;108854;94766;47874;15019;396125;129612;1979;29.0
30;Gard;137319;125584;68504;34191;512813;147215;67490;63814;37277;22747;262928;71600;69829;61770;31227;11444;249885;75615;1979;30.0
31;Haute-Garonne;243279;188341;93823;44911;802606;232252;121513;96340;51261;29325;412331;113892;121766;92001;42562;15586;390275;118360;1979;31.0
32;Gers;41844;45019;27762;14032;174900;46243;20376;22100;14321;8759;87979;22423;21468;22919;13441;5273;86921;23820;1979;32.0
33;Gironde;316123;255257;133573;70149;1096876;321774;158456;131031;75039;47740;570185;157919;157667;124226;58534;22409;526691;163855;1979;33.0
34;Hérault;187576;159011;92411;46368;678453;193087;93902;82342;50719;30246;352081;94872;93674;76669;41692;16122;326372;98215;1979;34.0
35;Ille-et-Vilaine;207939;162770;80049;33235;727871;243878;103618;83322;45872;23572;376186;119802;104321;79448;34177;9663;351685;124076;1979;35.0
36;Indre;60485;58117;37865;20106;245904;69331;28884;29133;20303;12835;125010;33855;31601;28984;17562;7271;120894;35476;1979;36.0
37;Indre-et-Loire;139079;108109;58777;30221;493654;157468;69281;54788;32006;19826;253584;77683;69798;53321;26771;10395;240070;79785;1979;37.0
38;Isère;275420;202794;89750;41740;900657;290953;134739;100312;50424;28160;455470;141835;140681;102482;39326;13580;445187;149118;1979;38.0
39;Jura;63739;55246;31019;14982;240882;75896;30789;27786;16918;9746;122213;36974;32950;27460;14101;5236;118669;38922;1979;39.0
40;Landes;73837;72060;42615;21407;293227;83308;36245;36144;23224;14159;150207;40435;37592;35916;19391;7248;143020;42873;1979;40.0
41;Loir-et-Cher;75546;65303;40297;21310;290853;88397;36830;32632;21780;13670;147890;42978;38716;32671;18517;7640;142963;45419;1979;41.0
42;Loire;203396;175484;87967;42588;740300;230865;99718;88897;49774;29406;380867;113072;103678;86587;38193;13182;359433;117793;1979;42.0
43;Haute-Loire;51297;49422;29514;15922;205788;59633;24471;24762;16322;10522;105056;28979;26826;24660;13192;5400;100732;30654;1979;43.0
44;Loire-Atlantique;275074;216711;99680;46632;967252;329155;137560;111172;57119;33072;499452;160529;137514;105539;42561;13560;467800;168626;1979;44.0
45;Loiret;150320;112904;59744;29525;513944;161451;73576;56489;32302;18930;260455;79158;76744;56415;27442;10595;253489;82293;1979;45.0
46;Lot;36781;37936;25168;12528;152669;40256;17988;19104;13476;8059;78191;19564;18793;18832;11692;4469;74478;20692;1979;46.0
47;Lot-et-Garonne;74701;73220;43641;21296;295535;82677;37002;37165;23175;13694;151518;40482;37699;36055;20466;7602;144017;42195;1979;47.0
48;Lozère;19023;17123;11461;5960;74460;20893;8874;8277;6131;3807;37263;10174;10149;8846;5330;2153;37197;10719;1979;48.0
49;Maine-et-Loire;180203;137641;68618;35143;653800;232195;89412;70455;38249;23423;335496;113957;90791;67186;30369;11720;318304;118238;1979;49.0
50;Manche;116904;110223;57648;23838;459164;150551;56688;55902;32728;17197;236201;73686;60216;54321;24920;6641;222963;76865;1979;50.0
51;Marne;163183;113621;53022;25922;536583;180835;79588;56651;29848;17038;271849;88724;83595;56970;23174;8884;264734;92111;1979;51.0
52;Haute-Marne;57338;46655;24282;11738;211190;71177;27264;23100;13188;7745;105837;34540;30074;23555;11094;3993;105353;36637;1979;52.0
53;Mayenne;70001;61004;31876;14081;267197;90235;34621;30896;17973;9797;137321;44034;35380;30108;13903;4284;129876;46201;1979;53.0
54;Meurthe-et-Moselle;214377;164345;71995;32398;718640;235525;103952;82533;41012;21855;364895;115543;110425;81812;30983;10543;353745;119982;1979;54.0
55;Meuse;53830;45918;24093;11964;201862;66057;25718;22883;13473;7907;101881;31900;28112;23035;10620;4057;99981;34157;1979;55.0
56;Morbihan;149789;136271;73649;28842;578529;189978;72150;69126;42092;19935;295590;92287;77639;67145;31557;8907;282939;97691;1979;56.0
57;Moselle;298086;235740;91370;35442;1005020;344382;143437;116234;51156;23376;502384;168181;154649;119506;40214;12066;502636;176201;1979;57.0
58;Nièvre;59382;56534;37626;20841;242287;67904;28658;28307;20526;13485;123941;32965;30724;28227;17100;7356;118346;34939;1979;58.0
59;Nord;718680;556944;242242;114287;2509918;877765;351832;282432;141098;77821;1283096;429913;366848;274512;101144;36466;1226822;447852;1979;59.0
60;Oise;192312;133799;58464;29626;635413;221212;92479;64969;32250;19525;316956;107733;99833;68830;26214;10101;318457;113479;1979;60.0
61;Orne;77032;68404;35054;16465;294484;97529;37577;34391;19584;11333;150572;47687;39455;34013;15470;5132;143912;49842;1979;61.0
62;Pas-de-Calais;380831;320333;150681;62992;1406273;491436;186206;164189;87519;42952;721391;240525;194625;156144;63162;20040;684882;250911;1979;62.0
63;Puy-de-Dôme;171263;139672;68109;33343;587749;175362;83127;69866;37819;22484;299179;85883;88136;69806;30290;10859;288570;89479;1979;63.0
64;Pyrénées-Atlantiques;141372;131531;76351;37225;546040;159561;70605;66776;42320;24779;282782;78302;70767;64755;34031;12446;263258;81259;1979;64.0
65;Hautes-Pyrénées;58514;57588;33054;15369;227209;62684;28975;29251;17862;10189;116678;30401;29539;28337;15192;5180;110531;32283;1979;65.0
66;Pyrénées-Orientales;74551;80596;53528;23763;318277;85839;37918;41842;28764;14951;165101;41626;36633;38754;24764;8812;153176;44213;1979;66.0
67;Bas-Rhin;271905;201264;97609;42459;898888;285651;130696;103107;57295;28383;460084;140603;141209;98157;40314;14076;438804;145048;1979;67.0
68;Haut-Rhin;192334;148169;66347;31105;642253;204298;92008;74757;39269;21306;327113;99773;100326;73412;27078;9799;315140;104525;1979;68.0
69;Rhône;440000;331947;144379;68407;1435584;450851;217612;166822;83826;47318;736668;221090;222388;165125;60553;21089;698916;229761;1979;69.0
70;Haute-Saône;60619;49560;28638;13977;227352;74558;28950;24656;15949;9223;114900;36122;31669;24904;12689;4754;112452;38436;1979;70.0
71;Saône-et-Loire;148544;134409;74673;38450;570742;174666;72162;67141;41156;25256;290720;85005;76382;67268;33517;13194;280022;89661;1979;71.0
72;Sarthe;133953;109767;58613;28505;498605;167767;66026;55737;32345;19127;254742;81507;67927;54030;26268;9378;243863;86260;1979;72.0
73;Savoie;91942;73292;35140;16425;314843;98044;44403;36352;19225;10888;158813;47945;47539;36940;15915;5537;156030;50099;1979;73.0
74;Haute-Savoie;150907;104411;46016;19430;472146;151382;73685;51848;25547;12908;237742;73754;77222;52563;20469;6522;234404;77628;1979;74.0
75;Paris;771450;540973;315182;162144;2229529;439780;384319;288714;193411;113511;1199171;219216;387131;252259;121771;48633;1030358;220564;1979;75.0
76;Seine-Maritime;347835;261107;122603;55339;1182570;395686;170855;132271;69383;37826;604193;193858;176980;128836;53220;17513;578377;201828;1979;76.0
77;Seine-et-Marne;254083;176240;74734;38698;824625;280870;125537;85988;41438;25438;415615;137214;128546;90252;33296;13260;409010;143656;1979;77.0
78;Yvelines;369091;264582;81221;40822;1142848;387132;183275;129312;45604;28245;574930;188494;185816;135270;35617;12577;567918;198638;1979;78.0
79;Deux-Sèvres;87498;77737;43577;21927;339882;109143;42803;38797;23134;13865;171594;52995;44695;38940;20443;8062;168288;56148;1979;79.0
80;Somme;150222;116108;60828;30349;541772;184265;73786;58449;33839;19688;276325;90563;76436;57659;26989;10661;265447;93702;1979;80.0
81;Tarn;84025;86088;48308;25398;338797;94978;41797;43643;26042;16266;173524;45776;42228;42445;22266;9132;165273;49202;1979;81.0
82;Tarn-et-Garonne;47015;45642;27842;13389;187366;53478;23107;23157;14835;8528;95653;26026;23908;22485;13007;4861;91713;27452;1979;82.0
83;Var;180001;163236;101633;43143;669878;181865;87453;83141;55301;28468;342139;87776;92548;80095;46332;14675;327739;94089;1979;83.0
84;Vaucluse;116089;96470;50832;23239;409938;123308;56385;48654;27888;15111;207991;59953;59704;47816;22944;8128;201947;63355;1979;84.0
85;Vendée;122144;104120;58714;27370;468206;155858;59472;52468;32240;18182;238340;75978;62672;51652;26474;9188;229866;79880;1979;85.0
86;Vienne;99168;81234;47382;24158;364983;113041;48666;40728;25356;15405;185802;55647;50502;40506;22026;8753;179181;57394;1979;86.0
87;Haute-Vienne;93420;86611;53537;28396;354112;92148;46087;43802;29284;18525;182882;45184;47333;42809;24253;9871;171230;46964;1979;87.0
88;Vosges;107719;88860;47911;22119;396648;130039;51735;45069;27548;15156;202929;63421;55984;43791;20363;6963;193719;66618;1979;88.0
89;Yonne;78589;66900;45015;24583;305632;90545;37510;33131;24360;15538;154491;43952;41079;33769;20655;9045;151141;46593;1979;89.0
90;Territoire de Belfort;38961;29679;13173;6277;130262;42172;18571;14654;7602;4244;65463;20392;20390;15025;5571;2033;64799;21780;1979;90.0
91;Essonne;310183;217575;65349;35420;956940;328413;153892;105911;36685;24174;480820;160158;156291;111664;28664;11246;476120;168255;1979;91.0
92;Hauts-de-Seine;459291;363058;144987;70450;1407750;369964;225690;183220;84712;49019;725023;182382;233601;179838;60275;21431;682727;187582;1979;92.0
93;Seine-Saint-Denis;424368;320094;107828;50462;1319168;416416;206503;157601;61797;34635;663788;203252;217865;162493;46031;15827;655380;213164;1979;93.0
94;Val-de-Marne;387987;294807;107723;56992;1200664;353155;191287;149421;62179;39696;616250;173667;196700;145386;45544;17296;584414;179488;1979;94.0
95;Val-d'Oise;283181;202347;64682;33230;882365;298925;140528;99718;36564;22734;445499;145955;142653;102629;28118;10496;436866;152970;1979;95.0
2A;Corse-du-Sud;29723;24977;15861;6801;104333;26971;12901;12094;8569;4601;51317;13152;16822;12883;7292;2200;53016;13819;1978;
2B;Haute-Corse;37551;30654;18525;8381;128022;32911;14914;14650;9848;5485;60776;15879;22637;16004;8677;2896;67246;17032;1978;
01;Ain;113543;87314;45970;21275;392980;124878;54097;42306;25181;13912;196353;60857;59446;45008;20789;7363;196627;64021;1978;1.0
02;Aisne;144921;117828;60262;28718;533919;182190;69938;58702;33593;18530;269446;88683;74983;59126;26669;10188;264473;93507;1978;2.0
03;Allier;91426;91097;58082;28665;374808;105538;44735;45946;31754;18761;192691;51495;46691;45151;26328;9904;182117;54043;1978;3.0
04;Alpes-de-Haute-Provence;29659;27352;16899;7932;114927;33085;14307;13402;8838;5063;57545;15935;15352;13950;8061;2869;57382;17150;1978;4.0
05;Hautes-Alpes;27929;23512;13661;6165;100572;29305;13525;11439;7171;3966;50209;14108;14404;12073;6490;2199;50363;15197;1978;5.0
06;Alpes-Maritimes;215533;203837;149758;73982;841877;198767;107792;107407;85605;48013;446033;97216;107741;96430;64153;25969;395844;101551;1978;6.0
07;Ardèche;66182;61536;37742;18449;261440;77531;32165;30424;20776;12378;133292;37549;34017;31112;16966;6071;128148;39982;1978;7.0
08;Ardennes;82231;67497;33542;15282;306674;108122;39226;33425;18479;10032;153962;52800;43005;34072;15063;5250;152712;55322;1978;8.0
09;Ariège;31187;34040;24029;12600;136898;35042;14906;17005;12628;7823;69385;17023;16281;17035;11401;4777;67513;18019;1978;9.0
10;Aube;80292;62371;35527;17696;286734;90848;38905;31349;19589;11471;145514;44200;41387;31022;15938;6225;141220;46648;1978;10.0
11;Aude;63562;69234;46441;23638;275783;72908;31158;35471;24882;14928;141398;34959;32404;33763;21559;8710;134385;37949;1978;11.0
12;Aveyron;66775;67894;45631;21363;278594;76931;32324;33960;24434;13738;142110;37654;34451;33934;21197;7625;136484;39277;1978;12.0
13;Bouches-du-Rhône;484077;398242;201293;88281;1669517;497624;238213;199977;111949;59052;851961;242770;245864;198265;89344;29229;817556;254854;1978;13.0
14;Calvados;165310;123025;59975;25508;572295;198477;81907;62908;34168;17964;294095;97148;83403;60117;25807;7544;278200;101329;1978;14.0
15;Cantal;40482;39162;24870;11215;165307;49578;19201;19218;13367;7320;83294;24188;21281;19944;11503;3895;82013;25390;1978;15.0
16;Charente;86442;79787;47512;22866;338965;102358;42601;40020;25816;15006;173553;50110;43841;39767;21696;7860;165412;52248;1978;16.0
17;Charente-Maritime;127196;117235;71902;33613;504081;154135;62592;59581;38668;21876;257864;75147;64604;57654;33234;11737;246217;78988;1978;17.0
18;Cher;82780;72124;46160;22487;317831;94280;39599;35790;25147;14606;161438;46296;43181;36334;21013;7881;156393;47984;1978;18.0
19;Corrèze;58144;59788;40616;19290;241215;63377;28198;30213;21994;12473;123675;30797;29946;29575;18622;6817;117540;32580;1978;19.0
21;Côte-d'Or;135456;99485;52126;25183;463018;150768;66566;49984;28476;16659;235933;74248;68890;49501;23650;8524;227085;76520;1978;21.0
22;Côtes-d'Armor;129665;126275;77551;30903;531240;166846;62691;64039;43827;21783;273299;80959;66974;62236;33724;9120;257941;85887;1978;22.0
23;Creuse;30091;35967;27728;14822;143813;35205;14120;17693;14957;9587;73535;17178;15971;18274;12771;5235;70278;18027;1978;23.0
24;Dordogne;87546;94386;63111;29181;374971;100747;43035;47678;33596;19098;192329;48922;44511;46708;29515;10083;182642;51825;1978;24.0
25;Doubs;144648;99733;44981;18199;473541;165980;69485;49536;25106;12192;238012;81693;75163;50197;19875;6007;235529;84287;1978;25.0
26;Drôme;102243;84854;46565;21597;372333;117074;50281;42740;25520;14219;189630;56870;51962;42114;21045;7378;182703;60204;1978;26.0
27;Eure;124857;93606;47723;21157;438373;151030;60644;46259;26137;14175;221184;73969;64213;47347;21586;6982;217189;77061;1978;27.0
28;Eure-et-Loir;97277;73853;41477;19055;346042;114380;47100;36490;22132;12140;173267;55405;50177;37363;19345;6915;172775;58975;1978;28.0
29;Finistère;206449;192704;114723;45193;813911;254842;99882;98953;65543;30750;419463;124335;106567;93751;49180;14443;394448;130507;1978;29.0
30;Gard;133778;123893;69722;33265;508339;147681;65514;62871;38097;22152;260605;71971;68264;61022;31625;11113;247734;75710;1978;30.0
31;Haute-Garonne;239424;185631;95628;43683;796513;232147;119654;95030;52182;28620;409208;113722;119770;90601;43446;15063;387305;118425;1978;31.0
32;Gers;41205;44358;28727;13627;175219;47302;20083;21705;14810;8559;88107;22950;21122;22653;13917;5068;87112;24352;1978;32.0
33;Gironde;309027;251901;136800;68495;1088355;322132;154703;129271;76995;46735;565752;158048;154324;122630;59805;21760;522603;164084;1978;33.0
34;Hérault;183396;156383;93845;45354;671090;192112;91744;80933;51530;29703;348117;94207;91652;75450;42315;15651;322973;97905;1978;34.0
35;Ille-et-Vilaine;203914;159737;82071;31880;721473;243871;101702;81756;47037;22763;373037;119779;102212;77981;35034;9117;348436;124092;1978;35.0
36;Indre;59884;57526;39080;19673;246754;70591;28568;28767;20913;12623;125393;34522;31316;28759;18167;7050;121361;36069;1978;36.0
37;Indre-et-Loire;136718;105859;60051;29333;490005;158044;68224;53576;32644;19340;251589;77805;68494;52283;27407;9993;238416;80239;1978;37.0
38;Isère;270550;198086;91886;40503;890555;289530;131960;97975;51642;27332;450117;141208;138590;100111;40244;13171;440438;148322;1978;38.0
39;Jura;62841;54458;31923;14561;240582;76799;30331;27368;17319;9557;121920;37345;32510;27090;14604;5004;118662;39454;1978;39.0
40;Landes;72551;70666;43793;20783;292127;84334;35624;35401;23806;13827;149634;40976;36927;35265;19987;6956;142493;43358;1978;40.0
41;Loir-et-Cher;74226;63844;41304;20714;289183;89095;36143;31855;22285;13378;147037;43376;38083;31989;19019;7336;142146;45719;1978;41.0
42;Loire;202231;173650;90806;41494;741316;233135;98831;87917;51304;28764;381085;114269;103400;85733;39502;12730;360231;118866;1978;42.0
43;Haute-Loire;50510;48735;30783;15582;205872;60262;24109;24436;16960;10366;105123;29252;26401;24299;13823;5216;100749;31010;1978;43.0
44;Loire-Atlantique;269600;212170;102256;45152;958981;329803;134791;108811;58651;32123;495316;160940;134809;103359;43605;13029;463665;168863;1978;44.0
45;Loiret;146962;110184;61129;28686;507999;161038;71685;55081;33020;18525;257212;78901;75277;55103;28109;10161;250787;82137;1978;45.0
46;Lot;36005;37296;26009;12142;152320;40868;17647;18748;13916;7853;77998;19834;18358;18548;12093;4289;74322;21034;1978;46.0
47;Lot-et-Garonne;73335;72294;44775;20780;294883;83699;36282;36688;23774;13391;151054;40919;37053;35606;21001;7389;143829;42780;1978;47.0
48;Lozère;18693;16961;11831;5853;74496;21158;8711;8174;6333;3768;37294;10308;9982;8787;5498;2085;37202;10850;1978;48.0
49;Maine-et-Loire;176416;134680;70448;34206;647908;232158;87578;68835;39243;22910;332709;114143;88838;65845;31205;11296;315199;118015;1978;49.0
50;Manche;114184;108799;58966;22848;457339;152542;55527;55102;33500;16626;235509;74754;58657;53697;25466;6222;221830;77788;1978;50.0
51;Marne;161523;111523;54625;25308;534917;181938;78503;55565;30687;16657;270671;89259;83020;55958;23938;8651;264246;92679;1978;51.0
52;Haute-Marne;56619;46063;24965;11518;211543;72378;26918;22762;13508;7648;105973;35137;29701;23301;11457;3870;105570;37241;1978;52.0
53;Mayenne;68752;60022;32812;13505;265896;90805;34170;30252;18513;9498;136813;44380;34582;29770;14299;4007;129083;46425;1978;53.0
54;Meurthe-et-Moselle;213727;161722;74641;31480;720078;238508;103316;81035;42443;21195;365068;117079;110411;80687;32198;10285;355010;121429;1978;54.0
55;Meuse;53242;45177;25124;11715;202564;67306;25329;22496;14016;7740;102178;32597;27913;22681;11108;3975;100386;34709;1978;55.0
56;Morbihan;146117;134164;75251;27683;574555;191340;70414;67883;42926;19300;293581;93058;75703;66281;32325;8383;280974;98282;1978;56.0
57;Moselle;294975;231074;94364;34321;1005883;351149;141308;113873;52653;22610;501973;171529;153667;117201;41711;11711;503910;179620;1978;57.0
58;Nièvre;58675;55791;38992;20474;243267;69335;28288;27921;21201;13255;124308;33643;30387;27870;17791;7219;118959;35692;1978;58.0
59;Nord;711195;548094;254636;111758;2510976;885293;347447;277515;147895;76108;1282665;433700;363748;270579;106741;35650;1228311;451593;1978;59.0
60;Oise;188094;130304;60197;28850;628103;220658;89855;63384;33108;19077;312957;107533;98239;66920;27089;9773;315146;113125;1978;60.0
61;Orne;76011;67575;36013;15905;294420;98916;37123;33913;20061;11040;150490;48353;38888;33662;15952;4865;143930;50563;1978;61.0
62;Pas-de-Calais;374440;317568;155010;61262;1406375;498095;183200;162592;89700;41767;721041;243782;191240;154976;65310;19495;685334;254313;1978;62.0
63;Puy-de-Dôme;169289;137520;70281;32607;585699;176002;82076;68649;39074;21993;297953;86161;87213;68871;31207;10614;287746;89841;1978;63.0
64;Pyrénées-Atlantiques;138554;129438;77943;35976;543473;161562;69292;65728;43084;24007;281360;79249;69262;63710;34859;11969;262113;82313;1978;64.0
65;Hautes-Pyrénées;57582;57095;33964;14912;227302;63749;28536;28918;18352;9930;116709;30973;29046;28177;15612;4982;110593;32776;1978;65.0
66;Pyrénées-Orientales;72087;79379;53940;22996;313931;85529;36661;41137;28921;14553;162859;41587;35426;38242;25019;8443;151072;43942;1978;66.0
67;Bas-Rhin;267429;196095;101974;41085;894737;288154;128134;100742;59562;27453;457727;141836;139295;95353;42412;13632;437010;146318;1978;67.0
68;Haut-Rhin;189919;144369;69705;30215;640591;206383;90472;72957;41160;20664;326036;100783;99447;71412;28545;9551;314555;105600;1978;68.0
69;Rhône;437560;327610;148790;66358;1433904;453586;215474;164585;86376;46071;734874;222368;222086;163025;62414;20287;699030;231218;1978;69.0
70;Haute-Saône;59387;48724;29522;13637;226113;74843;28208;24285;16391;9051;114246;36311;31179;24439;13131;4586;111867;38532;1978;70.0
71;Saône-et-Loire;146507;132743;76972;37523;570781;177036;70895;66338;42357;24713;290627;86324;75612;66405;34615;12810;280154;90712;1978;71.0
72;Sarthe;131491;108167;59954;27479;496688;169597;64857;54918;33083;18607;253947;82482;66634;53249;26871;8872;242741;87115;1978;72.0
73;Savoie;90206;71825;36053;15880;312475;98511;43532;35522;19773;10495;157463;48141;46674;36303;16280;5385;155012;50370;1978;73.0
74;Haute-Savoie;147883;101804;46673;18671;465899;150868;71860;50628;25848;12415;234307;73556;76023;51176;20825;6256;231592;77312;1978;74.0
75;Paris;773609;544489;330993;159828;2249644;440725;383953;292083;202507;112075;1209873;219255;389656;252406;128486;47753;1039771;221470;1978;75.0
76;Seine-Maritime;343181;258287;125465;53647;1180672;400092;168330;130818;70835;36778;602764;196003;174851;127469;54630;16869;577908;204089;1978;76.0
77;Seine-et-Marne;246244;170199;76474;37382;807158;276859;121118;83055;42294;24642;406445;135336;125126;87144;34180;12740;400713;141523;1978;77.0
78;Yvelines;363381;256670;82765;39413;1126479;384250;179462;125478;46607;27278;566077;187252;183919;131192;36158;12135;560402;196998;1978;78.0
79;Deux-Sèvres;85998;76491;44863;21330;339064;110382;42095;38169;23687;13619;171189;53619;43903;38322;21176;7711;167875;56763;1978;79.0
80;Somme;147930;114403;62983;29764;541247;186167;72427;57581;34931;19404;275923;91580;75503;56822;28052;10360;265324;94587;1978;80.0
81;Tarn;82947;85091;49982;24665;338791;96106;41191;43051;26999;15847;173513;46425;41756;42040;22983;8818;165278;49681;1978;81.0
82;Tarn-et-Garonne;45910;44986;28637;13049;186553;53971;22533;22774;15302;8334;95186;26243;23377;22212;13335;4715;91367;27728;1978;82.0
83;Var;175243;159605;101861;41456;659141;180976;84951;81096;55452;27369;336342;87474;90292;78509;46409;14087;322799;93502;1978;83.0
84;Vaucluse;113296;94525;51571;22581;405097;123124;54941;47638;28198;14759;205358;59822;58355;46887;23373;7822;199739;63302;1978;84.0
85;Vendée;119149;101758;60248;26314;463787;156318;58040;51232;33026;17660;236242;76284;61109;50526;27222;8654;227545;80034;1978;85.0
86;Vienne;97238;80027;48668;23441;363203;113829;47814;40048;26001;15049;184869;55957;49424;39979;22667;8392;178334;57872;1978;86.0
87;Haute-Vienne;92192;85654;55321;27717;353800;92916;45382;43262;30247;18150;182638;45597;46810;42392;25074;9567;171162;47319;1978;87.0
88;Vosges;106534;87582;49877;21273;397286;132020;51029;44405;28591;14662;203118;64431;55505;43177;21286;6611;194168;67589;1978;88.0
89;Yonne;77261;65532;46528;23930;304352;91101;36682;32494;25119;15159;153795;44341;40579;33038;21409;8771;150557;46760;1978;89.0
90;Territoire de Belfort;38407;29173;13580;6109;129846;42577;18165;14458;7810;4126;65151;20592;20242;14715;5770;1983;64695;21985;1978;90.0
91;Essonne;307258;210586;66607;34164;947769;329154;152366;102296;37359;23349;475783;160413;154892;108290;29248;10815;471986;168741;1978;91.0
92;Hauts-de-Seine;459542;362760;150028;68556;1416243;375357;224650;182909;87579;47924;728182;185120;234892;179851;62449;20632;688061;190237;1978;92.0
93;Seine-Saint-Denis;421494;318089;111441;48977;1319756;419755;204086;156805;63760;33603;662756;204502;217408;161284;47681;15374;657000;215253;1978;93.0
94;Val-de-Marne;387747;292686;111214;55499;1204660;357514;190695;148297;63913;38813;617724;176006;197052;144389;47301;16686;586936;181508;1978;94.0
95;Val-d'Oise;277552;197784;65995;32223;871525;297971;137433;97532;37269;21995;439708;145479;140119;100252;28726;10228;431817;152492;1978;95.0
2B;Haute-Corse;37472;30174;18818;8154;127099;32481;14543;14485;10023;5269;59964;15644;22929;15689;8795;2885;67135;16837;1977;
2A;Corse-du-Sud;29292;24803;16025;6570;103340;26650;12464;12033;8673;4429;50558;12959;16828;12770;7352;2141;52782;13691;1977;
01;Ain;110580;84889;47456;20452;387207;123830;52422;41144;25955;13426;193248;60301;58158;43745;21501;7026;193959;63529;1977;1.0
02;Aisne;142829;115538;63134;27820;533935;184614;68745;57543;35045;17995;269297;89969;74084;57995;28089;9825;264638;94645;1977;2.0
03;Allier;90449;89907;60632;27833;376148;107327;44170;45291;33106;18304;193313;52442;46279;44616;27526;9529;182835;54885;1977;3.0
04;Alpes-de-Haute-Provence;28963;26692;17375;7640;113945;33275;13914;13058;9076;4893;57007;16066;15049;13634;8299;2747;56938;17209;1977;4.0
05;Hautes-Alpes;27084;23031;14031;5929;99433;29358;13062;11184;7380;3829;49637;14182;14022;11847;6651;2100;49796;15176;1977;5.0
06;Alpes-Maritimes;210953;199050;153012;70940;832611;198656;105131;105176;87277;46042;440571;96945;105822;93874;65735;24898;392040;101711;1977;6.0
07;Ardèche;64550;60198;39233;17807;259976;78188;31304;29783;21601;11955;132593;37950;33246;30415;17632;5852;127383;40238;1977;7.0
08;Ardennes;81397;66211;35237;14839;307469;109785;38639;32695;19377;9770;154089;53608;42758;33516;15860;5069;153380;56177;1977;8.0
09;Ariège;30656;33526;25136;12286;137241;35637;14684;16680;13225;7639;69545;17317;15972;16846;11911;4647;67696;18320;1977;9.0
10;Aube;79137;61313;36854;17083;286209;91822;38305;30800;20281;11117;145221;44718;40832;30513;16573;5966;140988;47104;1977;10.0
11;Aude;61735;68186;48225;22938;274608;73524;30357;34870;25824;14578;140960;35331;31378;33316;22401;8360;133648;38193;1977;11.0
12;Aveyron;65632;66867;47425;20574;278584;78086;31793;33441;25322;13323;142101;38222;33839;33426;22103;7251;136483;39864;1977;12.0
13;Bouches-du-Rhône;475724;392215;205484;85225;1656202;497554;232957;196915;114475;57104;844447;242996;242767;195300;91009;28121;811755;254558;1977;13.0
14;Calvados;162165;120419;61501;24601;568308;199622;80271;61563;34927;17478;291958;97719;81894;58856;26574;7123;276350;101903;1977;14.0
15;Cantal;39908;38561;25810;10892;165659;50488;18937;18899;13781;7199;83479;24663;20971;19662;12029;3693;82180;25825;1977;15.0
16;Charente;84777;78398;49276;22014;338272;103807;41730;39310;26722;14532;173099;50805;43047;39088;22554;7482;165173;53002;1977;16.0
17;Charente-Maritime;124392;114966;74036;32359;501921;156168;61133;58359;39712;21242;256663;76217;63259;56607;34324;11117;245258;79951;1977;17.0
18;Cher;81560;70816;47917;21821;317351;95237;38938;35123;26038;14241;161118;46778;42622;35693;21879;7580;156233;48459;1977;18.0
19;Corrèze;57018;58979;42062;18681;241028;64288;27636;29751;22721;12153;123435;31174;29382;29228;19341;6528;117593;33114;1977;19.0
21;Côte-d'Or;133389;97548;53817;24336;460308;151218;65320;48976;29335;16189;234203;74383;68069;48572;24482;8147;226105;76835;1977;21.0
22;Côtes-d'Armor;127424;123574;80106;29567;529349;168678;61562;62581;45260;21030;272298;81865;65862;60993;34846;8537;257051;86813;1977;22.0
23;Creuse;29661;35456;29012;14512;144627;35986;13885;17441;15600;9460;73949;17563;15776;18015;13412;5052;70678;18423;1977;23.0
24;Dordogne;85710;92909;65234;28118;374278;102307;42045;46802;34763;18530;191861;49721;43665;46107;30471;9588;182417;52586;1977;24.0
25;Doubs;144159;97718;46071;17477;472527;167102;68850;48523;25705;11758;237123;82287;75309;49195;20366;5719;235404;84815;1977;25.0
26;Drôme;99898;82699;47852;20876;368561;117236;49099;41561;26223;13825;187683;56975;50799;41138;21629;7051;180878;60261;1977;26.0
27;Eure;121305;91204;49061;20378;433059;151111;58657;45149;26754;13779;218331;73992;62648;46055;22307;6599;214728;77119;1977;27.0
28;Eure-et-Loir;94850;71877;42626;18326;342028;114349;45749;35494;22717;11720;171053;55373;49101;36383;19909;6606;170975;58976;1977;28.0
29;Finistère;201931;189436;118406;43596;810270;256901;97832;97144;67504;29762;417721;125479;104099;92292;50902;13834;392549;131422;1977;29.0
30;Gard;129950;121529;71706;32008;503583;148390;63617;61539;39228;21390;258143;72369;66333;59990;32478;10618;245440;76021;1977;30.0
31;Haute-Garonne;235543;182031;98114;42206;789636;231742;118036;92980;53509;27862;405611;113224;117507;89051;44605;14344;384025;118518;1977;31.0
32;Gers;40602;43632;29907;13096;175382;48145;19697;21360;15338;8329;88180;23456;20905;22272;14569;4767;87202;24689;1977;32.0
33;Gironde;301649;247666;141102;66447;1079046;322182;150826;127153;79315;45624;560950;158032;150823;120513;61787;20823;518096;164150;1977;33.0
34;Hérault;179149;153096;95915;43968;662975;190847;89763;79177;52611;28966;343889;93372;89386;73919;43304;15002;319086;97475;1977;34.0
35;Ille-et-Vilaine;200164;155713;84739;30608;714814;243590;99754;79791;48597;21951;369826;119733;100410;75922;36142;8657;344988;123857;1977;35.0
36;Indre;58950;56651;40693;19062;247389;72033;28190;28283;21701;12334;125681;35173;30760;28368;18992;6728;121708;36860;1977;36.0
37;Indre-et-Loire;134391;103179;61613;28317;486110;158610;66963;52267;33413;18796;249474;78035;67428;50912;28200;9521;236636;80575;1977;37.0
38;Isère;265333;193005;94491;38953;880010;288228;129061;95486;53068;26304;444454;140535;136272;97519;41423;12649;435556;147693;1977;38.0
39;Jura;61733;53514;33090;14066;240081;77678;29685;26884;17889;9291;121549;37800;32048;26630;15201;4775;118532;39878;1977;39.0
40;Landes;70997;69162;45316;19936;290778;85367;34946;34518;24581;13381;148935;41509;36051;34644;20735;6555;141843;43858;1977;40.0
41;Loir-et-Cher;72597;62191;42577;19959;287234;89910;35306;31023;22873;13026;146014;43786;37291;31168;19704;6933;141220;46124;1977;41.0
42;Loire;200858;171334;94272;40070;741546;235012;97836;86707;53261;27883;380864;115177;103022;84627;41011;12187;360682;119835;1977;42.0
43;Haute-Loire;49611;47671;32366;15121;205667;60898;23664;23939;17757;10134;105096;29602;25947;23732;14609;4987;100571;31296;1977;43.0
44;Loire-Atlantique;264071;207081;105321;43765;950393;330155;131968;106070;60468;31229;491023;161288;132103;101011;44853;12536;459370;168867;1977;44.0
45;Loiret;143632;107020;62898;27641;501410;160219;69922;53467;33889;18012;253634;78344;73710;53553;29009;9629;247776;81875;1977;45.0
46;Lot;35259;36410;27020;11673;151728;41366;17248;18283;14410;7643;77707;20123;18011;18127;12610;4030;74021;21243;1977;46.0
47;Lot-et-Garonne;71940;71086;46160;20116;294141;84839;35495;36055;24508;13021;150662;41583;36445;35031;21652;7095;143479;43256;1977;47.0
48;Lozère;18418;16687;12334;5695;74601;21467;8608;8047;6545;3717;37354;10437;9810;8640;5789;1978;37247;11030;1977;48.0
49;Maine-et-Loire;172480;131222;72842;33148;641492;231800;85710;67046;40525;22361;329556;113914;86770;64176;32317;10787;311936;117886;1977;49.0
50;Manche;111843;106605;60629;21976;455612;154559;54516;53968;34470;16080;234869;75835;57327;52637;26159;5896;220743;78724;1977;50.0
51;Marne;159703;109222;56636;24436;533086;183089;77397;54366;31769;16107;269513;89874;82306;54856;24867;8329;263573;93215;1977;51.0
52;Haute-Marne;56014;45134;26041;11070;211744;73485;26528;22339;14035;7412;106027;35713;29486;22795;12006;3658;105717;37772;1977;52.0
53;Mayenne;67310;58641;33948;12976;264429;91554;33480;29532;19096;9218;136110;44784;33830;29109;14852;3758;128319;46770;1977;53.0
54;Meurthe-et-Moselle;212479;158627;77698;30364;720599;241431;102084;79480;44024;20465;364762;118709;110395;79147;33674;9899;355837;122722;1977;54.0
55;Meuse;52553;44412;26226;11448;203117;68478;24998;22087;14575;7568;102404;33176;27555;22325;11651;3880;100713;35302;1977;55.0
56;Morbihan;142935;131135;77301;26665;570899;192863;69032;66160;44042;18698;291745;93813;73903;64975;33259;7967;279154;99050;1977;56.0
57;Moselle;291440;225917;97828;33029;1005648;357434;138928;111227;54437;21707;501058;174759;152512;114690;43391;11322;504590;182675;1977;57.0
58;Nièvre;57907;54968;40546;19883;243920;70616;27813;27546;21942;12954;124536;34281;30094;27422;18604;6929;119384;36335;1977;58.0
59;Nord;702702;536899;269107;108800;2510107;892599;342389;271537;155488;74298;1281124;437412;360313;265362;113619;34502;1228983;455187;1977;59.0
60;Oise;183745;126564;62194;27849;620280;219928;87296;61595;34160;18489;308641;107101;96449;64969;28034;9360;311639;112827;1977;60.0
61;Orne;74967;66177;37172;15393;294054;100345;36613;33217;20668;10749;150329;49082;38354;32960;16504;4644;143725;51263;1977;61.0
62;Pas-de-Calais;367902;312963;160983;59182;1405182;504152;179999;160054;92684;40480;720119;246902;187903;152909;68299;18702;685063;257250;1977;62.0
63;Puy-de-Dôme;166952;134818;73194;31562;583725;177199;80891;67195;40607;21408;296804;86703;86061;67623;32587;10154;286921;90496;1977;63.0
64;Pyrénées-Atlantiques;135898;126912;79904;34509;540382;163159;68022;64361;44064;23161;279701;80093;67876;62551;35840;11348;260681;83066;1977;64.0
65;Hautes-Pyrénées;56596;56424;35082;14362;227250;64786;28088;28507;18939;9649;116658;31475;28508;27917;16143;4713;110592;33311;1977;65.0
66;Pyrénées-Orientales;69648;77528;54558;22185;308876;84957;35502;40103;29207;14103;160229;41314;34146;37425;25351;8082;148647;43643;1977;66.0
67;Bas-Rhin;262928;190745;106657;39346;890110;290434;125543;98272;62079;26240;454957;142823;137385;92473;44578;13106;435153;147611;1977;67.0
68;Haut-Rhin;186969;140841;73176;29192;638481;208303;88587;71364;42986;20014;324776;101825;98382;69477;30190;9178;313705;106478;1977;68.0
69;Rhône;435749;322003;153758;64167;1431537;455860;213591;161749;89255;44714;732683;223374;222158;160254;64503;19453;698854;232486;1977;69.0
70;Haute-Saône;58032;47584;30757;13223;224807;75211;27415;23759;17032;8836;113564;36522;30617;23825;13725;4387;111243;38689;1977;70.0
71;Saône-et-Loire;144565;130238;80039;36342;570384;179200;69802;65090;43842;24127;290284;87423;74763;65148;36197;12215;280100;91777;1977;71.0
72;Sarthe;129093;105774;61748;26486;494670;171569;63699;53689;34107;18018;252997;83484;65394;52085;27641;8468;241673;88085;1977;72.0
73;Savoie;88315;70354;37076;15269;309770;98756;42548;34715;20312;10111;155940;48254;45767;35639;16764;5158;153830;50502;1977;73.0
74;Haute-Savoie;144785;98957;47617;17878;459250;150013;70108;49201;26283;11915;230634;73127;74677;49756;21334;5963;228616;76886;1977;74.0
75;Paris;773235;546070;349127;156066;2267113;442615;381834;294412;212984;109740;1219179;220209;391401;251658;136143;46326;1047934;222406;1977;75.0
76;Seine-Maritime;338305;254306;129181;51639;1177709;404278;165599;128730;72806;35557;600884;198192;172706;125576;56375;16082;576825;206086;1977;76.0
77;Seine-et-Marne;238554;163436;78646;35772;788101;271693;116887;79759;43397;23663;396472;132766;121667;83677;35249;12109;391629;138927;1977;77.0
78;Yvelines;357830;247740;84985;37879;1109435;381001;176019;121192;47765;26335;556947;185636;181811;126548;37220;11544;552488;195365;1977;78.0
79;Deux-Sèvres;84380;74897;46538;20592;337952;111545;41223;37352;24567;13224;170660;54294;43157;37545;21971;7368;167292;57251;1977;79.0
80;Somme;145573;112446;65526;28809;540249;187895;71207;56533;36292;18830;275382;92520;74366;55913;29234;9979;264867;95375;1977;80.0
81;Tarn;81756;83566;52165;23688;338521;97346;40583;42205;28197;15296;173378;47097;41173;41361;23968;8392;165143;50249;1977;81.0
82;Tarn-et-Garonne;44779;44036;29596;12588;185441;54442;22000;22252;15801;8084;94599;26462;22779;21784;13795;4504;90842;27980;1977;82.0
83;Var;169816;155261;102534;39638;647299;180050;81984;78796;55811;26250;329889;87048;87832;76465;46723;13388;317410;93002;1977;83.0
84;Vaucluse;110467;92144;52788;21667;400019;122953;53406;46456;28818;14232;202724;59812;57061;45688;23970;7435;197295;63141;1977;84.0
85;Vendée;116176;98764;62292;25211;459245;156802;56512;49697;34152;17079;233993;76553;59664;49067;28140;8132;225252;80249;1977;85.0
86;Vienne;95329;78287;50373;22575;361113;114549;46863;39130;26829;14647;183805;56336;48466;39157;23544;7928;177308;58213;1977;86.0
87;Haute-Vienne;90784;84405;57535;26804;353316;93788;44567;42564;31427;17691;182296;46047;46217;41841;26108;9113;171020;47741;1977;87.0
88;Vosges;105466;85790;51977;20479;397496;133784;50392;43437;29804;14163;203167;65371;55074;42353;22173;6316;194329;68413;1977;88.0
89;Yonne;75741;63963;48393;23033;302712;91582;35741;31756;26022;14700;152890;44671;40000;32207;22371;8333;149822;46911;1977;89.0
90;Territoire de Belfort;37967;28594;14098;5864;129213;42690;17864;14158;8095;3976;64726;20633;20103;14436;6003;1888;64487;22057;1977;90.0
91;Essonne;304601;202921;68384;32835;937493;328752;150821;98583;38235;22511;470371;160221;153780;104338;30149;10324;467122;168531;1977;91.0
92;Hauts-de-Seine;460017;360581;156068;66475;1423064;379923;223971;181767;90906;46627;730443;187172;236046;178814;65162;19848;692621;192751;1977;92.0
93;Seine-Saint-Denis;418904;314528;115910;47178;1319122;422602;202081;154748;66191;32413;661215;205782;216823;159780;49719;14765;657907;216820;1977;93.0
94;Val-de-Marne;387167;289346;115615;53857;1207213;361228;189983;146503;66157;37887;618438;177908;197184;142843;49458;15970;588775;183320;1977;94.0
95;Val-d'Oise;272059;192269;68280;30757;859691;296326;134243;94723;38508;21052;433379;144853;137816;97546;29772;9705;426312;151473;1977;95.0
2B;Haute-Corse;37628;29673;18736;8169;126260;32054;14342;14258;9997;5250;59156;15309;23286;15415;8739;2919;67104;16745;1976;
2A;Corse-du-Sud;28844;24345;16126;6567;102350;26468;12070;11798;8741;4416;49767;12742;16774;12547;7385;2151;52583;13726;1976;
01;Ain;107766;82110;49288;19550;381326;122612;50825;39800;26885;12922;190079;59647;56941;42310;22403;6628;191247;62965;1976;1.0
02;Aisne;140637;113284;65871;27190;534270;187288;67423;56434;36400;17626;269327;91444;73214;56850;29471;9564;264943;95844;1976;2.0
03;Allier;89475;88409;63329;27212;377645;109220;43696;44468;34440;18027;194040;53409;45779;43941;28889;9185;183605;55811;1976;3.0
04;Alpes-de-Haute-Provence;28475;25889;17884;7379;112975;33348;13643;12669;9350;4728;56476;16086;14832;13220;8534;2651;56499;17262;1976;4.0
05;Hautes-Alpes;26341;22567;14378;5713;98349;29350;12650;10956;7567;3702;49051;14176;13691;11611;6811;2011;49298;15174;1976;5.0
06;Alpes-Maritimes;206887;194247;155850;68432;823536;198120;102680;102733;88739;44476;435176;96548;104207;91514;67111;23956;388360;101572;1976;6.0
07;Ardèche;63101;58685;40930;17241;258560;78603;30532;29048;22521;11616;131969;38252;32569;29637;18409;5625;126591;40351;1976;7.0
08;Ardennes;80629;64981;36975;14429;308495;111481;38205;31993;20229;9560;154361;54374;42424;32988;16746;4869;154134;57107;1976;8.0
09;Ariège;30182;32860;26302;11987;137545;36214;14494;16304;13775;7529;69683;17581;15688;16556;12527;4458;67862;18633;1976;9.0
10;Aube;78119;60167;38301;16498;285689;92604;37743;30233;21028;10771;144904;45129;40376;29934;17273;5727;140785;47475;1976;10.0
11;Aude;60227;66924;50255;22239;273721;74076;29700;34193;26838;14304;140665;35630;30527;32731;23417;7935;133056;38446;1976;11.0
12;Aveyron;64821;65382;49383;19908;278669;79175;31417;32691;26319;12991;142140;38722;33404;32691;23064;6917;136529;40453;1976;12.0
13;Bouches-du-Rhône;467982;384871;210191;82652;1643806;498110;228576;193281;116800;55560;837295;243078;239406;191590;93391;27092;806511;255032;1976;13.0
14;Calvados;158850;117632;63453;23642;564494;200917;78455;60064;35926;16974;289865;98446;80395;57568;27527;6668;274629;102471;1976;14.0
15;Cantal;39288;37994;26855;10669;166306;51500;18597;18623;14246;7122;83794;25206;20691;19371;12609;3547;82512;26294;1976;15.0
16;Charente;83525;76683;51300;21225;337852;105119;40994;38426;27797;14098;172767;51452;42531;38257;23503;7127;165085;53667;1976;16.0
17;Charente-Maritime;121901;112052;76321;31483;500056;158299;59883;56764;40857;20825;255632;77303;62018;55288;35464;10658;244424;80996;1976;17.0
18;Cher;80560;69118;49854;21325;317024;96167;38479;34289;26947;14020;160818;47083;42081;34829;22907;7305;156206;49084;1976;18.0
19;Corrèze;56006;57880;43753;17980;240744;65125;27111;29225;23517;11812;123192;31527;28895;28655;20236;6168;117552;33598;1976;19.0
21;Côte-d'Or;131420;95294;55713;23615;458180;152138;64078;47779;30325;15809;232778;74787;67342;47515;25388;7806;225402;77351;1976;21.0
22;Côtes-d'Armor;125331;120682;82844;28405;527608;170346;60583;60970;46767;20373;271404;82711;64748;59712;36077;8032;256204;87635;1976;22.0
23;Creuse;29355;34829;30493;14203;145630;36750;13699;17111;16342;9362;74522;18008;15656;17718;14151;4841;71108;18742;1976;23.0
24;Dordogne;84375;90882;67710;27176;373871;103728;41341;45731;35981;18094;191569;50422;43034;45151;31729;9082;182302;53306;1976;24.0
25;Doubs;143149;95412;47454;16771;471381;168595;67917;47370;26391;11359;236056;83019;75232;48042;21063;5412;235325;85576;1976;25.0
26;Drôme;97444;80669;49357;20150;365151;117531;47890;40496;26984;13445;185830;57015;49554;40173;22373;6705;179321;60516;1976;26.0
27;Eure;117979;88545;50539;19743;427739;150933;56877;43822;27521;13450;215591;73921;61102;44723;23018;6293;212148;77012;1976;27.0
28;Eure-et-Loir;92471;69891;43989;17646;338372;114375;44403;34496;23367;11393;169030;55371;48068;35395;20622;6253;169342;59004;1976;28.0
29;Finistère;197893;185715;122621;42089;807446;259128;95928;95211;69657;28901;416372;126675;101965;90504;52964;13188;391074;132453;1976;29.0
30;Gard;126516;118620;74024;31040;499279;149079;61811;60001;40508;20858;255969;72791;64705;58619;33516;10182;243310;76288;1976;30.0
31;Haute-Garonne;231212;177770;100626;41042;783123;232473;115602;90903;54755;27266;402229;113703;115610;86867;45871;13776;380894;118770;1976;31.0
32;Gers;40238;42601;31089;12653;175596;49015;19480;20802;15917;8138;88254;23917;20758;21799;15172;4515;87342;25098;1976;32.0
33;Gironde;294227;242452;145774;64926;1069680;322301;146866;124432;81893;44796;556108;158121;147361;118020;63881;20130;513572;164180;1976;33.0
34;Hérault;174535;149385;98414;42553;654849;189962;87330;77175;54115;28099;339681;92962;87205;72210;44299;14454;315168;97000;1976;34.0
35;Ille-et-Vilaine;196072;151488;87787;29601;708632;243684;97655;77552;50322;21383;366902;119990;98417;73936;37465;8218;341730;123694;1976;35.0
36;Indre;58253;55603;42337;18525;248075;73357;27952;27723;22520;12061;125925;35669;30301;27880;19817;6464;122150;37688;1976;36.0
37;Indre-et-Loire;131685;100289;63445;27369;482212;159424;65532;50820;34374;18283;247422;78413;66153;49469;29071;9086;234790;81011;1976;37.0
38;Isère;259986;187688;97154;37731;869354;286795;125885;92981;54383;25511;438688;139928;134101;94707;42771;12220;430666;146867;1976;38.0
39;Jura;60787;52373;34545;13509;239652;78438;29109;26326;18664;8983;121206;38124;31678;26047;15881;4526;118446;40314;1976;39.0
40;Landes;69930;67226;46971;19277;289567;86163;34423;33534;25386;13023;148345;41979;35507;33692;21585;6254;141222;44184;1976;40.0
41;Loir-et-Cher;71285;60313;44086;19229;285457;90544;34641;30013;23670;12631;145057;44102;36644;30300;20416;6598;140400;46442;1976;41.0
42;Loire;199731;168440;98354;38747;742084;236812;97114;85054;55503;27084;380827;116072;102617;83386;42851;11663;361257;120740;1976;42.0
43;Haute-Loire;48841;46531;34026;14743;205771;61630;23297;23291;18678;9939;105221;30016;25544;23240;15348;4804;100550;31614;1976;43.0
44;Loire-Atlantique;258855;201340;109065;42449;942145;330436;129291;103033;62648;30381;486849;161496;129564;98307;46417;12068;455296;168940;1976;44.0
45;Loiret;140381;103672;64733;26840;495510;159884;68189;51806;34757;17656;250529;78121;72192;51866;29976;9184;244981;81763;1976;45.0
46;Lot;34515;35475;28058;11270;151259;41941;16820;17816;14931;7460;77485;20458;17695;17659;13127;3810;73774;21483;1976;46.0
47;Lot-et-Garonne;70821;69636;47751;19476;293579;85895;34861;35294;25386;12641;150294;42112;35960;34342;22365;6835;143285;43783;1976;47.0
48;Lozère;18058;16472;12832;5575;74753;21816;8486;7909;6797;3678;37446;10576;9572;8563;6035;1897;37307;11240;1976;48.0
49;Maine-et-Loire;168410;127613;75760;32140;635877;231954;83731;65188;42074;21852;326923;114078;84679;62425;33686;10288;308954;117876;1976;49.0
50;Manche;109856;104185;62521;21162;454011;156287;53641;52718;35529;15655;234264;76721;56215;51467;26992;5507;219747;79566;1976;50.0
51;Marne;157788;106818;58611;23826;531699;184656;76173;53201;32720;15786;268467;90587;81615;53617;25891;8040;263232;94069;1976;51.0
52;Haute-Marne;55180;44243;27013;10819;212099;74844;26080;21876;14557;7265;106163;36385;29100;22367;12456;3554;105936;38459;1976;52.0
53;Mayenne;66225;57216;35271;12516;263266;92038;33003;28791;19788;8968;135617;45067;33222;28425;15483;3548;127649;46971;1976;53.0
54;Meurthe-et-Moselle;210700;155715;80768;29423;721689;245083;100713;77904;45543;19878;364735;120697;109987;77811;35225;9545;356954;124386;1976;54.0
55;Meuse;51934;43634;27399;11194;203708;69547;24604;21739;15160;7389;102671;33779;27330;21895;12239;3805;101037;35768;1976;55.0
56;Morbihan;140048;127633;79832;25710;567349;194126;67679;64304;45427;18135;289991;94446;72369;63329;34405;7575;277358;99680;1976;56.0
57;Moselle;288333;220844;101137;31853;1006076;363909;136772;108644;56153;20820;500477;178088;151561;112200;44984;11033;505599;185821;1976;57.0
58;Nièvre;57192;54045;42306;19367;244880;71970;27412;27082;22771;12726;124913;34922;29780;26963;19535;6641;119967;37048;1976;58.0
59;Nord;693594;525453;284656;106243;2510975;901029;336856;265351;163732;72618;1280426;441869;356738;260102;120924;33625;1230549;459160;1976;59.0
60;Oise;179464;122723;64569;27008;613007;219243;84766;59717;35305;18061;304773;106924;94698;63006;29264;8947;308234;112319;1976;60.0
61;Orne;73865;64788;38668;14821;294049;101907;36092;32502;21490;10402;150333;49847;37773;32286;17178;4419;143716;52060;1976;61.0
62;Pas-de-Calais;361682;307918;167566;57464;1405441;510811;176909;157304;95938;39381;719691;250159;184773;150614;71628;18083;685750;260652;1976;62.0
63;Puy-de-Dôme;164254;131793;76589;30565;582093;178892;79380;65670;42377;20857;295890;87606;84874;66123;34212;9708;286203;91286;1976;63.0
64;Pyrénées-Atlantiques;133686;123826;82261;33175;537559;164611;67021;62670;45315;22351;278135;80778;66665;61156;36946;10824;259424;83833;1976;64.0
65;Hautes-Pyrénées;55810;55448;36316;13993;227350;65783;27668;27943;19620;9462;116651;31958;28142;27505;16696;4531;110699;33825;1976;65.0
66;Pyrénées-Orientales;67453;75339;55375;21389;303725;84169;34386;38905;29639;13669;157561;40962;33067;36434;25736;7720;146164;43207;1976;66.0
67;Bas-Rhin;257566;186142;111362;37670;886215;293475;122413;96178;64475;25157;452609;144386;135153;89964;46887;12513;433606;149089;1976;67.0
68;Haut-Rhin;184624;137212;76615;28128;636822;210243;87036;69694;44832;19321;323735;102852;97588;67518;31783;8807;313087;107391;1976;68.0
69;Rhône;433284;315861;159996;61920;1429894;458833;211437;158552;92736;43306;730839;224808;221847;157309;67260;18614;699055;234025;1976;69.0
70;Haute-Saône;56842;46273;32095;12900;223640;75530;26642;23156;17732;8662;112951;36759;30200;23117;14363;4238;110689;38771;1976;70.0
71;Saône-et-Loire;142806;127724;83612;35132;570405;181131;68768;63745;45668;23509;290188;88498;74038;63979;37944;11623;280217;92633;1976;71.0
72;Sarthe;126885;103442;63889;25500;492800;173084;62659;52395;35317;17498;252209;84340;64226;51047;28572;8002;240591;88744;1976;72.0
73;Savoie;86636;68525;38350;14671;307354;99172;41651;33733;20964;9765;154585;48472;44985;34792;17386;4906;152769;50700;1976;73.0
74;Haute-Savoie;141896;95774;48884;17048;452765;149163;68492;47622;26888;11389;227080;72689;73404;48152;21996;5659;225685;76474;1976;74.0
75;Paris;769816;545939;369456;152825;2286548;448512;378600;295424;224773;107815;1229628;223016;391216;250515;144683;45010;1056920;225496;1976;75.0
76;Seine-Maritime;333587;249727;133580;49892;1175648;408862;162979;126428;75002;34528;599351;200414;170608;123299;58578;15364;576297;208448;1976;76.0
77;Seine-et-Marne;231087;156574;81190;34286;769625;266488;112775;76447;44630;22787;386860;130221;118312;80127;36560;11499;382765;136267;1976;77.0
78;Yvelines;352031;238729;87495;36633;1093584;378696;172526;116713;49183;25517;548353;184414;179505;122016;38312;11116;545231;194282;1976;78.0
79;Deux-Sèvres;82999;72929;48325;20092;337105;112760;40490;36372;25488;12999;170265;54916;42509;36557;22837;7093;166840;57844;1976;79.0
80;Somme;143166;110150;68384;28126;539494;189668;69950;55382;37692;18488;274812;93300;73216;54768;30692;9638;264682;96368;1976;80.0
81;Tarn;80738;81668;54452;22873;338303;98572;40041;41144;29445;14841;173258;47787;40697;40524;25007;8032;165045;50785;1976;81.0
82;Tarn-et-Garonne;43769;43051;30678;12155;184447;54794;21496;21732;16383;7842;94051;26598;22273;21319;14295;4313;90396;28196;1976;82.0
83;Var;164925;150418;103280;37982;635605;179000;79346;76319;56169;25229;323612;86549;85579;74099;47111;12753;311993;92451;1976;83.0
84;Vaucluse;107918;89402;54132;20814;394936;122670;52070;45024;29498;13775;199986;59619;55848;44378;24634;7039;194950;63051;1976;84.0
85;Vendée;113351;95629;64268;24346;454912;157318;55215;48027;35285;16625;231992;76840;58136;47602;28983;7721;222920;80478;1976;85.0
86;Vienne;93363;76337;52099;21915;359375;115661;45936;38078;27700;14331;182906;56861;47427;38259;24399;7584;176469;58800;1976;86.0
87;Haute-Vienne;89246;82915;60004;25930;352753;94658;43709;41799;32720;17261;181895;46406;45537;41116;27284;8669;170858;48252;1976;87.0
88;Vosges;104272;84225;53958;19859;397898;135584;49650;42674;30844;13806;203205;66231;54622;41551;23114;6053;194693;69353;1976;88.0
89;Yonne;74338;62247;50320;22293;301298;92100;34998;30850;26961;14380;152104;44915;39340;31397;23359;7913;149194;47185;1976;89.0
90;Territoire de Belfort;37376;28024;14613;5661;128711;43037;17538;13877;8381;3836;64358;20726;19838;14147;6232;1825;64353;22311;1976;90.0
91;Essonne;302685;194846;70713;31612;928069;328213;149503;94665;39363;21747;465288;160010;153182;100181;31350;9865;462781;168203;1976;91.0
92;Hauts-de-Seine;460137;357007;163532;64118;1430526;385732;222396;180332;94798;45256;732897;190115;237741;176675;68734;18862;697629;195617;1976;92.0
93;Seine-Saint-Denis;416837;309860;121322;45700;1319697;425978;200060;152725;69095;31361;660221;206980;216777;157135;52227;14339;659476;218998;1976;93.0
94;Val-de-Marne;386771;285216;120551;52345;1210395;365512;189054;144387;68774;36957;619435;180263;197717;140829;51777;15388;590960;185249;1976;94.0
95;Val-d'Oise;267373;186497;70684;29597;849034;294883;131580;91837;39774;20292;427674;144191;135793;94660;30910;9305;421360;150692;1976;95.0
2B;Haute-Corse;37729;29082;19032;7919;125495;31733;14121;13966;10158;5079;58399;15075;23608;15116;8874;2840;67096;16658;1975;
2A;Corse-du-Sud;28470;24259;16033;6449;101496;26285;11690;11741;8736;4339;49098;12592;16780;12518;7297;2110;52398;13693;1975;
01;Ain;105393;80174;50440;18944;376277;121326;49420;38800;27475;12572;187335;59068;55973;41374;22965;6372;188942;62258;1975;1.0
02;Aisne;138789;111665;67810;26772;534439;189403;66416;55527;37301;17438;269221;92539;72373;56138;30509;9334;265218;96864;1975;2.0
03;Allier;88944;87630;65152;26731;379172;110715;43305;44075;35311;17804;194707;54212;45639;43555;29841;8927;184465;56503;1975;3.0
04;Alpes-de-Haute-Provence;28024;25479;18096;7187;112168;33382;13362;12443;9473;4621;56020;16121;14662;13036;8623;2566;56148;17261;1975;4.0
05;Hautes-Alpes;25633;22261;14607;5548;97407;29358;12297;10788;7665;3623;48539;14166;13336;11473;6942;1925;48868;15192;1975;5.0
06;Alpes-Maritimes;203840;191754;156743;65877;815838;197624;100450;101558;89240;42759;430528;96521;103390;90196;67503;23118;385310;101103;1975;6.0
07;Ardèche;61923;57910;41938;16813;257419;78835;29933;28740;23007;11336;131437;38421;31990;29170;18931;5477;125982;40414;1975;7.0
08;Ardennes;80149;64037;38213;14253;309804;113152;37830;31494;20808;9502;154758;55124;42319;32543;17405;4751;155046;58028;1975;8.0
09;Ariège;29820;32673;27061;11750;138093;36789;14374;16141;14158;7429;69936;17834;15446;16532;12903;4321;68157;18955;1975;9.0
10;Aube;77161;59206;39402;16037;285062;93256;37177;29772;21512;10548;144515;45506;39984;29434;17890;5489;140547;47750;1975;10.0
11;Aude;59132;66494;51217;21803;272915;74269;29274;33916;27320;14133;140401;35758;29858;32578;23897;7670;132514;38511;1975;11.0
12;Aveyron;64215;64673;50387;19461;278844;80108;31126;32306;26773;12812;142195;39178;33089;32367;23614;6649;136649;40930;1975;12.0
13;Bouches-du-Rhône;461172;379815;212023;80285;1631982;498687;224600;190742;117618;54114;830311;243237;236572;189073;94405;26171;801671;255450;1975;13.0
14;Calvados;156051;115317;64596;22984;560878;201930;77045;58656;36557;16602;287879;99019;79006;56661;28039;6382;272999;102911;1975;14.0
15;Cantal;38935;37733;27456;10449;166827;52254;18443;18443;14529;7028;84079;25636;20492;19290;12927;3421;82748;26618;1975;15.0
16;Charente;82492;75695;52303;20747;337541;106304;40476;37855;28287;13860;172499;52021;42016;37840;24016;6887;165042;54283;1975;16.0
17;Charente-Maritime;120052;110162;77386;30861;498197;159736;58949;55672;41433;20498;254643;78091;61103;54490;35953;10363;243554;81645;1975;17.0
18;Cher;79607;67958;51242;20905;316531;96819;38067;33668;27643;13836;160455;47241;41540;34290;23599;7069;156076;49578;1975;18.0
19;Corrèze;55397;57414;44578;17594;240719;65736;26783;28889;23859;11693;123073;31849;28614;28525;20719;5901;117646;33887;1975;19.0
21;Côte-d'Or;129532;93736;56806;23116;455934;152744;62899;46920;30767;15579;231298;75133;66633;46816;26039;7537;224636;77611;1975;21.0
22;Côtes-d'Armor;123884;118924;84317;27582;525932;171225;59825;60011;47523;19938;270462;83165;64059;58913;36794;7644;255470;88060;1975;22.0
23;Creuse;29157;34721;31477;13957;146648;37336;13676;16992;16831;9276;75056;18281;15481;17729;14646;4681;71592;19055;1975;23.0
24;Dordogne;83379;90130;68923;26519;373709;104758;40857;45278;36599;17815;191411;50862;42522;44852;32324;8704;182298;53896;1975;24.0
25;Doubs;142505;93656;48392;16193;470687;169941;67211;46391;26834;11055;235293;83802;75294;47265;21558;5138;235394;86139;1975;25.0
26;Drôme;95717;78976;50268;19565;361976;117450;46964;39669;27434;13082;184117;56968;48753;39307;22834;6483;177859;60482;1975;26.0
27;Eure;115061;86536;51537;19143;422719;150442;55318;42788;28038;13101;212928;73683;59743;43748;23499;6042;209791;76759;1975;27.0
28;Eure-et-Loir;90619;68291;44800;17120;334931;114101;43326;33706;23662;11148;167087;55245;47293;34585;21138;5972;167844;58856;1975;28.0
29;Finistère;194883;183601;124761;41033;804480;260202;94600;94074;70670;28207;414840;127289;100283;89527;54091;12826;389640;132913;1975;29.0
30;Gard;123704;116715;75219;30220;494901;149043;60304;58994;41147;20415;253594;72734;63400;57721;34072;9805;241307;76309;1975;30.0
31;Haute-Garonne;227477;175178;101889;39905;777019;232570;113517;89456;55444;26672;399098;114009;113960;85722;46445;13233;377921;118561;1975;31.0
32;Gers;39862;42233;31562;12404;175683;49622;19247;20569;16123;8073;88265;24253;20615;21664;15439;4331;87418;25369;1975;32.0
33;Gironde;287901;239378;148563;63822;1061695;322031;143634;122681;83464;44184;551987;158024;144267;116697;65099;19638;509708;164007;1975;33.0
34;Hérault;170698;146891;99614;41369;648027;189455;85464;75672;54828;27471;336180;92745;85234;71219;44786;13898;311847;96710;1975;34.0
35;Ille-et-Vilaine;192374;148859;89194;28936;702028;242665;95958;76067;51071;21034;363675;119545;96416;72792;38123;7902;338353;123120;1975;35.0
36;Indre;57839;55047;43433;18123;248928;74486;27842;27363;23059;11878;126226;36084;29997;27684;20374;6245;122702;38402;1975;36.0
37;Indre-et-Loire;129112;98213;64300;26770;478386;159991;64208;49719;34813;17957;245291;78594;64904;48494;29487;8813;233095;81397;1975;37.0
38;Isère;254694;183930;98810;36593;859713;285686;122842;91114;55286;24772;433430;139416;131852;92816;43524;11821;426283;146270;1975;38.0
39;Jura;60164;51661;35444;13144;239189;78776;28780;25899;19123;8795;120901;38304;31384;25762;16321;4349;118288;40472;1975;39.0
40;Landes;69123;66152;47767;18771;288560;86747;34020;32919;25788;12755;147746;42264;35103;33233;21979;6016;140814;44483;1975;40.0
41;Loir-et-Cher;70171;59018;44954;18708;283754;90903;34086;29325;24075;12384;144202;44332;36085;29693;20879;6324;139552;46571;1975;41.0
42;Loire;199132;166717;101111;37764;743008;238284;96595;83904;57045;26497;380928;116887;102537;82813;44066;11267;362080;121397;1975;42.0
43;Haute-Loire;48235;45955;35142;14419;205875;62124;22955;23007;19217;9834;105308;30295;25280;22948;15925;4585;100567;31829;1975;43.0
44;Loire-Atlantique;253938;197702;110691;41610;934066;330125;126833;101107;63428;29915;482749;161466;127105;96595;47263;11695;451317;168659;1975;44.0
45;Loiret;137626;100915;65830;26277;489704;159056;66584;50366;35296;17431;247530;77853;71042;50549;30534;8846;242174;81203;1975;45.0
46;Lot;33984;35153;28507;10988;150925;42293;16610;17639;15152;7309;77274;20564;17374;17514;13355;3679;73651;21729;1975;46.0
47;Lot-et-Garonne;70042;68860;48341;19088;293008;86677;34483;34818;25691;12451;149930;42487;35559;34042;22650;6637;143078;44190;1975;47.0
48;Lozère;17741;16432;13122;5536;74932;22101;8339;7891;6906;3690;37580;10754;9402;8541;6216;1846;37352;11347;1975;48.0
49;Maine-et-Loire;164702;125159;77123;31510;629793;231299;81944;63862;42797;21577;323917;113737;82758;61297;34326;9933;305876;117562;1975;49.0
50;Manche;108078;102407;63793;20533;452235;157424;53051;51747;36251;15308;233555;77198;55027;50660;27542;5225;218680;80226;1975;50.0
51;Marne;155775;104993;60063;23333;530120;185956;74978;52221;33323;15604;267421;91295;80797;52772;26740;7729;262699;94661;1975;51.0
52;Haute-Marne;54722;43631;27674;10694;212664;75943;25820;21552;14860;7198;106381;36951;28902;22079;12814;3496;106283;38992;1975;52.0
53;Mayenne;65473;56190;36007;12201;261953;92082;32603;28226;20210;8798;135003;45166;32870;27964;15797;3403;126950;46916;1975;53.0
54;Meurthe-et-Moselle;209541;153401;83022;28744;723002;248294;99733;76566;46602;19464;364768;122403;109808;76835;36420;9280;358234;125891;1975;54.0
55;Meuse;51317;43037;28308;11101;204301;70538;24218;21425;15573;7353;102911;34342;27099;21612;12735;3748;101390;36196;1975;55.0
56;Morbihan;137967;125726;80896;25066;563939;194284;66831;63152;45983;17779;288253;94508;71136;62574;34913;7287;275686;99776;1975;56.0
57;Moselle;285466;217769;102809;31017;1006767;369706;134710;107011;56859;20272;499903;181051;150756;110758;45950;10745;506864;188655;1975;57.0
58;Nièvre;56735;53417;43502;18984;245666;73028;27093;26756;23300;12602;125215;35464;29642;26661;20202;6382;120451;37564;1975;58.0
59;Nord;685592;519103;295226;104447;2511592;907224;332061;261942;168856;71639;1279697;445199;353531;257161;126370;32808;1231895;462025;1975;59.0
60;Oise;175662;119508;66292;26344;605812;218006;82456;58126;36119;17737;300862;106424;93206;61382;30173;8607;304950;111582;1975;60.0
61;Orne;73151;63716;39661;14384;293823;102911;35770;31869;22044;10154;150190;50353;37381;31847;17617;4230;143633;52558;1975;61.0
62;Pas-de-Calais;356535;304216;172702;56122;1404869;515294;174381;155098;98359;38507;718872;252527;182154;149118;74343;17615;685997;262767;1975;62.0
63;Puy-de-Dôme;162332;129753;78723;29725;580118;179585;78290;64451;43511;20442;294778;88084;84042;65302;35212;9283;285340;91501;1975;63.0
64;Pyrénées-Atlantiques;132164;122067;83227;32133;535061;165470;66197;61743;45733;21772;276644;81199;65967;60324;37494;10361;258417;84271;1975;64.0
65;Hautes-Pyrénées;55175;55043;36865;13735;227506;66688;27332;27671;19920;9328;116695;32444;27843;27372;16945;4407;110811;34244;1975;65.0
66;Pyrénées-Orientales;65784;74197;55528;20769;299701;83423;33557;38214;29685;13354;155455;40645;32227;35983;25843;7415;144246;42778;1975;66.0
67;Bas-Rhin;252985;182862;114014;36440;882174;295873;119857;94745;65676;24276;450186;145632;133128;88117;48338;12164;431988;150241;1975;67.0
68;Haut-Rhin;182154;134658;79061;27192;634911;211846;85378;68542;46149;18640;322361;103652;96776;66116;32912;8552;312550;108194;1975;68.0
69;Rhône;431570;310785;164659;59945;1429046;462087;209457;155756;95275;42182;729431;226761;222113;155029;69384;17763;699615;235326;1975;69.0
70;Haute-Saône;55909;45338;32965;12677;222453;75564;26102;22636;18191;8577;112339;36833;29807;22702;14774;4100;110114;38731;1975;70.0
71;Saône-et-Loire;141372;125961;86022;34351;570216;182510;67950;62636;46895;23147;289904;89276;73422;63325;39127;11204;280312;93234;1975;71.0
72;Sarthe;124984;101575;65032;24912;490483;173980;61743;51420;35974;17177;251225;84911;63241;50155;29058;7735;239258;89069;1975;72.0
73;Savoie;85353;67472;39057;14180;305060;98998;40938;33147;21294;9497;153258;48382;44415;34325;17763;4683;151802;50616;1975;73.0
74;Haute-Savoie;139236;93560;49443;16403;446888;148246;66931;46405;27136;10994;223752;72286;72305;47155;22307;5409;223136;75960;1975;74.0
75;Paris;762672;550947;386087;150646;2309074;458722;373373;298929;234097;106626;1241249;228224;389299;252018;151990;44020;1067825;230498;1975;75.0
76;Seine-Maritime;329013;246263;136481;48582;1172929;412590;160566;124396;76428;33804;597608;202414;168447;121867;60053;14778;575321;210176;1975;76.0
77;Seine-et-Marne;224147;151438;82871;33337;753189;261396;108951;73906;45368;22250;378252;127777;115196;77532;37503;11087;374937;133619;1975;77.0
78;Yvelines;346981;230577;89114;35565;1078295;376058;169329;112795;50043;24771;540037;183099;177652;117782;39071;10794;538258;192959;1975;78.0
79;Deux-Sèvres;81961;71645;49388;19696;336039;113349;40002;35729;25947;12880;169776;55218;41959;35916;23441;6816;166263;58131;1975;79.0
80;Somme;140848;108339;70701;27580;538579;191111;68759;54466;38818;18203;274229;93983;72089;53873;31883;9377;264350;97128;1975;80.0
81;Tarn;79984;80813;55746;22206;338320;99571;39686;40628;30075;14516;173168;48263;40298;40185;25671;7690;165152;51308;1975;81.0
82;Tarn-et-Garonne;43003;42497;31227;11885;183599;54987;21097;21425;16674;7709;93638;26733;21906;21072;14553;4176;89961;28254;1975;82.0
83;Var;161265;147474;102459;36721;625825;177906;77280;74746;55675;24506;318191;85984;83985;72728;46784;12215;307634;91922;1975;83.0
84;Vaucluse;105930;87483;54485;20231;390260;122131;51044;44002;29602;13455;197405;59302;54886;43481;24883;6776;192855;62829;1975;84.0
85;Vendée;111003;93494;64995;23723;450596;157381;54064;46967;35618;16353;230030;77028;56939;46527;29377;7370;220566;80353;1975;85.0
86;Vienne;91610;75059;53141;21368;357450;116272;45036;37400;28176;14116;181888;57160;46574;37659;24965;7252;175562;59112;1975;86.0
87;Haute-Vienne;88075;81975;61375;25430;352455;95600;42990;41264;33412;17075;181648;46907;45085;40711;27963;8355;170807;48693;1975;87.0
88;Vosges;103337;82930;55758;19249;398399;137125;49037;41990;31810;13461;203309;67011;54300;40940;23948;5788;195090;70114;1975;88.0
89;Yonne;73023;61242;51466;21880;299932;92321;34248;30344;27422;14243;151256;44999;38775;30898;24044;7637;148676;47322;1975;89.0
90;Territoire de Belfort;37061;27561;14937;5518;128280;43203;17217;13690;8535;3751;64054;20861;19844;13871;6402;1767;64226;22342;1975;90.0
91;Essonne;300427;188033;71921;30786;918577;327410;148167;91123;39896;21272;460196;159738;152260;96910;32025;9514;458381;167672;1975;91.0
92;Hauts-de-Seine;459849;355374;169242;62521;1440056;393070;221075;179528;97858;44301;736450;193688;238774;175846;71384;18220;703606;199382;1975;92.0
93;Seine-Saint-Denis;415769;305681;125445;44444;1321465;430126;198049;150860;71166;30550;659739;209114;217720;154821;54279;13894;661726;221012;1975;93.0
94;Val-de-Marne;386828;282023;124410;51523;1214712;369928;188089;142594;70968;36369;620971;182951;198739;139429;53442;15154;593741;186977;1975;94.0
95;Val-d'Oise;262872;181391;72473;28545;838295;293014;128978;89246;40735;19546;421911;143406;133894;92145;31738;8999;416384;149608;1975;95.0
