Code_Département;Nom_Département;E_0_19_ans;E_20_39_ans;E_40_59_ans;E_60_74_ans;E_75_et_plus;E_Total;F_0_19_ans;F_20_39_ans;F_40_59_ans;F_60_74_ans;F_75_et_plus;F_Total;H_0_19_ans;H_20_39_ans;H_40_59_ans;H_60_74_ans;H_75_et_plus;H_Total;Année;Code_Département_Num
01;Ain;170727;149960;183127;109363;58760;671937;82434;74412;92184;56877;34452;340359;88293;75548;90943;52486;24308;331578;2023;1
02;Aisne;125684;113454;132390;98737;52526;522791;60996;56240;66518;51495;31827;267076;64688;57214;65872;47242;20699;255715;2023;2
03;Allier;65821;62147;83062;72415;48998;332443;32098;30104;42137;38447;29725;172511;33723;32043;40925;33968;19273;159932;2023;3
04;Alpes-de-Haute-Provence;33829;31074;43060;36122;22569;166654;16376;15436;22278;18750;13325;86165;17453;15638;20782;17372;9244;80489;2023;4
05;Hautes-Alpes;28195;26275;36517;30877;18078;139942;13585;12799;18522;16056;10709;71671;14610;13476;17995;14821;7369;68271;2023;5
06;Alpes-Maritimes;232897;237498;287295;203675;148963;1110328;113699;121470;150020;110846;89996;586031;119198;116028;137275;92829;58967;524297;2023;6
07;Ardèche;70094;61742;87158;70314;42922;332230;33776;30528;43940;36337;25230;169811;36318;31214;43218;33977;17692;162419;2023;7
08;Ardennes;60733;55376;68630;52860;27818;265417;29434;27062;34793;27501;16892;135682;31299;28314;33837;25359;10926;129735;2023;8
09;Ariège;30938;29168;39975;33862;20638;154581;14987;14023;20391;17451;12044;78896;15951;15145;19584;16411;8594;75685;2023;9
10;Aube;76028;70172;76731;55908;33874;312713;36562;34713;39046;29659;20344;160324;39466;35459;37685;26249;13530;152389;2023;10
11;Aude;78891;71694;97098;80916;51176;379775;38087;35895;50413;43020;30163;197578;40804;35799;46685;37896;21013;182197;2023;11
12;Aveyron;54728;52359;71383;60413;40621;279504;26461;24481;35454;30826;23904;141126;28267;27878;35929;29587;16717;138378;2023;12
13;Bouches-du-Rhône;479084;491568;527142;350716;220608;2069118;233656;253102;274329;188257;132080;1081424;245428;238466;252813;162459;88528;987694;2023;13
14;Calvados;160602;159523;172763;132798;74909;700595;77879;80271;88107;71409;45884;363550;82723;79252;84656;61389;29025;337045;2023;14
15;Cantal;27124;25546;37400;33086;20483;143639;13363;12389;18478;16767;12496;73493;13761;13157;18922;16319;7987;70146;2023;15
16;Charente;72094;69671;89892;74394;44985;351036;34811;34262;45867;39052;26936;180928;37283;35409;44025;35342;18049;170108;2023;16
17;Charente-Maritime;130134;123247;168391;150530;93602;665904;62870;61009;87109;80654;55456;347098;67264;62238;81282;69876;38146;318806;2023;17
18;Cher;61657;58379;74021;63615;39602;297274;30076;28555;37600;33592;23467;153290;31581;29824;36421;30023;16135;143984;2023;18
19;Corrèze;45967;44643;60149;52266;34052;237077;21938;21483;30033;27360;20656;121470;24029;23160;30116;24906;13396;115607;2023;19
21;Côte-d'Or;118593;130757;133149;96329;57338;536166;58379;65255;67870;51308;34560;277372;60214;65502;65279;45021;22778;258794;2023;21
22;Côtes-d'Armor;132020;112316;154041;130065;79392;607834;64528;55145;78013;68241;47886;313813;67492;57171;76028;61824;31506;294021;2023;22
23;Creuse;20194;18795;28721;28123;17273;113106;9906;8943;14389;14378;10478;58094;10288;9852;14332;13745;6795;55012;2023;23
24;Dordogne;75930;71425;104742;98395;60890;411382;36658;35252;53886;51237;36242;213275;39272;36173;50856;47158;24648;198107;2023;24
25;Doubs;133538;132459;138173;90978;54964;550112;65296;65630;69369;48173;32441;280909;68242;66829;68804;42805;22523;269203;2023;25
26;Drôme;121854;110832;134298;96727;59474;523185;59114;55199;68812;50918;35317;269360;62740;55633;65486;45809;24157;253825;2023;26
27;Eure;148744;126977;157983;108222;54784;596710;73114;63462;80242;57123;32875;306816;75630;63515;77741;51099;21909;289894;2023;27
28;Eure-et-Loir;106025;89256;113509;77332;42872;428994;51436;44608;57313;40420;25395;219172;54589;44648;56196;36912;17477;209822;2023;28
29;Finistère;198344;192902;237620;187803;109396;926065;96405;94045;119270;98409;67688;475817;101939;98857;118350;89394;41708;450248;2023;29
30;Gard;168202;153782;195819;150865;88767;757435;81679;77065;101464;79510;52833;392551;86523;76717;94355;71355;35934;364884;2023;30
31;Haute-Garonne;345935;410470;376818;213293;123851;1470367;170579;206589;190081;113413;74834;755496;175356;203881;186737;99880;49017;714871;2023;31
32;Gers;37938;33018;50510;43147;28207;192820;18176;16519;25790;22007;16330;98822;19762;16499;24720;21140;11877;93998;2023;32
33;Gironde;383613;426124;441875;277349;162476;1691437;189397;217202;226587;149902;98343;881431;194216;208922;215288;127447;64133;810006;2023;33
34;Hérault;279204;296912;305664;216240;134785;1232805;137620;151341;158337;117010;79933;644241;141584;145571;147327;99230;54852;588564;2023;34
35;Ille-et-Vilaine;275019;280111;286769;173226;103475;1118600;134473;140147;143705;91244;62737;572306;140546;139964;143064;81982;40738;546294;2023;35
36;Indre;41795;39054;54163;47959;31943;214914;20445;19252;27366;24796;19224;111083;21350;19802;26797;23163;12719;103831;2023;36
37;Indre-et-Loire;140660;142500;155727;110999;68130;618016;68590;72412;79523;58786;41048;320359;72070;70088;76204;52213;27082;297657;2023;37
38;Isère;321494;305761;337499;208839;120883;1294476;156578;151650;170146;110009;71999;660382;164916;154111;167353;98830;48884;634094;2023;38
39;Jura;55610;51233;67320;51014;31637;256814;27250;25109;34099;26395;18648;131501;28360;26124;33221;24619;12989;125313;2023;39
40;Landes;87180;79697;115466;91695;54631;428669;41929;39502;58905;48023;32192;220551;45251;40195;56561;43672;22439;208118;2023;40
41;Loir-et-Cher;72039;62216;83851;66643;41716;326465;34885;30736;42259;35082;24733;167695;37154;31480;41592;31561;16983;158770;2023;41
42;Loire;184494;169921;190728;137120;90079;772342;88899;84684;96437;72962;54266;397248;95595;85237;94291;64158;35813;375094;2023;42
43;Haute-Loire;48935;43467;59551;47197;27728;226878;23606;21118;29718;24078;16580;115100;25329;22349;29833;23119;11148;111778;2023;43
44;Loire-Atlantique;366108;370489;384727;240846;135143;1497313;178230;183703;193962;128991;82597;767483;187878;186786;190765;111855;52546;729830;2023;44
45;Loiret;170030;155434;173563;118062;69526;686615;82162;77608;88226;62566;41397;351959;87868;77826;85337;55496;28129;334656;2023;45
46;Lot;32291;29435;44213;42928;26441;175308;15498;14305;22445;22179;15303;89730;16793;15130;21768;20749;11138;85578;2023;46
47;Lot-et-Garonne;68922;62257;82480;69067;45583;328309;33558;31386;42473;36683;26751;170851;35364;30871;40007;32384;18832;157458;2023;47
48;Lozère;15833;14789;20043;16496;9487;76648;7591;7086;9843;8182;5582;38284;8242;7703;10200;8314;3905;38364;2023;48
49;Maine-et-Loire;203876;189238;205982;143062;86111;828269;99773;95308;103805;75475;51820;426181;104103;93930;102177;67587;34291;402088;2023;49
50;Manche;104856;97478;124502;104403;61403;492642;50861;47395;62434;53993;36957;251640;53995;50083;62068;50410;24446;241002;2023;50
51;Marne;133510;137618;141022;98390;53568;564108;65659;68485;71587;52914;32735;291380;67851;69133;69435;45476;20833;272728;2023;51
52;Haute-Marne;34006;34265;41984;35994;21295;167544;16413;16055;20980;18877;12932;85257;17593;18210;21004;17117;8363;82287;2023;52
53;Mayenne;73679;62892;78150;56087;34644;305452;35690;30178;38636;28899;20514;153917;37989;32714;39514;27188;14130;151535;2023;53
54;Meurthe-et-Moselle;166423;184253;182065;126567;70169;729477;81030;91470;92442;67357;43025;375324;85393;92783;89623;59210;27144;354153;2023;54
55;Meuse;38316;36624;45563;37415;20092;178010;18548;17308;22626;19098;12120;89700;19768;19316;22937;18317;7972;88310;2023;55
56;Morbihan;166951;148083;200127;166294;95928;777383;80142;72379;101788;87774;57659;399742;86809;75704;98339;78520;38269;377641;2023;56
57;Moselle;230567;245009;277466;197432;100982;1051456;111882;120111;139978;104624;61183;537778;118685;124898;137488;92808;39799;513678;2023;57
58;Nièvre;37424;34614;48548;46989;30282;197857;18318;16708;24649;24580;18606;102861;19106;17906;23899;22409;11676;94996;2023;58
59;Nord;663173;663901;649408;415646;214518;2606646;323665;335549;330888;224886;134583;1349571;339508;328352;318520;190760;79935;1257075;2023;59
60;Oise;215474;193427;221668;136484;66206;833259;106315;96989;111869;71528;39573;426274;109159;96438;109799;64956;26633;406985;2023;60
61;Orne;57865;51448;68035;58708;36816;272872;27634;25181;34094;30542;22125;139576;30231;26267;33941;28166;14691;133296;2023;61
62;Pas-de-Calais;359114;329976;372413;261967;130464;1453934;174720;164584;187507;140146;82403;749360;184394;165392;184906;121821;48061;704574;2023;62
63;Puy-de-Dôme;148812;155174;170398;122515;72218;669117;73532;77705;85302;64865;43684;345088;75280;77469;85096;57650;28534;324029;2023;63
64;Pyrénées-Atlantiques;143858;143895;183999;138172;87975;697899;69236;71969;94493;73261;53760;362719;74622;71926;89506;64911;34215;335180;2023;64
65;Hautes-Pyrénées;45112;45140;58712;50059;31560;230583;21425;21972;30236;26457;19055;119145;23687;23168;28476;23602;12505;111438;2023;65
66;Pyrénées-Orientales;103947;94374;124827;101841;65605;490594;50721;48414;65434;54511;39191;258271;53226;45960;59393;47330;26414;232323;2023;66
67;Bas-Rhin;262032;292820;305190;202364;106016;1168422;128368;148257;154783;105754;63004;600166;133664;144563;150407;96610;43012;568256;2023;67
68;Haut-Rhin;172907;171494;207843;142019;74968;769231;83446;84982;104964;73803;44352;391547;89461;86512;102879;68216;30616;377684;2023;68
69;Rhône;479113;534616;470912;265604;170769;1921014;234545;273141;240231;144393;103367;995677;244568;261475;230681;121211;67402;925337;2023;69
70;Haute-Saône;51637;45124;61781;47842;25389;231773;25110;22162;30966;24775;15017;118030;26527;22962;30815;23067;10372;113743;2023;70
71;Saône-et-Loire;115745;103840;139053;115474;73250;547362;55716;50431;70573;60194;43726;280640;60029;53409;68480;55280;29524;266722;2023;71
72;Sarthe;134287;119892;143551;105298;64090;567118;64962;59673;72207;55493;38395;290730;69325;60219;71344;49805;25695;276388;2023;72
73;Savoie;102566;99189;119792;80416;45834;447797;49331;49066;60162;42195;27642;228396;53235;50123;59630;38221;18192;219401;2023;73
74;Haute-Savoie;210461;212520;236605;129892;72789;862267;101445;105256;119113;68490;43371;437675;109016;107264;117492;61402;29418;424592;2023;74
75;Paris;387799;698264;526838;304526;185223;2102650;193813;369327;270398;168121;114196;1115855;193986;328937;256440;136405;71027;986795;2023;75
76;Seine-Maritime;298776;298797;307993;222941;125697;1254204;145536;149489;157266;119891;77037;649219;153240;149308;150727;103050;48660;604985;2023;76
77;Seine-et-Marne;388321;361803;386845;211974;103832;1452775;189701;184491;198537;111734;62301;746764;198620;177312;188308;100240;41531;706011;2023;77
78;Yvelines;384935;345419;394725;211976;124469;1461524;186816;175321;200494;114300;74069;751000;198119;170098;194231;97676;50400;710524;2023;78
79;Deux-Sèvres;83748;73610;98844;73953;43744;373899;40275;35768;49967;38592;25726;190328;43473;37842;48877;35361;18018;183571;2023;79
80;Somme;132050;133775;141794;100983;55465;564067;64259;67399;71621;53556;33758;290593;67791;66376;70173;47427;21707;273474;2023;80
81;Tarn;83748;75507;102427;79813;53051;394546;40482;37556;52436;41926;31708;204108;43266;37951;49991;37887;21343;190438;2023;81
82;Tarn-et-Garonne;62905;53165;70883;49876;29210;266039;30402;26396;35903;26031;16948;135680;32503;26769;34980;23845;12262;130359;2023;82
83;Var;225381;222944;280198;224818;156919;1110260;108144;111223;144500;120818;92596;577281;117237;111721;135698;104000;64323;532979;2023;83
84;Vaucluse;130939;117629;145261;105014;64946;563789;63312;59881;74798;56509;38575;293075;67627;57748;70463;48505;26371;270714;2023;84
85;Vendée;156380;134432;180700;148997;88765;709274;75520;66157;90738;78083;52151;362649;80860;68275;89962;70914;36614;346625;2023;85
86;Vienne;100786;103207;108004;80247;49290;441534;49611;52228;55340;41952;29346;228477;51175;50979;52664;38295;19944;213057;2023;86
87;Haute-Vienne;76759;79565;92345;74235;47209;370113;37831;40755;46916;39441;28563;193506;38928;38810;45429;34794;18646;176607;2023;87
88;Vosges;74612;70190;91912;76143;43027;355884;36155;34230;46020;39817;26115;182337;38457;35960;45892;36326;16912;173547;2023;88
89;Yonne;72408;63727;85107;67694;40385;329321;35018;31067;43057;35419;24229;168790;37390;32660;42050;32275;16156;160531;2023;89
90;Territoire de Belfort;31679;31285;35644;24339;13944;136891;15255;14449;17967;12840;8315;68826;16424;16836;17677;11499;5629;68065;2023;90
91;Essonne;352220;335513;343204;183690;101426;1316053;171644;167610;173268;97337;60389;670248;180576;167903;169936;86353;41037;645805;2023;91
92;Hauts-de-Seine;395282;458773;439264;220666;128017;1642002;193482;236357;229409;122470;78773;860491;201800;222416;209855;98196;49244;781511;2023;92
93;Seine-Saint-Denis;481290;474891;429520;206409;90696;1682806;235641;242333;212871;108171;53385;852401;245649;232558;216649;98238;37311;830405;2023;93
94;Val-de-Marne;357823;396508;370026;195871;106520;1426748;175042;203120;190347;104873;65554;738936;182781;193388;179679;90998;40966;687812;2023;94
95;Val-d'Oise;359714;329763;327655;175610;81632;1274374;175413;168566;166930;93859;48148;652916;184301;161197;160725;81751;33484;621458;2023;95
2A;Corse-du-Sud;33395;33264;45215;31582;20499;163955;16192;17286;23156;16283;11820;84737;17203;15978;22059;15299;8679;79218;2023;201
2B;Haute-Corse;36177;42927;49963;36206;22027;187300;17404;21507;25820;18754;12484;95969;18773;21420;24143;17452;9543;91331;2023;202
971;Guadeloupe ;86938;71299;103413;77129;37066;375845;42631;39221;59351;41351;22037;204591;44307;32078;44062;35778;15029;171254;2023;971
972;Martinique ;72873;65757;95769;75832;37455;347686;36034;36420;54403;40693;22164;189714;36839;29337;41366;35139;15291;157972;2023;972
973;Guyane;122773;82967;64088;23919;7352;301099;61353;44731;33979;12112;4154;156329;61420;38236;30109;11807;3198;144770;2023;973
974;La Réunion;251904;203823;236340;130915;50120;873102;124185;110363;125436;68464;29853;458301;127719;93460;110904;62451;20267;414801;2023;974
976;Mayotte;166691;82450;47554;10545;2782;310022;84255;47821;23682;5038;1468;162264;82436;34629;23872;5507;1314;147758;2023;976
01;Ain;170644;149381;182322;108338;56286;666971;82435;74242;91588;56384;33240;337889;88209;75139;90734;51954;23046;329082;2022;1
02;Aisne;127328;114151;133577;99174;50493;524723;61831;56645;67185;51759;30867;268287;65497;57506;66392;47415;19626;256436;2022;2
03;Allier;66707;62330;83969;73059;47435;333500;32525;30308;42641;38796;28902;173172;34182;32022;41328;34263;18533;160328;2022;3
04;Alpes-de-Haute-Provence;34085;30984;43372;35934;21823;166198;16543;15314;22472;18624;12906;85859;17542;15670;20900;17310;8917;80339;2022;4
05;Hautes-Alpes;28689;26531;36961;30567;17330;140078;13806;13010;18721;15870;10290;71697;14883;13521;18240;14697;7040;68381;2022;5
06;Alpes-Maritimes;232495;237601;287591;203151;145395;1106233;113316;121696;149821;110618;88190;583641;119179;115905;137770;92533;57205;522592;2022;6
07;Ardèche;70808;61678;87456;70096;41176;331214;34193;30560;44060;36142;24376;169331;36615;31118;43396;33954;16800;161883;2022;7
08;Ardennes;61547;55834;69516;52936;26857;266690;29847;27370;35172;27542;16479;136410;31700;28464;34344;25394;10378;130280;2022;8
09;Ariège;31198;29077;40257;33811;20081;154424;15121;14078;20501;17340;11835;78875;16077;14999;19756;16471;8246;75549;2022;9
10;Aube;76193;69895;77056;56340;32699;312183;36660;34639;39196;29762;19909;160166;39533;35256;37860;26578;12790;152017;2022;10
11;Aude;79163;71633;97400;81025;49109;378330;38282;35981;50505;42997;29017;196782;40881;35652;46895;38028;20092;181548;2022;11
12;Aveyron;55395;52285;71806;60503;39650;279639;26739;24640;35612;30868;23468;141327;28656;27645;36194;29635;16182;138312;2022;12
13;Bouches-du-Rhône;479334;491709;526834;350503;213539;2061919;234045;252923;274123;188016;128358;1077465;245289;238786;252711;162487;85181;984454;2022;13
14;Calvados;161509;159804;173061;133349;72068;699791;78370;80455;88309;71445;44624;363203;83139;79349;84752;61904;27444;336588;2022;14
15;Cantal;27323;25574;37824;33111;19971;143803;13414;12421;18740;16760;12251;73586;13909;13153;19084;16351;7720;70217;2022;15
16;Charente;72430;69842;90632;74528;43851;351283;34953;34441;46183;39161;26355;181093;37477;35401;44449;35367;17496;170190;2022;16
17;Charente-Maritime;130695;123392;168083;150972;89680;662822;63188;61207;86834;80995;53274;345498;67507;62185;81249;69977;36406;317324;2022;17
18;Cher;62316;58487;75150;64109;38187;298249;30462;28557;38145;33889;22788;153841;31854;29930;37005;30220;15399;144408;2022;18
19;Corrèze;46352;44830;60794;52562;33252;237790;22182;21529;30423;27505;20316;121955;24170;23301;30371;25057;12936;115835;2022;19
21;Côte-d'Or;119221;130925;133729;96708;55203;535786;58580;65499;68304;51293;33477;277153;60641;65426;65425;45415;21726;258633;2022;21
22;Côtes-d'Armor;133175;111937;154118;130813;76825;606868;65072;55065;77952;68566;46753;313408;68103;56872;76166;62247;30072;293460;2022;22
23;Creuse;20494;19002;29147;28488;17011;114142;10040;9044;14655;14479;10388;58606;10454;9958;14492;14009;6623;55536;2022;23
24;Dordogne;76603;71651;106115;98482;59137;411988;37036;35421;54487;51201;35403;213548;39567;36230;51628;47281;23734;198440;2022;24
25;Doubs;133746;132834;137493;91480;52905;548458;65258;65976;68948;48426;31410;280018;68488;66858;68545;43054;21495;268440;2022;25
26;Drôme;122504;110534;134384;96540;57357;521319;59391;55153;68936;50897;34103;268480;63113;55381;65448;45643;23254;252839;2022;26
27;Eure;150218;127745;158568;108443;52451;597425;73623;64146;80336;57183;31628;306916;76595;63599;78232;51260;20823;290509;2022;27
28;Eure-et-Loir;106858;89986;113656;77517;41553;429570;51948;45019;57280;40559;24738;219544;54910;44967;56376;36958;16815;210026;2022;28
29;Finistère;199882;192998;238154;186977;105389;923400;97225;93999;119351;98160;65825;474560;102657;98999;118803;88817;39564;448840;2022;29
30;Gard;169269;153954;195938;150502;85834;755497;82222;77384;101354;79370;51197;391527;87047;76570;94584;71132;34637;363970;2022;30
31;Haute-Garonne;342224;408104;372761;210603;118849;1452541;168592;205104;188387;111971;72031;746085;173632;203000;184374;98632;46818;706456;2022;31
32;Gers;38130;33056;51019;43037;27311;192553;18274;16547;25966;22055;15854;98696;19856;16509;25053;20982;11457;93857;2022;32
33;Gironde;381004;422968;437558;276750;155475;1673755;187796;215878;224063;149356;94789;871882;193208;207090;213495;127394;60686;801873;2022;33
34;Hérault;276341;294667;302678;215605;129183;1218474;136123;150395;156823;116534;76868;636743;140218;144272;145855;99071;52315;581731;2022;34
35;Ille-et-Vilaine;274467;278841;284713;171808;99143;1108972;134312;139398;142490;90690;60455;567345;140155;139443;142223;81118;38688;541627;2022;35
36;Indre;42397;39236;54950;48426;31232;216241;20714;19366;27755;25079;18867;111781;21683;19870;27195;23347;12365;104460;2022;36
37;Indre-et-Loire;141030;142478;155492;111153;65954;616107;68901;72301;79590;58779;39930;319501;72129;70177;75902;52374;26024;296606;2022;37
38;Isère;322152;305254;337021;207554;116520;1288501;156909;151573;169803;109200;69734;657219;165243;153681;167218;98354;46786;631282;2022;38
39;Jura;56471;51414;67751;51120;30548;257304;27646;25215;34251;26537;18139;131788;28825;26199;33500;24583;12409;125516;2022;39
40;Landes;87239;79525;114908;91168;52389;425229;42015;39493;58358;47851;31090;218807;45224;40032;56550;43317;21299;206422;2022;40
41;Loir-et-Cher;72696;62602;84550;66847;40693;327388;35262;30954;42578;35167;24228;168189;37434;31648;41972;31680;16465;159199;2022;41
42;Loire;185063;169719;190749;138030;87117;770678;89382;84612;96485;73422;52813;396714;95681;85107;94264;64608;34304;373964;2022;42
43;Haute-Loire;49614;43378;59875;47405;26825;227097;23946;21107;29836;24100;16244;115233;25668;22271;30039;23305;10581;111864;2022;43
44;Loire-Atlantique;365238;366542;380446;239070;128892;1480188;178136;181800;191745;128102;79487;759270;187102;184742;188701;110968;49405;720918;2022;44
45;Loiret;170502;155634;173456;118351;67138;685081;82569;77899;88121;62489;40191;351269;87933;77735;85335;55862;26947;333812;2022;45
46;Lot;32646;29408;44567;42951;25624;175196;15689;14365;22646;22156;14924;89780;16957;15043;21921;20795;10700;85416;2022;46
47;Lot-et-Garonne;69572;62484;83253;69306;44565;329180;33833;31548;42865;36692;26287;171225;35739;30936;40388;32614;18278;157955;2022;47
48;Lozère;15861;14886;20115;16512;9198;76572;7586;7218;9822;8220;5442;38288;8275;7668;10293;8292;3756;38284;2022;48
49;Maine-et-Loire;205012;189509;205615;142477;83201;825814;100244;95590;103465;75207;50313;424819;104768;93919;102150;67270;32888;400995;2022;49
50;Manche;105910;97664;125915;104324;59833;493646;51354;47525;63232;53905;36283;252299;54556;50139;62683;50419;23550;241347;2022;50
51;Marne;134156;138574;141572;99175;51547;565024;65850;69005;71826;53391;31716;291788;68306;69569;69746;45784;19831;273236;2022;51
52;Haute-Marne;34814;34445;42783;36189;20650;168881;16855;16149;21453;18952;12575;85984;17959;18296;21330;17237;8075;82897;2022;52
53;Mayenne;74436;62858;78582;56204;33639;305719;36078;30280;38895;29008;20019;154280;38358;32578;39687;27196;13620;151439;2022;53
54;Meurthe-et-Moselle;167853;185197;182518;127052;67773;730393;81852;91876;92661;67591;41795;375775;86001;93321;89857;59461;25978;354618;2022;54
55;Meuse;39230;37123;46186;37711;19376;179626;18979;17614;22922;19247;11833;90595;20251;19509;23264;18464;7543;89031;2022;55
56;Morbihan;167890;148022;199836;165900;91319;772967;80714;72414;101542;87557;55462;397689;87176;75608;98294;78343;35857;375278;2022;56
57;Moselle;231897;246513;278501;195422;98215;1050548;112672;120854;140602;103218;59857;537203;119225;125659;137899;92204;38358;513345;2022;57
58;Nièvre;37974;34950;49205;47841;29409;199379;18522;16907;25014;25004;18162;103609;19452;18043;24191;22837;11247;95770;2022;58
59;Nord;669638;665972;649527;416401;205627;2607165;326803;336636;330774;225160;130209;1349582;342835;329336;318753;191241;75418;1257583;2022;59
60;Oise;217040;193273;222004;135846;63566;831729;106958;97114;111740;71220;38369;425401;110082;96159;110264;64626;25197;406328;2022;60
61;Orne;58846;51880;68902;59175;35792;274595;28153;25441;34544;30707;21674;140519;30693;26439;34358;28468;14118;134076;2022;61
62;Pas-de-Calais;363483;332479;373320;261970;125336;1456588;176782;165859;187912;140448;79917;750918;186701;166620;185408;121522;45419;705670;2022;62
63;Puy-de-Dôme;148925;154943;170044;123117;69767;666796;73625;77471;85222;65118;42461;343897;75300;77472;84822;57999;27306;322899;2022;63
64;Pyrénées-Atlantiques;144169;143811;184255;137174;85250;694659;69579;71932;94539;72731;52361;361142;74590;71879;89716;64443;32889;333517;2022;64
65;Hautes-Pyrénées;45349;44901;58959;50145;31050;230404;21602;21881;30308;26471;18887;119149;23747;23020;28651;23674;12163;111255;2022;65
66;Pyrénées-Orientales;104312;94186;124651;102055;63175;488379;50921;48319;65214;54643;37826;256923;53391;45867;59437;47412;25349;231456;2022;66
67;Bas-Rhin;261617;293146;304864;199589;102561;1161777;128108;148539;154400;104159;61416;596622;133509;144607;150464;95430;41145;565155;2022;67
68;Haut-Rhin;174493;172261;208623;140417;72702;768496;84232;85660;105195;72946;43196;391229;90261;86601;103428;67471;29506;377267;2022;68
69;Rhône;478127;533360;466863;265641;164634;1908625;234290;272860;237835;144357;100080;989422;243837;260500;229028;121284;64554;919203;2022;69
70;Haute-Saône;52473;45431;62194;47976;24545;232619;25489;22253;31213;24853;14547;118355;26984;23178;30981;23123;9998;114264;2022;70
71;Saône-et-Loire;116910;104309;140320;115939;71048;548526;56351;50774;71137;60467;42703;281432;60559;53535;69183;55472;28345;267094;2022;71
72;Sarthe;135275;120024;144057;105646;62051;567053;65569;59784;72447;55601;37452;290853;69706;60240;71610;50045;24599;276200;2022;72
73;Savoie;102244;99237;119416;79699;44276;444872;49263;49047;59957;41742;26839;226848;52981;50190;59459;37957;17437;218024;2022;73
74;Haute-Savoie;209281;211357;234507;128343;69527;853015;100800;104916;117980;67802;41650;433148;108481;106441;116527;60541;27877;419867;2022;74
75;Paris;393712;704194;531569;308926;179301;2117702;196399;372380;272698;170909;110893;1123279;197313;331814;258871;138017;68408;994423;2022;75
76;Seine-Maritime;300330;300350;308809;223287;121510;1254286;146383;150578;157783;119856;75075;649675;153947;149772;151026;103431;46435;604611;2022;76
77;Seine-et-Marne;389523;360526;385885;210359;98096;1444389;190057;184453;197783;110586;59196;742075;199466;176073;188102;99773;38900;702314;2022;77
78;Yvelines;386190;344940;394538;211766;119878;1457312;187835;175112;200346;113858;71528;748679;198355;169828;194192;97908;48350;708633;2022;78
79;Deux-Sèvres;84715;73551;99339;73706;42831;374142;40879;35830;50138;38419;25324;190590;43836;37721;49201;35287;17507;183552;2022;79
80;Somme;133870;134036;142448;101454;53470;565278;65142;67413;71954;53844;32757;291110;68728;66623;70494;47610;20713;274168;2022;80
81;Tarn;84364;75368;102436;79714;51554;393436;40814;37596;52432;41838;30875;203555;43550;37772;50004;37876;20679;189881;2022;81
82;Tarn-et-Garonne;63114;52867;70807;49506;28592;264886;30487;26375;35845;25728;16749;135184;32627;26492;34962;23778;11843;129702;2022;82
83;Var;224541;222508;279694;224340;150991;1102074;108002;110976;144237;120505;89362;573082;116539;111532;135457;103835;61629;528992;2022;83
84;Vaucluse;131359;118455;145742;105182;62577;563315;63617;60219;75139;56453;37371;292799;67742;58236;70603;48729;25206;270516;2022;84
85;Vendée;157694;133999;179800;148136;84492;704121;76261;66014;90347;77411;50031;360064;81433;67985;89453;70725;34461;344057;2022;85
86;Vienne;100948;103220;108025;80703;47972;440868;49735;52281;55216;42249;28709;228190;51213;50939;52809;38454;19263;212678;2022;86
87;Haute-Vienne;77196;79748;93072;74823;45887;370726;38054;40769;47336;39705;27968;193832;39142;38979;45736;35118;17919;176894;2022;87
88;Vosges;75879;70996;92972;76494;41523;357864;36762;34711;46517;39914;25484;183388;39117;36285;46455;36580;16039;174476;2022;88
89;Yonne;73506;64256;85612;68261;39382;331017;35574;31479;43239;35620;23777;169689;37932;32777;42373;32641;15605;161328;2022;89
90;Territoire de Belfort;32219;31863;35730;24537;13568;137917;15516;14766;17983;12949;8191;69405;16703;17097;17747;11588;5377;68512;2022;90
91;Essonne;352698;335155;343667;183079;97820;1312419;172058;167939;173414;97057;58323;668791;180640;167216;170253;86022;39497;643628;2022;91
92;Hauts-de-Seine;398146;457931;437983;219125;123905;1637090;195042;235971;228571;121383;76750;857717;203104;221960;209412;97742;47155;779373;2022;92
93;Seine-Saint-Denis;482107;472292;426987;204532;87727;1673645;236081;241367;211688;106930;52041;848107;246026;230925;215299;97602;35686;825538;2022;93
94;Val-de-Marne;358920;394535;369562;194560;102827;1420404;175447;202579;190142;104241;63480;735889;183473;191956;179420;90319;39347;684515;2022;94
95;Val-d'Oise;358589;328905;326706;174280;77991;1266471;174768;168748;166631;92752;46362;649261;183821;160157;160075;81528;31629;617210;2022;95
2A;Corse-du-Sud;33021;33518;45062;31385;19938;162924;15989;17476;23005;16165;11549;84184;17032;16042;22057;15220;8389;78740;2022;201
2B;Haute-Corse;36231;42869;49482;35934;21390;185906;17442;21507;25513;18561;12213;95236;18789;21362;23969;17373;9177;90670;2022;202
971;Guadeloupe ;89217;72234;106454;74734;35837;378476;43777;39856;60728;40132;21316;205809;45440;32378;45726;34602;14521;172667;2022;971
972;Martinique ;74848;67122;99158;74089;36988;352205;37027;37091;56072;39747;21916;191853;37821;30031;43086;34342;15072;160352;2022;972
973;Guyane;121973;81428;62769;23074;6814;296058;60983;43683;33038;11640;3886;153230;60990;37745;29731;11434;2928;142828;2022;973
974;La Réunion;253620;204152;238208;126022;47991;869993;125004;110348;125930;65963;28809;456054;128616;93804;112278;60059;19182;413939;2022;974
976;Mayotte;160766;79525;45866;10172;2693;299022;81261;46124;22842;4859;1421;156507;79505;33401;23024;5313;1272;142515;2022;976
01;Ain;170271;149203;181355;107080;54123;662032;82326;74301;90992;55670;32128;335417;87945;74902;90363;51410;21995;326615;2021;1
02;Aisne;129149;114953;134760;99463;48658;526983;62796;57076;67788;51961;30026;269647;66353;57877;66972;47502;18632;257336;2021;2
03;Allier;67560;62460;85010;73343;46008;334381;32875;30498;43223;38879;28279;173754;34685;31962;41787;34464;17729;160627;2021;3
04;Alpes-de-Haute-Provence;34388;30769;43593;35918;21162;165830;16642;15296;22554;18581;12499;85572;17746;15473;21039;17337;8663;80258;2021;4
05;Hautes-Alpes;29152;26792;37359;30250;16677;140230;14017;13200;18930;15647;9948;71742;15135;13592;18429;14603;6729;68488;2021;5
06;Alpes-Maritimes;231909;237952;287232;203211;141947;1102251;113088;121633;149695;110418;86425;581259;118821;116319;137537;92793;55522;520992;2021;6
07;Ardèche;71584;61488;87895;69618;39427;330012;34699;30390;44349;35848;23430;168716;36885;31098;43546;33770;15997;161296;2021;7
08;Ardennes;62426;56391;70458;52830;26111;268216;30290;27737;35567;27481;16154;137229;32136;28654;34891;25349;9957;130987;2021;8
09;Ariège;31548;28949;40526;33648;19551;154222;15253;14127;20652;17175;11600;78807;16295;14822;19874;16473;7951;75415;2021;9
10;Aube;76261;69833;77493;56670;31574;311831;36691;34725;39240;30009;19400;160065;39570;35108;38253;26661;12174;151766;2021;10
11;Aude;79461;71582;97627;80850;47365;376885;38518;36131;50450;42699;28168;195966;40943;35451;47177;38151;19197;180919;2021;11
12;Aveyron;55957;52231;72293;60398;38692;279571;26948;24826;35801;30800;23012;141387;29009;27405;36492;29598;15680;138184;2021;12
13;Bouches-du-Rhône;480045;491440;526916;348873;207728;2055002;234457;252783;273713;187377;125310;1073640;245588;238657;253203;161496;82418;981362;2021;13
14;Calvados;162712;159461;173842;133257;69398;698670;79035;80330;88762;71283;43232;362642;83677;79131;85080;61974;26166;336028;2021;14
15;Cantal;27359;25833;38238;33057;19636;144123;13436;12577;18911;16739;12069;73732;13923;13256;19327;16318;7567;70391;2021;15
16;Charente;73016;69774;91525;74444;42817;351576;35250;34405;46682;39006;25943;181286;37766;35369;44843;35438;16874;170290;2021;16
17;Charente-Maritime;131520;123379;167662;150729;86089;659379;63642;61452;86466;80620;51551;343731;67878;61927;81196;70109;34538;315648;2021;17
18;Cher;63121;58642;76348;64183;37252;299546;30821;28719;38728;33885;22412;154565;32300;29923;37620;30298;14840;144981;2021;18
19;Corrèze;46990;44873;61621;52629;32463;238576;22452;21633;30836;27570;19958;122449;24538;23240;30785;25059;12505;116127;2021;19
21;Côte-d'Or;120441;130591;134406;96547;53290;535275;59134;65471;68651;51146;32402;276804;61307;65120;65755;45401;20888;258471;2021;21
22;Côtes-d'Armor;133829;112010;154101;130784;74487;605211;65380;55193;77900;68484;45712;312669;68449;56817;76201;62300;28775;292542;2021;22
23;Creuse;20767;19153;29673;28624;16833;115050;10158;9154;14888;14501;10349;59050;10609;9999;14785;14123;6484;56000;2021;23
24;Dordogne;77532;71845;107147;98608;57554;412686;37566;35483;55039;51278;34465;213831;39966;36362;52108;47330;23089;198855;2021;24
25;Doubs;133865;133237;137322;91212;50994;546630;65201;66291;68820;48191;30519;279022;68664;66946;68502;43021;20475;267608;2021;25
26;Drôme;123387;110117;134437;96296;55184;519421;59794;55130;68845;50800;32975;267544;63593;54987;65592;45496;22209;251877;2021;26
27;Eure;151773;128628;159329;108131;50543;598404;74241;64787;80537;56778;30793;307136;77532;63841;78792;51353;19750;291268;2021;27
28;Eure-et-Loir;107740;90822;113954;77551;40445;430512;52406;45609;57280;40505;24298;220098;55334;45213;56674;37046;16147;210414;2021;28
29;Finistère;201697;192878;238701;185388;101615;920279;98121;93837;119508;97534;64006;473006;103576;99041;119193;87854;37609;447273;2021;29
30;Gard;170707;153873;196154;149974;82801;753509;82959;77499;101325;79132;49475;390390;87748;76374;94829;70842;33326;363119;2021;30
31;Haute-Garonne;337803;406177;368411;207645;114232;1434268;166325;204103;186055;110578;69358;736419;171478;202074;182356;97067;44874;697849;2021;31
32;Gers;38464;32894;51431;42935;26435;192159;18449;16454;26200;21979;15424;98506;20015;16440;25231;20956;11011;93653;2021;32
33;Gironde;378671;419828;432657;274672;149497;1655325;186249;214493;221525;148074;91605;861946;192422;205335;211132;126598;57892;793379;2021;33
34;Hérault;273321;292841;299789;214337;123620;1203908;134380;149711;155502;115776;73759;629128;138941;143130;144287;98561;49861;574780;2021;34
35;Ille-et-Vilaine;273748;277789;282012;170272;95253;1099074;133827;139073;141046;89864;58439;562249;139921;138716;140966;80408;36814;536825;2021;35
36;Indre;42925;39429;55809;48740;30475;217378;20961;19509;28183;25195;18508;112356;21964;19920;27626;23545;11967;105022;2021;36
37;Indre-et-Loire;141433;142231;155422;110962;64071;614119;69139;72396;79406;58779;38867;318587;72294;69835;76016;52183;25204;295532;2021;37
38;Isère;323128;304848;335835;206185;112530;1282526;157498;151390;169257;108274;67580;653999;165630;153458;166578;97911;44950;628527;2021;38
39;Jura;57423;51692;68202;50904;29770;257991;28067;25413;34478;26406;17791;132155;29356;26279;33724;24498;11979;125836;2021;39
40;Landes;87584;79286;114411;90268;50123;421672;42156;39431;58058;47448;29863;216956;45428;39855;56353;42820;20260;204716;2021;40
41;Loir-et-Cher;73532;62934;85184;67115;39506;328271;35670;31146;42946;35286;23613;168661;37862;31788;42238;31829;15893;159610;2021;41
42;Loire;185915;169429;191017;138498;84253;769112;89769;84705;96632;73650;51407;396163;96146;84724;94385;64848;32846;372949;2021;42
43;Haute-Loire;50251;43408;60174;47322;25956;227111;24239;21180;29939;24042;15834;115234;26012;22228;30235;23280;10122;111877;2021;43
44;Loire-Atlantique;363690;362426;376706;236062;123622;1462506;177505;180021;190252;126083;76794;750655;186185;182405;186454;109979;46828;711851;2021;44
45;Loiret;171116;155409;173823;118443;65149;683940;83121;77846;88160;62558;39089;350774;87995;77563;85663;55885;26060;333166;2021;45
46;Lot;32852;29406;44971;42810;24868;174907;15897;14336;22831;22107;14586;89757;16955;15070;22140;20703;10282;85150;2021;46
47;Lot-et-Garonne;70260;62922;83839;69572;43396;329989;34181;31740;43100;36818;25715;171554;36079;31182;40739;32754;17681;158435;2021;47
48;Lozère;15930;14950;20285;16412;9016;76593;7611;7299;9909;8122;5381;38322;8319;7651;10376;8290;3635;38271;2021;48
49;Maine-et-Loire;206028;189823;205531;141369;80301;823052;100711;95806;103421;74488;48890;423316;105317;94017;102110;66881;31411;399736;2021;49
50;Manche;107017;98074;127166;103639;58578;494474;51941;47669;63839;53561;35867;252877;55076;50405;63327;50078;22711;241597;2021;50
51;Marne;135055;139329;142179;99459;49663;565685;66281;69306;72152;53476;30857;292072;68774;70023;70027;45983;18806;273613;2021;51
52;Haute-Marne;35500;34728;43486;36452;20114;170280;17234;16315;21844;19066;12272;86731;18266;18413;21642;17386;7842;83549;2021;52
53;Mayenne;75316;62979;78825;56032;32891;306043;36511;30526;38968;28951;19693;154649;38805;32453;39857;27081;13198;151394;2021;53
54;Meurthe-et-Moselle;169044;186579;183135;126753;65879;731390;82457;92676;92846;67419;40840;376238;86587;93903;90289;59334;25039;355152;2021;54
55;Meuse;40121;37696;46846;37644;18858;181165;19359;17965;23262;19207;11648;91441;20762;19731;23584;18437;7210;89724;2021;55
56;Morbihan;169032;147984;199926;164315;87360;768617;81376;72512;101398;86776;53539;395601;87656;75472;98528;77539;33821;373016;2021;56
57;Moselle;233246;247861;279896;192594;96015;1049612;113280;121729;141228;101624;58723;536584;119966;126132;138668;90970;37292;513028;2021;57
58;Nièvre;38608;35414;49881;48260;28854;201017;18799;17170;25333;25158;17932;104392;19809;18244;24548;23102;10922;96625;2021;58
59;Nord;675191;669093;649383;416384;197284;2607335;329134;338474;330508;225201;125903;1349220;346057;330619;318875;191183;71381;1258115;2021;59
60;Oise;218289;193419;222339;135462;61051;830560;107418;97385;111745;70988;37163;424699;110871;96034;110594;64474;23888;405861;2021;60
61;Orne;59983;52320;69753;59525;35019;276600;28734;25728;34976;30877;21291;141606;31249;26592;34777;28648;13728;134994;2021;61
62;Pas-de-Calais;367851;334864;374466;261667;120490;1459338;179039;166855;188592;140338;77663;752487;188812;168009;185874;121329;42827;706851;2021;62
63;Puy-de-Dôme;148944;154432;170172;123301;67340;664189;73500;77252;85410;65070;41312;342544;75444;77180;84762;58231;26028;321645;2021;63
64;Pyrénées-Atlantiques;144582;143847;183943;135799;82749;690920;69900;71970;94294;72112;51002;359278;74682;71877;89649;63687;31747;331642;2021;64
65;Hautes-Pyrénées;45666;44606;59515;49862;30494;230143;21823;21774;30592;26208;18682;119079;23843;22832;28923;23654;11812;111064;2021;65
66;Pyrénées-Orientales;104587;94162;124250;101387;61265;485651;51037;48280;64903;54274;36836;255330;53550;45882;59347;47113;24429;230321;2021;66
67;Bas-Rhin;261488;292893;304599;196163;99569;1154712;127985;148621;153864;102289;60074;592833;133503;144272;150735;93874;39495;561879;2021;67
68;Haut-Rhin;176232;172984;209331;138704;70385;767636;85208;86173;105484;71877;42053;390795;91024;86811;103847;66827;28332;376841;2021;68
69;Rhône;476739;531700;463313;264271;159403;1895426;233574;272397;235844;143486;97351;982652;243165;259303;227469;120785;62052;912774;2021;69
70;Haute-Saône;53228;45739;62761;47939;23826;233493;25782;22445;31493;24754;14206;118680;27446;23294;31268;23185;9620;114813;2021;70
71;Saône-et-Loire;118029;104809;141508;116196;68925;549467;57021;51098;71640;60602;41758;282119;61008;53711;69868;55594;27167;267348;2021;71
72;Sarthe;136128;120276;144768;105275;60621;567068;66095;60085;72709;55254;36853;290996;70033;60191;72059;50021;23768;276072;2021;72
73;Savoie;102038;99061;119271;78791;42738;441899;49194;49031;59776;41295;25951;225247;52844;50030;59495;37496;16787;216652;2021;73
74;Haute-Savoie;207610;210399;232276;126761;66629;843675;100154;104465;116888;66925;40052;428484;107456;105934;115388;59836;26577;415191;2021;74
75;Paris;399063;708931;536725;312543;173842;2131104;198780;374958;275158;172988;107799;1129683;200283;333973;261567;139555;66043;1001421;2021;75
76;Seine-Maritime;302786;300835;310669;222948;117096;1254334;147544;151086;158907;119648;72863;650048;155242;149749;151762;103300;44233;604286;2021;76
77;Seine-et-Marne;390229;359555;385073;207929;93293;1436079;190465;184298;196873;109152;56528;737316;199764;175257;188200;98777;36765;698763;2021;77
78;Yvelines;386469;344871;394424;211896;115192;1452852;188114;175222;200255;113557;69080;746228;198355;169649;194169;98339;46112;706624;2021;78
79;Deux-Sèvres;85413;73728;99686;73475;42126;374428;41343;36062;50160;38210;25072;190847;44070;37666;49526;35265;17054;183581;2021;79
80;Somme;135528;134732;143210;101843;51559;566872;65975;67729;72213;54029;31829;291775;69553;67003;70997;47814;19730;275097;2021;80
81;Tarn;84958;75254;102554;79333;50229;392328;41155;37606;52414;41637;30193;203005;43803;37648;50140;37696;20036;189323;2021;81
82;Tarn-et-Garonne;63374;52530;70575;49193;27832;263504;30615;26268;35671;25604;16396;134554;32759;26262;34904;23589;11436;128950;2021;82
83;Var;224276;221506;279358;223713;145274;1094127;107969;110714;143978;120029;86199;568889;116307;110792;135380;103684;59075;525238;2021;83
84;Vaucluse;131854;119015;146375;104824;60632;562700;63829;60661;75328;56267;36335;292420;68025;58354;71047;48557;24297;270280;2021;84
85;Vendée;158596;133939;178793;146973;80269;698570;76719;66167;89767;76822;47755;357230;81877;67772;89026;70151;32514;341340;2021;85
86;Vienne;101503;102990;108269;80586;46813;440161;49985;52265;55226;42178;28191;227845;51518;50725;53043;38408;18622;212316;2021;86
87;Haute-Vienne;78033;79992;93672;75325;44465;371487;38453;40903;47624;40004;27201;194185;39580;39089;46048;35321;17264;177302;2021;87
88;Vosges;77239;71723;94149;76681;40123;359915;37410;35112;47149;39941;24860;184472;39829;36611;47000;36740;15263;175443;2021;88
89;Yonne;74688;64891;86127;68743;38171;332620;36155;31925;43476;35812;23141;170509;38533;32966;42651;32931;15030;162111;2021;89
90;Territoire de Belfort;32989;32186;36149;24484;13168;138976;15789;15062;18184;12930;8009;69974;17200;17124;17965;11554;5159;69002;2021;90
91;Essonne;353229;334605;344646;181855;94557;1308892;172440;168084;174106;96198;56513;667341;180789;166521;170540;85657;38044;641551;2021;91
92;Hauts-de-Seine;399770;457441;436639;217222;120098;1631170;195968;235683;227965;120236;74497;854349;203802;221758;208674;96986;45601;776821;2021;92
93;Seine-Saint-Denis;482291;469947;423951;202924;85743;1664856;236218;240582;210246;105856;50949;843851;246073;229365;213705;97068;34794;821005;2021;93
94;Val-de-Marne;359029;392985;368442;193539;99786;1413781;175627;201733;189613;103764;61814;732551;183402;191252;178829;89775;37972;681230;2021;94
95;Val-d'Oise;357476;328166;325143;172902;74830;1258517;174309;168660;165926;91621;44976;645492;183167;159506;159217;81281;29854;613025;2021;95
2A;Corse-du-Sud;32708;33905;44734;31065;19460;161872;15856;17605;22819;15990;11341;83611;16852;16300;21915;15075;8119;78261;2021;201
2B;Haute-Corse;36293;42620;49259;35458;20855;184485;17496;21391;25363;18240;11993;94483;18797;21229;23896;17218;8862;90002;2021;202
971;Guadeloupe ;91644;72827;108736;73329;35070;381606;44938;40443;61600;39360;20930;207271;46706;32384;47136;33969;14140;174335;2021;971
972;Martinique ;76899;68143;102686;72467;36996;357191;38072;37487;57761;38933;21992;194245;38827;30656;44925;33534;15004;162946;2021;972
973;Guyane;120311;79784;61941;22262;6416;290714;60075;42764;32287;11171;3688;149985;60236;37020;29654;11091;2728;140729;2021;973
974;La Réunion;255661;204903;239185;121001;45919;866669;125811;110705;125823;63524;27822;453685;129850;94198;113362;57477;18097;412984;2021;974
976;Mayotte;155224;76788;44285;9822;2606;288725;78461;44537;22054;4691;1375;151118;76763;32251;22231;5131;1231;137607;2021;976
01;Ain;170220;149199;180000;104799;53638;657856;82370;74388;90278;54433;31796;333265;87850;74811;89722;50366;21842;324591;2020;1
02;Aisne;131255;115693;135894;97798;48734;529374;63784;57443;68548;50954;30272;271001;67471;58250;67346;46844;18462;258373;2020;2
03;Allier;68639;62570;86107;72513;45799;335628;33416;30665;43782;38438;28179;174480;35223;31905;42325;34075;17620;161148;2020;3
04;Alpes-de-Haute-Provence;34704;30655;43729;35364;20999;165451;16741;15298;22607;18290;12381;85317;17963;15357;21122;17074;8618;80134;2020;4
05;Hautes-Alpes;29682;27101;37723;29585;16514;140605;14312;13355;19144;15238;9883;71932;15370;13746;18579;14347;6631;68673;2020;5
06;Alpes-Maritimes;231865;238190;286952;200202;140201;1097410;113085;121726;149412;108788;85539;578550;118780;116464;137540;91414;54662;518860;2020;6
07;Ardèche;72242;61483;88061;68701;38838;329325;35094;30528;44307;35417;23089;168435;37148;30955;43754;33284;15749;160890;2020;7
08;Ardennes;63202;57010;71450;51785;26254;269701;30658;28080;36017;27012;16249;138016;32544;28930;35433;24773;10005;131685;2020;8
09;Ariège;31842;28877;40807;32967;19461;153954;15322;14205;20731;16839;11577;78674;16520;14672;20076;16128;7884;75280;2020;9
10;Aube;76308;69712;77760;56161;31494;311435;36711;34717;39457;29541;19437;159863;39597;34995;38303;26620;12057;151572;2020;10
11;Aude;80030;71304;97644;79649;46590;375217;38841;36132;50379;41925;27717;194994;41189;35172;47265;37724;18873;180223;2020;11
12;Aveyron;56530;52232;72656;59408;38728;279554;27185;24959;35953;30270;23111;141478;29345;27273;36703;29138;15617;138076;2020;12
13;Bouches-du-Rhône;480858;492111;525822;343846;205433;2048070;234853;253215;273130;184380;124250;1069828;246005;238896;252692;159466;81183;978242;2020;13
14;Calvados;163862;159750;174111;131070;68754;697547;79570;80672;88770;69886;43174;362072;84292;79078;85341;61184;25580;335475;2020;14
15;Cantal;27489;25970;38682;32473;19765;144379;13496;12708;19046;16477;12102;73829;13993;13262;19636;15996;7663;70550;2020;15
16;Charente;73729;69854;92170;73292;42673;351718;35522;34530;47011;38392;25795;181250;38207;35324;45159;34900;16878;170468;2020;16
17;Charente-Maritime;133025;122763;167092;147994;84835;655709;64352;61393;85992;79173;50801;341711;68673;61370;81100;68821;34034;313998;2020;17
18;Cher;63748;59086;77303;63609;37187;300933;31146;28977;39234;33396;22432;155185;32602;30109;38069;30213;14755;145748;2020;18
19;Corrèze;47715;44920;62169;51819;32567;239190;22835;21663;31100;27163;20059;122820;24880;23257;31069;24656;12508;116370;2020;19
21;Côte-d'Or;121391;130590;134840;95117;53140;535078;59788;65519;68760;50248;32438;276753;61603;65071;66080;44869;20702;258325;2020;21
22;Côtes-d'Armor;135016;111650;154303;128600;74071;603640;65899;55213;77955;67281;45675;312023;69117;56437;76348;61319;28396;291617;2020;22
23;Creuse;21077;19333;30267;28255;17063;115995;10245;9297;15213;14300;10520;59575;10832;10036;15054;13955;6543;56420;2020;23
24;Dordogne;78537;71907;108152;97034;57177;412807;38101;35596;55514;50444;34278;213933;40436;36311;52638;46590;22899;198874;2020;24
25;Doubs;134249;133374;136952;90093;50541;545209;65389;66340;68639;47575;30359;278302;68860;67034;68313;42518;20182;266907;2020;25
26;Drôme;124373;109858;134309;94958;54211;517709;60216;55171;68769;49944;32489;266589;64157;54687;65540;45014;21722;251120;2020;26
27;Eure;153451;129760;159746;106165;50546;599668;74951;65536;80629;55641;30908;307665;78500;64224;79117;50524;19638;292003;2020;27
28;Eure-et-Loir;108818;91490;114316;76406;40413;431443;52927;45999;57409;39878;24324;220537;55891;45491;56907;36528;16089;210906;2020;28
29;Finistère;203935;192640;239130;180934;100540;917179;99089;93879;119527;95179;63712;471386;104846;98761;119603;85755;36828;445793;2020;29
30;Gard;172000;154370;196244;147375;81468;751457;83663;77816;101435;77735;48694;389343;88337;76554;94809;69640;32774;362114;2020;30
31;Haute-Garonne;334342;404123;363352;201899;112041;1415757;164288;203140;183340;107821;68025;726614;170054;200983;180012;94078;44016;689143;2020;31
32;Gers;38857;32745;51902;42023;26292;191819;18657;16387;26356;21574;15381;98355;20200;16358;25546;20449;10911;93464;2020;32
33;Gironde;377168;416214;427660;268466;146883;1636391;185269;212750;219130;144600;90153;851902;191899;203464;208530;123866;56730;784489;2020;33
34;Hérault;270415;291020;296380;210451;120707;1188973;132850;148937;153817;113715;71990;621309;137565;142083;142563;96736;48717;567664;2020;34
35;Ille-et-Vilaine;273721;276346;279244;165901;93643;1088855;133778;138371;139723;87737;57484;557093;139943;137975;139521;78164;36159;531762;2020;35
36;Indre;43760;39250;56768;48357;30572;218707;21375;19465;28700;24957;18593;113090;22385;19785;28068;23400;11979;105617;2020;36
37;Indre-et-Loire;142233;141670;155330;109147;63739;612119;69585;72272;79054;57955;38722;317588;72648;69398;76276;51192;25017;294531;2020;37
38;Isère;324217;304085;334922;202600;111689;1277513;157911;151287;168657;106294;67160;651309;166306;152798;166265;96306;44529;626204;2020;38
39;Jura;58462;51821;68534;50324;29657;258798;28600;25484;34693;25983;17836;132596;29862;26337;33841;24341;11821;126202;2020;39
40;Landes;88101;79002;113677;87980;49362;418122;42450;39364;57656;46207;29578;215255;45651;39638;56021;41773;19784;202867;2020;40
41;Loir-et-Cher;74367;63270;85889;66189;39642;329357;36108;31396;43321;34679;23765;169269;38259;31874;42568;31510;15877;160088;2020;41
42;Loire;186751;168982;191050;137388;84337;768508;90283;84666;96724;72811;51813;396297;96468;84316;94326;64577;32524;372211;2020;42
43;Haute-Loire;50912;43404;60562;46456;26155;227489;24607;21174;30086;23623;16040;115530;26305;22230;30476;22833;10115;111959;2020;43
44;Loire-Atlantique;362743;359109;371254;230164;121901;1445171;177054;178632;187477;123041;75940;742144;185689;180477;183777;107123;45961;703027;2020;44
45;Loiret;171534;155521;174099;116614;64536;682304;83439;78139;88192;61409;38844;350023;88095;77382;85907;55205;25692;332281;2020;45
46;Lot;33054;29574;45217;42034;24791;174670;16019;14461;23024;21636;14648;89788;17035;15113;22193;20398;10143;84882;2020;46
47;Lot-et-Garonne;70820;63346;84532;68778;43368;330844;34401;32052;43389;36385;25692;171919;36419;31294;41143;32393;17676;158925;2020;47
48;Lozère;16026;14981;20490;16035;9101;76633;7631;7353;9993;7960;5438;38375;8395;7628;10497;8075;3663;38258;2020;48
49;Maine-et-Loire;207680;189876;205145;138103;79909;820713;101539;95666;103366;72650;48712;421933;106141;94210;101779;65453;31197;398780;2020;49
50;Manche;108243;98580;128269;101478;58523;495093;52453;48070;64299;52539;35909;253270;55790;50510;63970;48939;22614;241823;2020;50
51;Marne;136379;139751;143029;97985;49515;566659;66819;69630;72625;52497;30891;292462;69560;70121;70404;45488;18624;274197;2020;51
52;Haute-Marne;36290;34986;44203;36032;20287;171798;17637;16532;22191;18725;12468;87553;18653;18454;22012;17307;7819;84245;2020;52
53;Mayenne;76439;63013;78871;54922;33293;306538;37055;30717;39039;28299;19980;155090;39384;32296;39832;26623;13313;151448;2020;53
54;Meurthe-et-Moselle;170446;187468;183737;124651;66288;732590;83056;93137;93047;66307;41278;376825;87390;94331;90690;58344;25010;355765;2020;54
55;Meuse;41034;38111;47662;37014;19180;183001;19810;18222;23607;18914;11901;92454;21224;19889;24055;18100;7279;90547;2020;55
56;Morbihan;170119;148181;199749;159944;86168;764161;81961;72776;101203;84522;52953;393415;88158;75405;98546;75422;33215;370746;2020;56
57;Moselle;234744;248658;281406;187284;97063;1049155;113928;122304;142194;98372;59489;536287;120816;126354;139212;88912;37574;512868;2020;57
58;Nièvre;39249;35870;50694;47807;29050;202670;19082;17450;25718;24889;18099;105238;20167;18420;24976;22918;10951;97432;2020;58
59;Nord;681029;670937;649696;409543;196541;2607746;332097;339490;330421;221319;126068;1349395;348932;331447;319275;188224;70473;1258351;2020;59
60;Oise;219240;193935;222628;133072;60824;829699;107910;97644;111711;69837;37075;424177;111330;96291;110917;63235;23749;405522;2020;60
61;Orne;61124;52770;70712;58705;35164;278475;29369;25995;35416;30380;21447;142607;31755;26775;35296;28325;13717;135868;2020;61
62;Pas-de-Calais;372334;336837;376108;256550;120338;1462167;181263;167767;189604;137393;77994;754021;191071;169070;186504;119157;42344;708146;2020;62
63;Puy-de-Dôme;148914;154149;170049;122037;66703;661852;73405;77228;85238;64359;41183;341413;75509;76921;84811;57678;25520;320439;2020;63
64;Pyrénées-Atlantiques;145229;143772;183720;132502;82017;687240;70190;72201;94028;70334;50665;357418;75039;71571;89692;62168;31352;329822;2020;64
65;Hautes-Pyrénées;46080;44216;59781;49010;30701;229788;22084;21596;30737;25681;18863;118961;23996;22620;29044;23329;11838;110827;2020;65
66;Pyrénées-Orientales;105134;94208;123424;99498;60501;482765;51143;48423;64374;53319;36377;253636;53991;45785;59050;46179;24124;229129;2020;66
67;Bas-Rhin;261999;291811;304346;189691;100226;1148073;128106;148292;153616;98738;60665;589417;133893;143519;150730;90953;39561;558656;2020;67
68;Haut-Rhin;177923;173599;210065;135009;71246;767842;86062;86911;105644;69837;42657;391111;91861;86688;104421;65172;28589;376731;2020;68
69;Rhône;475784;529554;459354;260079;158666;1883437;233219;271411;233667;141282;97039;976618;242565;258143;225687;118797;61627;906819;2020;69
70;Haute-Saône;54226;46060;63152;47276;23887;234601;26217;22706;31657;24285;14278;119143;28009;23354;31495;22991;9609;115458;2020;70
71;Saône-et-Loire;119364;105136;142651;114830;69082;551063;57714;51381;72142;59913;41976;283126;61650;53755;70509;54917;27106;267937;2020;71
72;Sarthe;137645;120127;145416;103365;60440;566993;66961;60209;72800;54244;36821;291035;70684;59918;72616;49121;23619;275958;2020;72
73;Savoie;101734;99305;118813;77117;42781;439750;49026;49232;59445;40386;26001;224090;52708;50073;59368;36731;16780;215660;2020;73
74;Haute-Savoie;206680;209281;229535;124221;65489;835206;99902;104070;115392;65519;39559;424442;106778;105211;114143;58702;25930;410764;2020;74
75;Paris;405280;715136;539898;312314;173278;2145906;201609;377847;276948;173010;107603;1137017;203671;337289;262950;139304;65675;1008889;2020;75
76;Seine-Maritime;305272;300887;312908;219642;116030;1254739;148709;151442;159949;117772;72700;650572;156563;149445;152959;101870;43330;604167;2020;76
77;Seine-et-Marne;391431;358578;384056;202623;91948;1428636;191203;184194;195876;106002;55917;733192;200228;174384;188180;96621;36031;695444;2020;77
78;Yvelines;387059;345225;394362;208723;114354;1449723;188456;175682;199863;111709;68623;744333;198603;169543;194499;97014;45731;705390;2020;78
79;Deux-Sèvres;86209;74110;100068;71867;42227;374481;41729;36423;50392;37219;25171;190934;44480;37687;49676;34648;17056;183547;2020;79
80;Somme;137272;135172;144084;100895;51325;568748;66771;67999;72620;53485;31839;292714;70501;67173;71464;47410;19486;276034;2020;80
81;Tarn;85576;75277;102743;77679;49791;391066;41594;37704;52316;40798;29949;202361;43982;37573;50427;36881;19842;188705;2020;81
82;Tarn-et-Garonne;63608;52594;70262;48084;27768;262316;30770;26311;35546;24958;16404;133989;32838;26283;34716;23126;11364;128327;2020;82
83;Var;225243;219523;278463;220155;141805;1085189;108668;109706;143724;117848;84192;564138;116575;109817;134739;102307;57613;521051;2020;83
84;Vaucluse;132417;119523;146620;103815;59566;561941;64221;60973;75473;55561;35850;292078;68196;58550;71147;48254;23716;269863;2020;84
85;Vendée;159544;133938;177826;142876;78521;692705;77227;66213;89343;74476;46928;354187;82317;67725;88483;68400;31593;338518;2020;85
86;Vienne;101593;103292;108502;79214;46731;439332;50160;52315;55391;41345;28241;227452;51433;50977;53111;37869;18490;211880;2020;86
87;Haute-Vienne;78763;80301;94461;74243;44355;372123;38694;41088;48108;39355;27253;194498;40069;39213;46353;34888;17102;177625;2020;87
88;Vosges;78912;72253;95255;75560;40417;362397;38267;35429;47770;39285;25127;185878;40645;36824;47485;36275;15290;176519;2020;88
89;Yonne;75790;65474;86749;68033;38110;334156;36622;32418;43901;35211;23191;171343;39168;33056;42848;32822;14919;162813;2020;89
90;Territoire de Belfort;33730;32571;36345;24233;13241;140120;16066;15391;18302;12705;8111;70575;17664;17180;18043;11528;5130;69545;2020;90
91;Essonne;353924;334377;345360;178127;94330;1306118;172870;168550;174064;94248;56559;666291;181054;165827;171296;83879;37771;639827;2020;91
92;Hauts-de-Seine;402101;457041;434343;212763;119965;1626213;197098;235587;226886;117416;74603;851590;205003;221454;207457;95347;45362;774623;2020;92
93;Seine-Saint-Denis;481326;468566;421163;198676;85691;1655422;235620;240089;209251;103110;51028;839098;245706;228477;211912;95566;34663;816324;2020;93
94;Val-de-Marne;359613;391400;367580;189325;100054;1407972;176140;201223;188973;101226;62363;729925;183473;190177;178607;88099;37691;678047;2020;94
95;Val-d'Oise;356934;327413;323792;169170;74495;1251804;174122;168578;165217;89356;45010;642283;182812;158835;158575;79814;29485;609521;2020;95
2A;Corse-du-Sud;32605;34415;44280;30336;19178;160814;15797;17925;22573;15659;11103;83057;16808;16490;21707;14677;8075;77757;2020;201
2B;Haute-Corse;36319;42626;48880;34619;20443;182887;17492;21370;25106;17873;11768;93609;18827;21256;23774;16746;8675;89278;2020;202
971;Guadeloupe ;93699;73301;111300;71453;33806;383559;46015;40816;62782;38364;20304;208281;47684;32485;48518;33089;13502;175278;2020;971
972;Martinique ;79594;68673;106060;70684;36214;361225;39533;37612;59307;38056;21619;196127;40061;31061;46753;32628;14595;165098;2020;972
973;Guyane;118987;78568;60584;21073;5921;285133;59353;41916;31406;10583;3409;146667;59634;36652;29178;10490;2512;138466;2020;973
974;La Réunion;257801;206054;239355;115742;44131;863083;126834;111233;125594;60596;26809;451066;130967;94821;113761;55146;17322;412017;2020;974
976;Mayotte;150367;74388;42900;9513;2528;279696;76008;43145;21364;4543;1332;146392;74359;31243;21536;4970;1196;133304;2020;976
01;Ain;169629;148849;178829;102281;52844;652432;82028;74399;89607;52993;31548;330575;87601;74450;89222;49288;21296;321857;2019;1
02;Aisne;133588;115580;137655;95956;48566;531345;64855;57517;69523;49961;30360;272216;68733;58063;68132;45995;18206;259129;2019;2
03;Allier;69487;62465;87252;71240;45531;335975;33706;30909;44293;37833;28041;174782;35781;31556;42959;33407;17490;161193;2019;3
04;Alpes-de-Haute-Provence;34831;30297;43729;34647;20804;164308;16635;15165;22515;17886;12264;84465;18196;15132;21214;16761;8540;79843;2019;4
05;Hautes-Alpes;30595;27481;38222;28898;16024;141220;14731;13642;19380;14950;9559;72262;15864;13839;18842;13948;6465;68958;2019;5
06;Alpes-Maritimes;233189;239709;287563;197248;136574;1094283;113852;122510;149434;107295;83592;576683;119337;117199;138129;89953;52982;517600;2019;6
07;Ardèche;73042;61548;88431;67049;38208;328278;35682;30626;44354;34463;22904;168029;37360;30922;44077;32586;15304;160249;2019;7
08;Ardennes;63776;57208;72468;50655;26475;270582;30930;28296;36413;26394;16394;138427;32846;28912;36055;24261;10081;132155;2019;8
09;Ariège;31578;28930;41128;32096;19555;153287;15269;14110;20870;16336;11653;78238;16309;14820;20258;15760;7902;75049;2019;9
10;Aube;75763;69695;78270;55651;30863;310242;36686;34486;39774;29167;19232;159345;39077;35209;38496;26484;11631;150897;2019;10
11;Aude;81218;71161;97666;78470;45555;374070;39453;35981;50357;41198;27216;194205;41765;35180;47309;37272;18339;179865;2019;11
12;Aveyron;57231;52295;73157;58276;38636;279595;27441;24971;36322;29718;23112;141564;29790;27324;36835;28558;15524;138031;2019;12
13;Bouches-du-Rhône;485338;491519;527109;338373;200771;2043110;237380;252136;273748;181769;121898;1066931;247958;239383;253361;156604;78873;976179;2019;13
14;Calvados;162591;160230;174958;128048;69078;694905;78869;81153;89148;68225;43457;360852;83722;79077;85810;59823;25621;334053;2019;14
15;Cantal;27642;25953;39101;32032;19964;144692;13630;12657;19244;16207;12211;73949;14012;13296;19857;15825;7753;70743;2019;15
16;Charente;73777;70185;93083;72137;42833;352015;35768;34693;47629;37613;25911;181614;38009;35492;45454;34524;16922;170401;2019;16
17;Charente-Maritime;133325;122894;166669;144367;84103;651358;64745;61364;85816;77279;50601;339805;68580;61530;80853;67088;33502;311553;2019;17
18;Cher;64020;59382;79185;62735;36984;302306;31299;29141;40112;32871;22396;155819;32721;30241;39073;29864;14588;146487;2019;18
19;Corrèze;48851;44534;62906;51304;32478;240073;23320;21626;31658;26892;20035;123531;25531;22908;31248;24412;12443;116542;2019;19
21;Côte-d'Or;121319;131123;135882;93345;52455;534124;59596;66067;69486;49189;32114;276452;61723;65056;66396;44156;20341;257672;2019;21
22;Côtes-d'Armor;135520;110460;154801;125800;74001;600582;65993;54680;77962;65862;45875;310372;69527;55780;76839;59938;28126;290210;2019;22
23;Creuse;21350;19407;30818;27751;17291;116617;10410;9385;15444;13985;10722;59946;10940;10022;15374;13766;6569;56671;2019;23
24;Dordogne;79907;71872;109005;95062;57377;413223;38885;35526;56009;49388;34464;214272;41022;36346;52996;45674;22913;198951;2019;24
25;Doubs;134289;133859;137043;89019;49764;543974;65541;66471;68879;46905;30031;277827;68748;67388;68164;42114;19733;266147;2019;25
26;Drôme;125880;109862;134688;93255;53077;516762;61368;55116;68849;49137;31966;266436;64512;54746;65839;44118;21111;250326;2019;26
27;Eure;154485;129469;160800;104372;50381;599507;75315;65265;81148;54554;30938;307220;79170;64204;79652;49818;19443;292287;2019;27
28;Eure-et-Loir;109734;91478;114712;75040;40611;431575;53440;45848;57728;38965;24538;220519;56294;45630;56984;36075;16073;211056;2019;28
29;Finistère;205052;193345;240737;176336;99620;915090;99705;94188;120130;93000;63357;470380;105347;99157;120607;83336;36263;444710;2019;29
30;Gard;172903;155037;197144;144276;79077;748437;84012;78466;101904;76012;47358;387752;88891;76571;95240;68264;31719;360685;2019;30
31;Haute-Garonne;332599;400154;360448;197529;109309;1400039;163483;200753;181717;105386;66508;717847;169116;199401;178731;92143;42801;682192;2019;31
32;Gers;38964;33029;51989;41172;26223;191377;18720;16459;26403;21098;15386;98066;20244;16570;25586;20074;10837;93311;2019;32
33;Gironde;376615;413300;426496;263610;143728;1623749;184542;211786;218427;141671;88566;844992;192073;201514;208069;121939;55162;778757;2019;33
34;Hérault;268486;288803;294040;206870;117424;1175623;131430;148236;152288;111804;70174;613932;137056;140567;141752;95066;47250;561691;2019;34
35;Ille-et-Vilaine;273671;273977;278649;161130;92071;1079498;133924;137109;139369;85290;56709;552401;139747;136868;139280;75840;35362;527097;2019;35
36;Indre;44524;39202;57644;47502;30444;219316;21748;19431;29149;24533;18512;113373;22776;19771;28495;22969;11932;105943;2019;36
37;Indre-et-Loire;143147;140671;156061;107358;62842;610079;70308;72011;79271;56957;38268;316815;72839;68660;76790;50401;24574;293264;2019;37
38;Isère;324439;304113;334609;198715;109290;1271166;157995;151833;168456;104436;65714;648434;166444;152280;166153;94279;43576;622732;2019;38
39;Jura;59399;51802;69256;49491;29251;259199;28989;25488;34938;25586;17712;132713;30410;26314;34318;23905;11539;126486;2019;39
40;Landes;88325;78391;113329;85564;48081;413690;42613;39224;57454;44985;28898;213174;45712;39167;55875;40579;19183;200516;2019;40
41;Loir-et-Cher;74769;63363;86581;65014;39743;329470;36362;31635;43649;33948;23908;169502;38407;31728;42932;31066;15835;159968;2019;41
42;Loire;186413;169748;191521;134956;82996;765634;90268;85092;96915;71480;51388;395143;96145;84656;94606;63476;31608;370491;2019;42
43;Haute-Loire;51643;43342;61421;45228;25936;227570;25052;21112;30593;22993;15964;115714;26591;22230;30828;22235;9972;111856;2019;43
44;Loire-Atlantique;362765;354475;369175;223700;119157;1429272;176894;176827;186616;119491;74755;734583;185871;177648;182559;104209;44402;694689;2019;44
45;Loiret;172390;156257;174058;114381;63348;680434;84013;78640;87935;60121;38309;349018;88377;77617;86123;54260;25039;331416;2019;45
46;Lot;32673;29811;45498;40876;25236;174094;15809;14678;23113;21052;14959;89611;16864;15133;22385;19824;10277;84483;2019;46
47;Lot-et-Garonne;71365;64030;85274;67537;43065;331271;34655;32470;43797;35665;25506;172093;36710;31560;41477;31872;17559;159178;2019;47
48;Lozère;15793;15037;20579;15754;9441;76604;7584;7355;10031;7770;5571;38311;8209;7682;10548;7984;3870;38293;2019;48
49;Maine-et-Loire;206741;190480;205971;134876;80205;818273;100993;95942;103698;70833;48864;420330;105748;94538;102273;64043;31341;397943;2019;49
50;Manche;108878;98363;129122;98778;59904;495045;53180;47772;64628;51118;36872;253570;55698;50591;64494;47660;23032;241475;2019;50
51;Marne;136557;140530;144293;96048;49427;566855;66874;69969;73248;51452;30985;292528;69683;70561;71045;44596;18442;274327;2019;51
52;Haute-Marne;36638;35189;45251;35135;20299;172512;17864;16590;22795;18255;12508;88012;18774;18599;22456;16880;7791;84500;2019;52
53;Mayenne;76958;63144;79650;53681;33629;307062;37417;30884;39488;27676;20229;155694;39541;32260;40162;26005;13400;151368;2019;53
54;Meurthe-et-Moselle;170660;188939;185508;122274;66379;733760;83274;93748;93823;64891;41408;377144;87386;95191;91685;57383;24971;356616;2019;54
55;Meuse;42030;38281;48494;36090;19188;184083;20325;18281;24016;18410;11943;92975;21705;20000;24478;17680;7245;91108;2019;55
56;Morbihan;170877;147814;200366;154824;85803;759684;82718;72385;101453;81630;53077;391263;88159;75429;98913;73194;32726;368421;2019;56
57;Moselle;235229;248242;284029;181955;97088;1046543;114039;122526;143234;95316;59531;534646;121190;125716;140795;86639;37557;511897;2019;57
58;Nièvre;40251;36327;51697;47059;29118;204452;19506;17671;26192;24565;18143;106077;20745;18656;25505;22494;10975;98375;2019;58
59;Nord;683615;675244;652471;401458;195558;2608346;334087;341351;331377;216997;126051;1349863;349528;333893;321094;184461;69507;1258483;2019;59
60;Oise;219073;194990;223576;131226;60554;829419;107642;98278;112391;68781;36933;424025;111431;96712;111185;62445;23621;405394;2019;60
61;Orne;61935;53416;71794;57641;35156;279942;29975;26285;36065;29763;21521;143609;31960;27131;35729;27878;13635;136333;2019;61
62;Pas-de-Calais;375783;340065;378410;250437;120583;1465278;183203;167787;190762;134006;78530;754288;192580;172278;187648;116431;42053;710990;2019;62
63;Puy-de-Dôme;147582;156611;171427;120192;66340;662152;72700;78283;85969;63355;41212;341519;74882;78328;85458;56837;25128;320633;2019;63
64;Pyrénées-Atlantiques;145039;143567;183835;128566;81614;682621;70685;71978;94017;68440;50363;355483;74354;71589;89818;60126;31251;327138;2019;64
65;Hautes-Pyrénées;46597;43590;60592;48227;30561;229567;22414;21256;31134;25350;18877;119031;24183;22334;29458;22877;11684;110536;2019;65
66;Pyrénées-Orientales;105202;94518;122835;96735;60689;479979;51263;48452;63945;51704;36481;251845;53939;46066;58890;45031;24208;228134;2019;66
67;Bas-Rhin;262031;290095;304896;183997;99038;1140057;128091;147386;154140;95660;60161;585438;133940;142709;150756;88337;38877;554619;2019;67
68;Haut-Rhin;179574;173820;211031;131260;71401;767086;86990;87333;106064;67893;42878;391158;92584;86487;104967;63367;28523;375928;2019;68
69;Rhône;477028;529610;457565;256446;155098;1875747;234405;272357;232314;139253;95113;973442;242623;257253;225251;117193;59985;902305;2019;69
70;Haute-Saône;54564;46341;63626;46454;24328;235313;26275;22965;31780;23845;14618;119483;28289;23376;31846;22609;9710;115830;2019;70
71;Saône-et-Loire;120605;105652;143671;113018;68547;551493;58600;51959;72544;58792;41922;283817;62005;53693;71127;54226;26625;267676;2019;71
72;Sarthe;138884;119787;146120;101358;60263;566412;67531;60103;73422;52999;36741;290796;71353;59684;72698;48359;23522;275616;2019;72
73;Savoie;101399;98123;118933;75402;42577;436434;49144;48691;59559;39339;25978;222711;52255;49432;59374;36063;16599;213723;2019;73
74;Haute-Savoie;205999;205916;228638;121974;63567;826094;99534;102366;114928;64354;38384;419566;106465;103550;113710;57620;25183;406528;2019;74
75;Paris;410686;726942;545962;311637;170196;2165423;203830;383095;280780;172088;106037;1145830;206856;343847;265182;139549;64159;1019593;2019;75
76;Seine-Maritime;307407;301326;316697;215524;114679;1255633;149578;152069;162064;115347;72389;651447;157829;149257;154633;100177;42290;604186;2019;76
77;Seine-et-Marne;393446;356822;383444;197468;90017;1421197;192107;183713;195305;103217;54828;729170;201339;173109;188139;94251;35189;692027;2019;77
78;Yvelines;390066;343618;396389;206302;111832;1448207;189702;174747;201252;110013;67173;742887;200364;168871;195137;96289;44659;705320;2019;78
79;Deux-Sèvres;86985;74183;100485;70169;43056;374878;42178;36676;50566;36259;25720;191399;44807;37507;49919;33910;17336;183479;2019;79
80;Somme;137387;136707;145971;99162;51332;570559;66891;68594;73827;52336;32032;293680;70496;68113;72144;46826;19300;276879;2019;80
81;Tarn;86209;75570;103443;75826;48796;389844;41960;37990;52696;39811;29385;201842;44249;37580;50747;36015;19411;188002;2019;81
82;Tarn-et-Garonne;63612;52408;70092;46997;27560;260669;30611;26211;35436;24375;16359;132992;33001;26197;34656;22622;11201;127677;2019;82
83;Var;226819;216973;278856;216148;137915;1076711;109665;108098;144080;115886;81847;559576;117154;108875;134776;100262;56068;517135;2019;83
84;Vaucluse;133918;119385;147008;102496;58662;561469;65076;61014;76111;54535;35427;292163;68842;58371;70897;47961;23235;269306;2019;84
85;Vendée;159489;134440;177039;137950;76524;685442;77559;66374;88884;72219;45755;350791;81930;68066;88155;65731;30769;334651;2019;85
86;Vienne;101159;102996;109135;78127;47018;438435;49742;52110;55550;40741;28499;226642;51417;50886;53585;37386;18519;211793;2019;86
87;Haute-Vienne;79244;80241;95361;73010;44503;372359;38992;41255;48569;38728;27403;194947;40252;38986;46792;34282;17100;177412;2019;87
88;Vosges;80347;72727;97115;73794;40516;364499;38956;35618;48829;38181;25351;186935;41391;37109;48286;35613;15165;177564;2019;88
89;Yonne;76782;65694;87604;67386;38241;335707;36988;32824;44308;34763;23345;172228;39794;32870;43296;32623;14896;163479;2019;89
90;Territoire de Belfort;34367;33142;36926;23880;13003;141318;16238;15725;18575;12504;8002;71044;18129;17417;18351;11376;5001;70274;2019;90
91;Essonne;356326;332142;346586;175448;91157;1301659;173836;168391;174640;92456;54887;664210;182490;163751;171946;82992;36270;637449;2019;91
92;Hauts-de-Seine;407745;456431;433477;209354;117350;1624357;199733;236117;226878;114758;73663;851149;208012;220314;206599;94596;43687;773208;2019;92
93;Seine-Saint-Denis;482256;466414;418395;193328;84510;1644903;236643;240036;207907;100410;50913;835909;245613;226378;210488;92918;33597;808994;2019;93
94;Val-de-Marne;363674;391237;368834;185187;98192;1407124;178379;201833;189210;99380;61362;730164;185295;189404;179624;85807;36830;676960;2019;94
95;Val-d'Oise;360037;327422;324670;164650;72895;1249674;175925;169273;165998;86594;44568;642358;184112;158149;158672;78056;28327;607316;2019;95
2A;Corse-du-Sud;32361;34039;43830;29552;18725;158507;15516;17821;22355;15368;10916;81976;16845;16218;21475;14184;7809;76531;2019;201
2B;Haute-Corse;36975;42502;48796;33595;20065;181933;17693;21441;24773;17310;11602;92819;19282;21061;24023;16285;8463;89114;2019;202
971;Guadeloupe ;95719;74175;112954;68569;32822;384239;47431;40871;63365;36964;19882;208513;48288;33304;49589;31605;12940;175726;2019;971
972;Martinique ;82145;69074;108914;68640;35735;364508;40603;37831;60709;36952;21468;197563;41542;31243;48205;31688;14267;166945;2019;972
973;Guyane;118168;77788;59911;20301;5510;281678;59005;41476;30579;10159;3199;144418;59163;36312;29332;10142;2311;137260;2019;973
974;La Réunion;260947;207824;239477;110591;42371;861210;128684;111382;125475;58325;25951;449817;132263;96442;114002;52266;16420;411393;2019;974
976;Mayotte;144920;71696;41350;9172;2441;269579;73257;41583;20591;4380;1286;141097;71663;30113;20759;4792;1155;128482;2019;976
01;Ain;167453;150262;178340;99851;51728;647634;81051;75212;89269;51624;31070;328226;86402;75050;89071;48227;20658;319408;2018;1
02;Aisne;134403;116346;139838;94077;48652;533316;65242;58130;70557;48851;30668;273448;69161;58216;69281;45226;17984;259868;2018;2
03;Allier;70025;62473;88566;70752;45355;337171;33873;31051;44957;37584;27994;175459;36152;31422;43609;33168;17361;161712;2018;3
04;Alpes-de-Haute-Provence;34584;30670;44276;34197;20341;164068;16436;15434;22787;17550;12079;84286;18148;15236;21489;16647;8262;79782;2018;4
05;Hautes-Alpes;30341;27833;38543;28270;15711;140698;14582;13886;19542;14559;9418;71987;15759;13947;19001;13711;6293;68711;2018;5
06;Alpes-Maritimes;231034;239120;285842;195649;134574;1086219;112693;122257;148632;106388;82631;572601;118341;116863;137210;89261;51943;513618;2018;6
07;Ardèche;72319;61951;89001;65918;37417;326606;35356;30989;44465;33940;22502;167252;36963;30962;44536;31978;14915;159354;2018;7
08;Ardennes;64051;57851;73710;49775;26458;271845;31030;28677;36982;25918;16473;139080;33021;29174;36728;23857;9985;132765;2018;8
09;Ariège;31454;29180;41437;31611;19384;153066;15192;14342;20970;16031;11611;78146;16262;14838;20467;15580;7773;74920;2018;9
10;Aube;75858;69747;78955;54638;30822;310020;36675;34687;40104;28622;19345;159433;39183;35060;38851;26016;11477;150587;2018;10
11;Aude;81039;71508;98189;77756;44314;372806;39416;36297;50585;40740;26590;193628;41623;35211;47604;37016;17724;179178;2018;11
12;Aveyron;57301;52269;73851;57338;38515;279274;27349;25186;36720;29102;23145;141502;29952;27083;37131;28236;15370;137772;2018;12
13;Bouches-du-Rhône;486679;490502;527275;333387;196514;2034357;238607;251520;273960;178919;119710;1062716;248072;238982;253315;154468;76804;971641;2018;13
14;Calvados;164621;159104;176277;125642;68412;694056;80151;80364;89892;66967;43224;360598;84470;78740;86385;58675;25188;333458;2018;14
15;Cantal;27601;26084;39623;31574;19883;144765;13608;12772;19451;16020;12182;74033;13993;13312;20172;15554;7701;70732;2018;15
16;Charente;73907;70259;94263;70889;42460;351778;35816;34810;48153;36973;25737;181489;38091;35449;46110;33916;16723;170289;2018;16
17;Charente-Maritime;132747;122247;167238;142525;82175;646932;64301;61240;86255;76059;49604;337459;68446;61007;80983;66466;32571;309473;2018;17
18;Cher;64273;59829;80545;62058;36703;303408;31342;29513;40767;32426;22389;156437;32931;30316;39778;29632;14314;146971;2018;18
19;Corrèze;49052;44760;63724;50647;32400;240583;23334;21863;32124;26513;20051;123885;25718;22897;31600;24134;12349;116698;2018;19
21;Côte-d'Or;123485;129273;136741;91590;52131;533220;60906;64961;69850;48190;32110;276017;62579;64312;66891;43400;20021;257203;2018;21
22;Côtes-d'Armor;135403;110570;156760;123667;73184;599584;65891;54891;78938;64615;45691;310026;69512;55679;77822;59052;27493;289558;2018;22
23;Creuse;21401;19576;31653;27399;17474;117503;10397;9514;15848;13813;10928;60500;11004;10062;15805;13586;6546;57003;2018;23
24;Dordogne;80149;72172;110612;93765;56720;413418;38956;35764;56811;48598;34173;214302;41193;36408;53801;45167;22547;199116;2018;24
25;Doubs;135001;133044;136886;87227;49296;541454;65947;65968;68882;45862;29876;276535;69054;67076;68004;41365;19420;264919;2018;25
26;Drôme;125305;110592;135259;91694;51882;514732;60994;55663;69152;48233;31330;265372;64311;54929;66107;43461;20552;249360;2018;26
27;Eure;154355;131241;162318;102304;49744;599962;75121;66397;81894;53446;30649;307507;79234;64844;80424;48858;19095;292455;2018;27
28;Eure-et-Loir;109180;92652;115433;73809;40923;431997;53195;46537;58049;38301;24808;220890;55985;46115;57384;35508;16115;211107;2018;28
29;Finistère;206203;192667;242379;172354;98132;911735;100223;93858;121171;90807;62783;468842;105980;98809;121208;81547;35349;442893;2018;29
30;Gard;172854;155052;198358;142084;77110;745458;84132;78676;102529;74610;46339;386286;88722;76376;95829;67474;30771;359172;2018;30
31;Haute-Garonne;334809;392831;354905;191581;106546;1380672;165227;196174;179329;102157;65064;707951;169582;196657;175576;89424;41482;672721;2018;31
32;Gers;38779;33263;52691;40492;26058;191283;18629;16647;26693;20706;15330;98005;20150;16616;25998;19786;10728;93278;2018;32
33;Gironde;376552;407185;420836;256861;140411;1601845;184977;208328;215762;137895;86974;833936;191575;198857;205074;118966;53437;767909;2018;33
34;Hérault;267831;283928;290753;203414;113294;1159220;131732;145454;150861;109415;68082;605544;136099;138474;139892;93999;45212;553676;2018;34
35;Ille-et-Vilaine;274994;270249;276079;156750;91156;1069228;134745;135006;137932;83132;56277;547092;140249;135243;138147;73618;34879;522136;2018;35
36;Indre;44714;39446;58871;47188;30376;220595;21830;19563;29808;24341;18547;114089;22884;19883;29063;22847;11829;106506;2018;36
37;Indre-et-Loire;144640;138953;156620;105350;62197;607760;71131;70990;79585;55915;37973;315594;73509;67963;77035;49435;24224;292166;2018;37
38;Isère;325547;302743;333755;194621;106897;1263563;158542;151569;167833;102099;64626;644669;167005;151174;165922;92522;42271;618894;2018;38
39;Jura;59452;52372;70048;48809;29065;259746;28926;25842;35300;25254;17681;133003;30526;26530;34748;23555;11384;126743;2018;39
40;Landes;87450;79027;113146;83798;46934;410355;42147;39578;57421;43941;28362;211449;45303;39449;55725;39857;18572;198906;2018;40
41;Loir-et-Cher;74719;63857;87797;64089;39786;330248;36258;32002;44201;33451;23981;169893;38461;31855;43596;30638;15805;160355;2018;41
42;Loire;186655;168755;192450;133076;82505;763441;90534;84675;97417;70250;51558;394434;96121;84080;95033;62826;30947;369007;2018;42
43;Haute-Loire;51356;43703;62106;44555;25832;227552;24835;21468;30829;22661;15994;115787;26521;22235;31277;21894;9838;111765;2018;43
44;Loire-Atlantique;360864;351986;365159;217315;117178;1412502;175879;175865;184498;116277;73792;726311;184985;176121;180661;101038;43386;686191;2018;44
45;Loiret;172229;156517;175101;112334;62664;678845;83854;79014;88431;58975;38050;348324;88375;77503;86670;53359;24614;330521;2018;45
46;Lot;32509;30008;46319;40203;24890;173929;15722;14808;23503;20653;14795;89481;16787;15200;22816;19550;10095;84448;2018;46
47;Lot-et-Garonne;71418;64486;86302;67081;42683;331970;34860;32713;44373;35290;25372;172608;36558;31773;41929;31791;17311;159362;2018;47
48;Lozère;15840;15040;20843;15453;9344;76520;7604;7377;10164;7582;5570;38297;8236;7663;10679;7871;3774;38223;2018;48
49;Maine-et-Loire;209703;188167;206621;131502;79890;815883;102618;94544;104088;68947;48825;419022;107085;93623;102533;62555;31065;396861;2018;49
50;Manche;109307;98932;131144;96835;59765;495983;53367;48124;65664;50039;36920;254114;55940;50808;65480;46796;22845;241869;2018;50
51;Marne;138877;139628;145671;94146;49140;567462;67897;69617;74033;50285;30945;292777;70980;70011;71638;43861;18195;274685;2018;51
52;Haute-Marne;36995;35772;46339;34634;20329;174069;17936;16985;23334;17966;12570;88791;19059;18787;23005;16668;7759;85278;2018;52
53;Mayenne;77080;63339;80136;52628;33901;307084;37448;30997;39700;27134;20515;155794;39632;32342;40436;25494;13386;151290;2018;53
54;Meurthe-et-Moselle;174635;186560;186852;119096;66326;733469;85481;92593;94615;63088;41551;377328;89154;93967;92237;56008;24775;356141;2018;54
55;Meuse;42369;38754;49560;35401;19271;185355;20385;18533;24502;18089;12051;93560;21984;20221;25058;17312;7220;91795;2018;55
56;Morbihan;170149;147676;201790;150923;84329;754867;82220;72568;102126;79583;52342;388839;87929;75108;99664;71340;31987;366028;2018;56
57;Moselle;235742;249415;286633;176226;95508;1043524;113976;123473;144545;92270;58727;532991;121766;125942;142088;83956;36781;510533;2018;57
58;Nièvre;40398;36498;53009;46751;29172;205828;19399;17912;26789;24443;18232;106775;20999;18586;26220;22308;10940;99053;2018;58
59;Nord;692671;673277;655256;390899;194131;2606234;338800;340148;333320;211297;125614;1349179;353871;333129;321936;179602;68517;1257055;2018;59
60;Oise;218343;197245;224255;127588;59722;827153;107053;99691;112690;66600;36761;422795;111290;97554;111565;60988;22961;404358;2018;60
61;Orne;62508;53506;73312;56993;35274;281593;30287;26403;36783;29412;21659;144544;32221;27103;36529;27581;13615;137049;2018;61
62;Pas-de-Calais;379377;341727;382408;243716;119515;1466743;184668;169393;192448;130792;78218;755519;194709;172334;189960;112924;41297;711224;2018;62
63;Puy-de-Dôme;148868;155024;171835;118028;65293;659048;73637;77238;86233;62094;40880;340082;75231;77786;85602;55934;24413;318966;2018;63
64;Pyrénées-Atlantiques;145314;143878;184189;125785;80644;679810;70600;72326;94224;66880;49967;353997;74714;71552;89965;58905;30677;325813;2018;64
65;Hautes-Pyrénées;46673;43322;61371;47449;30376;229191;22424;21300;31552;24864;18879;119019;24249;22022;29819;22585;11497;110172;2018;65
66;Pyrénées-Orientales;104440;94292;122865;95475;59285;476357;50865;48451;63973;50902;35748;249939;53575;45841;58892;44573;23537;226418;2018;66
67;Bas-Rhin;264503;287419;305980;178528;97122;1133552;129886;145813;154582;92641;59437;582359;134617;141606;151398;85887;37685;551193;2018;67
68;Haut-Rhin;179434;174826;212390;127960;70371;764981;87116;87854;106774;66031;42506;390281;92318;86972;105616;61929;27865;374700;2018;68
69;Rhône;480311;522227;452894;251471;152621;1859524;237091;267923;229938;136186;94277;965415;243220;254304;222956;115285;58344;894109;2018;69
70;Haute-Saône;54623;46897;64494;45797;24207;236018;26203;23358;32190;23524;14575;119850;28420;23539;32304;22273;9632;116168;2018;70
71;Saône-et-Loire;120524;106092;145993;111543;68033;552185;58266;52342;73766;57923;41811;284108;62258;53750;72227;53620;26222;268077;2018;71
72;Sarthe;139292;119741;147316;99654;59960;565963;67561;60207;74047;52120;36667;290602;71731;59534;73269;47534;23293;275361;2018;72
73;Savoie;101084;98419;118863;73569;41789;433724;48982;48942;59463;38356;25637;221380;52102;49477;59400;35213;16152;212344;2018;73
74;Haute-Savoie;202232;208236;225818;118565;61848;816699;97624;103721;113576;62530;37517;414968;104608;104515;112242;56035;24331;401731;2018;74
75;Paris;417262;733438;545609;309851;169441;2175601;208422;384710;281444;171261;105914;1151751;208840;348728;264165;138590;63527;1023850;2018;75
76;Seine-Maritime;310600;300839;319410;211282;113752;1255883;151596;151807;163460;112908;72158;651929;159004;149032;155950;98374;41594;603954;2018;76
77;Seine-et-Marne;393043;358280;382008;191412;87773;1412516;191839;184785;194358;99978;53793;724753;201204;173495;187650;91434;33980;687763;2018;77
78;Yvelines;388835;346011;395070;201779;109703;1441398;189457;176206;200467;107417;66260;739807;199378;169805;194603;94362;43443;701591;2018;78
79;Deux-Sèvres;86639;74876;101341;68935;43008;374799;41948;37113;51015;35590;25728;191394;44691;37763;50326;33345;17280;183405;2018;79
80;Somme;140106;135482;147183;97084;50807;570662;68519;68021;74258;51195;31803;293796;71587;67461;72925;45889;19004;276866;2018;80
81;Tarn;86150;75557;104029;74408;48452;388596;41951;38086;53090;38926;29226;201279;44199;37471;50939;35482;19226;187317;2018;81
82;Tarn-et-Garonne;62908;52871;69860;46167;27318;259124;30285;26497;35290;23961;16267;132300;32623;26374;34570;22206;11051;126824;2018;82
83;Var;225566;216657;278368;213976;133130;1067697;108872;108371;143872;114297;79302;554714;116694;108286;134496;99679;53828;512983;2018;83
84;Vaucluse;133502;120181;147575;101238;57297;559793;64869;61585;76459;53680;34739;291332;68633;58596;71116;47558;22558;268461;2018;84
85;Vendée;157453;135542;176879;135253;74864;679991;76496;67018;88855;70622;44994;347985;80957;68524;88024;64631;29870;332006;2018;85
86;Vienne;103034;101295;109725;76662;46870;437586;50989;51068;55823;39899;28523;226302;52045;50227;53902;36763;18347;211284;2018;86
87;Haute-Vienne;80528;79497;96567;72226;44381;373199;40022;40603;49187;38290;27419;195521;40506;38894;47380;33936;16962;177678;2018;87
88;Vosges;80989;73383;99007;72239;40494;366112;39233;36077;49837;37265;25495;187907;41756;37306;49170;34974;14999;178205;2018;88
89;Yonne;76966;66591;89056;66656;38235;337504;37029;33395;45095;34279;23457;173255;39937;33196;43961;32377;14778;164249;2018;89
90;Territoire de Belfort;34528;33435;37453;23425;13011;141852;16257;15925;18895;12215;8060;71352;18271;17510;18558;11210;4951;70500;2018;90
91;Essonne;356240;334101;346512;170319;89469;1296641;173578;169887;174532;89588;54044;661629;182662;164214;171980;80731;35425;635012;2018;91
92;Hauts-de-Seine;404893;463749;429758;203771;116949;1619120;198711;239594;225241;111438;73852;848836;206182;224155;204517;92333;43097;770284;2018;92
93;Seine-Saint-Denis;477029;472117;413404;187119;83008;1632677;234578;242852;205420;96846;50339;830035;242451;229265;207984;90273;32669;802642;2018;93
94;Val-de-Marne;361739;392938;366200;179117;96919;1396913;177363;202959;187999;96228;60746;725295;184376;189979;178201;82889;36173;671618;2018;94
95;Val-d'Oise;356597;328957;322940;158350;71737;1238581;174670;170111;165353;82966;44094;637194;181927;158846;157587;75384;27643;601387;2018;95
2A;Corse-du-Sud;31894;34697;43747;29209;18306;157853;15279;18177;22333;15141;10698;81628;16615;16520;21414;14068;7608;76225;2018;201
2B;Haute-Corse;37126;42227;48631;33288;19429;180701;17816;21357;24662;17092;11294;92221;19310;20870;23969;16196;8135;88480;2018;202
971;Guadeloupe ;98355;74670;115667;66687;32250;387629;48547;41506;64607;36003;19456;210119;49808;33164;51060;30684;12794;177510;2018;971
972;Martinique ;84126;69595;112262;66981;35819;368783;41452;38205;62416;36147;21523;199743;42674;31390;49846;30834;14296;169040;2018;972
973;Guyane;116367;77055;58397;19069;5240;276128;57932;41193;29762;9496;3030;141413;58435;35862;28635;9573;2210;134715;2018;973
974;La Réunion;263130;208297;238761;105448;40325;855961;129461;111848;124831;55619;24830;446589;133669;96449;113930;49829;15495;409372;2018;974
976;Mayotte;139558;69047;39823;8836;2357;259621;70546;40047;19832;4219;1241;135885;69012;29000;19991;4617;1116;123736;2018;976
01;Ain;167436;149167;178495;97596;50656;643350;81232;74666;89274;50301;30585;326058;86204;74501;89221;47295;20071;317292;2017;1
02;Aisne;135238;117461;141427;91681;48683;534490;65680;58576;71253;47498;30814;273821;69558;58885;70174;44183;17869;260669;2017;2
03;Allier;69603;63788;89746;69527;45324;337988;33944;31519;45656;36906;28108;176133;35659;32269;44090;32621;17216;161855;2017;3
04;Alpes-de-Haute-Provence;35009;31172;44555;33484;19695;163915;16689;15609;22927;17171;11682;84078;18320;15563;21628;16313;8013;79837;2017;4
05;Hautes-Alpes;30987;28300;38863;27167;15967;141284;15027;14028;19691;13913;9522;72181;15960;14272;19172;13254;6445;69103;2017;5
06;Alpes-Maritimes;230534;239490;286482;193668;133136;1083310;112703;122320;148650;105272;81987;570932;117831;117170;137832;88396;51149;512378;2017;6
07;Ardèche;72319;62210;89649;64118;37416;325712;35212;31205;44918;32870;22686;166891;37107;31005;44731;31248;14730;158821;2017;7
08;Ardennes;64962;58483;74727;48675;26732;273579;31493;29143;37589;25221;16754;140200;33469;29340;37138;23454;9978;133379;2017;8
09;Ariège;31968;29096;41710;30993;19386;153153;15461;14182;21156;15654;11645;78098;16507;14914;20554;15339;7741;75055;2017;9
10;Aube;75593;69899;79906;53803;30819;310020;36792;34883;40454;28249;19358;159736;38801;35016;39452;25554;11461;150284;2017;10
11;Aude;80818;71523;98007;75694;44218;370260;39471;36468;50374;39396;26576;192285;41347;35055;47633;36298;17642;177975;2017;11
12;Aveyron;57554;52009;75035;56031;38577;279206;27548;25343;37306;28402;23160;141759;30006;26666;37729;27629;15417;137447;2017;12
13;Bouches-du-Rhône;483764;489727;528237;328650;193784;2024162;236581;250389;274427;176032;118800;1056229;247183;239338;253810;152618;74984;967933;2017;13
14;Calvados;165746;159523;178375;122166;68192;694002;80690;80484;91051;64866;43318;360409;85056;79039;87324;57300;24874;333593;2017;14
15;Cantal;27744;25970;40291;30913;20225;145143;13693;12766;19773;15693;12466;74391;14051;13204;20518;15220;7759;70752;2017;15
16;Charente;74328;70329;95358;69367;42953;352335;36071;34864;48676;36133;26230;181974;38257;35465;46682;33234;16723;170361;2017;16
17;Charente-Maritime;134043;122829;167871;138803;80757;644303;64875;61570;86543;73736;49059;335783;69168;61259;81328;65067;31698;308520;2017;17
18;Cher;64938;59510;81889;60872;37047;304256;31681;29322;41507;31585;22714;156809;33257;30188;40382;29287;14333;147447;2017;18
19;Corrèze;48547;46354;64361;49521;32681;241464;23356;22369;32432;25916;20297;124370;25191;23985;31929;23605;12384;117094;2017;19
21;Côte-d'Or;123924;130268;138306;89799;51522;533819;60967;65703;70771;46982;31960;276383;62957;64565;67535;42817;19562;257436;2017;21
22;Côtes-d'Armor;135511;111633;157667;120461;73542;598814;65988;55486;79289;62944;46087;309794;69523;56147;78378;57517;27455;289020;2017;22
23;Creuse;21831;19824;32376;26758;17849;118638;10606;9662;16100;13517;11108;60993;11225;10162;16276;13241;6741;57645;2017;23
24;Dordogne;80370;72735;112070;91473;56958;413606;38951;36164;57361;47337;34381;214194;41419;36571;54709;44136;22577;199412;2017;24
25;Doubs;134822;132863;137172;85497;48713;539067;65713;65840;69051;44897;29631;275132;69109;67023;68121;40600;19082;263935;2017;25
26;Drôme;124963;110056;135234;90188;51112;511553;60686;55345;69047;47538;30816;263432;64277;54711;66187;42650;20296;248121;2017;26
27;Eure;156208;132440;163765;99494;49936;601843;75912;67082;82552;51806;30899;308251;80296;65358;81213;47688;19037;293592;2017;27
28;Eure-et-Loir;109709;94209;116219;72180;40916;433233;53550;47218;58554;37305;24797;221424;56159;46991;57665;34875;16119;211809;2017;28
29;Finistère;207998;193066;243412;165954;98598;909028;101083;93719;121689;87455;63306;467252;106915;99347;121723;78499;35292;441776;2017;29
30;Gard;173500;156678;199453;138776;75771;744178;84478;79433;103204;72690;45729;385534;89022;77245;96249;66086;30042;358644;2017;30
31;Haute-Garonne;332102;388074;351728;185809;104959;1362672;163708;193995;177880;99090;64175;698848;168394;194079;173848;86719;40784;663824;2017;31
32;Gers;38779;33509;52905;39634;26264;191091;18732;16765;26744;20229;15493;97963;20047;16744;26161;19405;10771;93128;2017;32
33;Gironde;373459;403013;417998;250311;138603;1583384;182518;205751;214229;134054;86004;822556;190941;197262;203769;116257;52599;760828;2017;33
34;Hérault;266739;280097;288842;198318;110896;1144892;130410;143734;150088;106497;66993;597722;136329;136363;138754;91821;43903;547170;2017;34
35;Ille-et-Vilaine;274838;269042;274019;152200;90100;1060199;134606;134384;136791;80713;55941;542435;140232;134658;137228;71487;34159;517764;2017;35
36;Indre;45367;39848;59953;46592;30472;222232;22082;19933;30246;24098;18745;115104;23285;19915;29707;22494;11727;107128;2017;36
37;Indre-et-Loire;144821;138934;157289;102641;62826;606511;71413;70732;79770;54604;38512;315031;73408;68202;77519;48037;24314;291480;2017;37
38;Isère;323997;304304;334014;191177;105230;1258722;157567;151547;167894;100112;63883;641003;166430;152757;166120;91065;41347;617719;2017;38
39;Jura;60292;52496;70717;47775;28908;260188;29289;26069;35562;24671;17772;133363;31003;26427;35155;23104;11136;126825;2017;39
40;Landes;87147;79670;112790;80939;46898;407444;42103;39913;57142;42436;28445;210039;45044;39757;55648;38503;18453;197405;2017;40
41;Loir-et-Cher;75552;64806;89163;62324;40070;331915;36739;32481;44925;32380;24205;170730;38813;32325;44238;29944;15865;161185;2017;41
42;Loire;187457;168977;193817;130668;82022;762941;91079;84930;98109;68921;51496;394535;96378;84047;95708;61747;30526;368406;2017;42
43;Haute-Loire;51342;44138;62612;43389;25802;227283;24841;21559;31020;22008;16110;115538;26501;22579;31592;21381;9692;111745;2017;43
44;Loire-Atlantique;357100;349527;361658;210861;115763;1394909;173974;175066;182923;112645;73227;717835;183126;174461;178735;98216;42536;677074;2017;44
45;Loiret;173136;156451;175939;109871;62708;678105;84350;78989;89116;57585;38197;348237;88786;77462;86823;52286;24511;329868;2017;45
46;Lot;32986;29737;46942;39064;25099;173828;16095;14628;23870;20039;14924;89556;16891;15109;23072;19025;10175;84272;2017;46
47;Lot-et-Garonne;71826;65061;87257;66134;42564;332842;34988;32848;44916;34691;25423;172866;36838;32213;42341;31443;17141;159976;2017;47
48;Lozère;16073;15135;20978;15042;9373;76601;7752;7475;10219;7409;5622;38477;8321;7660;10759;7633;3751;38124;2017;48
49;Maine-et-Loire;211025;187029;207052;128430;79957;813493;103278;93789;104003;67270;48934;417274;107747;93240;103049;61160;31023;396219;2017;49
50;Manche;110739;99275;132430;94205;60234;496883;54022;48409;66120;48845;37263;254659;56717;50866;66310;45360;22971;242224;2017;50
51;Marne;139867;140937;146816;91944;49331;568895;68381;70248;74712;48907;31074;293322;71486;70689;72104;43037;18257;275573;2017;51
52;Haute-Marne;37648;36094;47248;34196;20454;175640;18263;17247;23782;17677;12668;89637;19385;18847;23466;16519;7786;86003;2017;52
53;Mayenne;77944;63622;80704;51467;33708;307445;37927;31296;39797;26645;20397;156062;40017;32326;40907;24822;13311;151383;2017;53
54;Meurthe-et-Moselle;175266;187184;187745;116702;66584;733481;85583;92633;95224;61627;41880;376947;89683;94551;92521;55075;24704;356534;2017;54
55;Meuse;43458;39510;50443;34413;19363;187187;20933;18980;24937;17562;12163;94575;22525;20530;25506;16851;7200;92612;2017;55
56;Morbihan;171357;148089;202270;145578;83569;750863;82840;72944;102276;76750;52187;386997;88517;75145;99994;68828;31382;363866;2017;56
57;Moselle;235585;250982;289298;172203;95454;1043522;113795;124191;146047;90059;58826;532918;121790;126791;143251;82144;36628;510604;2017;57
58;Nièvre;40669;36800;54249;46176;29288;207182;19532;18144;27350;24061;18445;107532;21137;18656;26899;22115;10843;99650;2017;58
59;Nord;693966;677232;658463;379023;195677;2604361;339307;341341;334917;204362;127018;1346945;354659;335891;323546;174661;68659;1257416;2017;59
60;Oise;218587;197394;224990;124793;58739;824503;107142;99739;112823;64985;36319;421008;111445;97655;112167;59808;22420;403495;2017;60
61;Orne;63732;53981;74412;55582;35665;283372;30922;26650;37273;28679;21876;145400;32810;27331;37139;26903;13789;137972;2017;61
62;Pas-de-Calais;382288;344112;385392;235695;120531;1468018;186156;170956;194092;126434;79284;756922;196132;173156;191300;109261;41247;711096;2017;62
63;Puy-de-Dôme;146785;153485;172422;115843;65207;653742;72663;76437;86557;60894;40956;337507;74122;77048;85865;54949;24251;316235;2017;63
64;Pyrénées-Atlantiques;145926;143876;184748;123094;79665;677309;70783;71951;94456;65423;49368;351981;75143;71925;90292;57671;30297;325328;2017;64
65;Hautes-Pyrénées;46579;43043;61966;46588;30354;228530;22321;21218;31791;24369;18904;118603;24258;21825;30175;22219;11450;109927;2017;65
66;Pyrénées-Orientales;104276;94922;122725;94053;58476;474452;51057;48616;63775;50175;35501;249124;53219;46306;58950;43878;22975;225328;2017;66
67;Bas-Rhin;263421;285907;306663;173691;95877;1125559;129172;144651;155130;89917;59137;578007;134249;141256;151533;83774;36740;547552;2017;67
68;Haut-Rhin;180585;175742;214027;124654;69022;764030;87633;88254;107562;64069;42098;389616;92952;87488;106465;60585;26924;374414;2017;68
69;Rhône;474630;519880;449456;248744;150609;1843319;233798;266598;228666;134400;93584;957046;240832;253282;220790;114344;57025;886273;2017;69
70;Haute-Saône;55110;47196;65223;44825;24305;236659;26533;23492;32452;23034;14651;120162;28577;23704;32771;21791;9654;116497;2017;70
71;Saône-et-Loire;121334;107273;147628;109115;68245;553595;58596;52882;74652;56768;41943;284841;62738;54391;72976;52347;26302;268754;2017;71
72;Sarthe;140684;120200;148473;97083;60066;566506;68414;60546;74568;50633;36845;291006;72270;59654;73905;46450;23221;275500;2017;72
73;Savoie;101386;97709;118959;71858;41262;431174;49202;48517;59565;37462;25321;220067;52184;49192;59394;34396;15941;211107;2017;73
74;Haute-Savoie;200499;208091;222608;116120;60042;807360;97010;103906;112007;61228;36842;410993;103489;104185;110601;54892;23200;396367;2017;74
75;Paris;422752;736749;550917;309022;168086;2187526;211197;386231;284058;171331;105524;1158341;211555;350518;266859;137691;62562;1029185;2017;75
76;Seine-Maritime;311142;300856;322287;205818;114275;1254378;152168;152079;164928;109717;72826;651718;158974;148777;157359;96101;41449;602660;2017;76
77;Seine-et-Marne;392026;358391;381646;186117;85817;1403997;191521;185057;193781;97285;52909;720553;200505;173334;187865;88832;32908;683444;2017;77
78;Yvelines;388195;348287;393546;200398;107840;1438266;189418;177120;200285;106190;65670;738683;198777;171167;193261;94208;42170;699583;2017;78
79;Deux-Sèvres;87366;75325;101829;67157;42674;374351;42360;37469;51391;34574;25557;191351;45006;37856;50438;32583;17117;183000;2017;79
80;Somme;141940;136520;148753;94670;50560;572443;69328;68475;75351;49576;31812;294542;72612;68045;73402;45094;18748;277901;2017;80
81;Tarn;86518;75696;104249;72862;48565;387890;42274;38199;53226;38163;29438;201300;44244;37497;51023;34699;19127;186590;2017;81
82;Tarn-et-Garonne;63172;53361;69988;44786;27042;258349;30647;26732;35273;23199;16246;132097;32525;26629;34715;21587;10796;126252;2017;82
83;Var;225082;216385;278203;210234;128836;1058740;108813;108515;144001;112311;77021;550661;116269;107870;134202;97923;51815;508079;2017;83
84;Vaucluse;134438;120540;149002;99208;56291;559479;65423;61711;77105;52276;34304;290819;69015;58829;71897;46932;21987;268660;2017;84
85;Vendée;157879;136320;176598;130514;73936;675247;76706;67633;88813;67956;44638;345746;81173;68687;87785;62558;29298;329501;2017;85
86;Vienne;103451;101111;110957;74612;46745;436876;51187;51045;56478;38769;28543;226022;52264;50066;54479;35843;18202;210854;2017;86
87;Haute-Vienne;81286;79617;97917;70980;44626;374426;40239;40574;50048;37499;27661;196021;41047;39043;47869;33481;16965;178405;2017;87
88;Vosges;81961;73979;100137;70611;40985;367673;39730;36413;50422;36476;25869;188910;42231;37566;49715;34135;15116;178763;2017;88
89;Yonne;77718;67286;90056;65004;38227;338291;37377;33683;45558;33393;23447;173458;40341;33603;44498;31611;14780;164833;2017;89
90;Territoire de Belfort;33980;35074;37578;22991;12999;142622;16288;16545;18916;11995;8083;71827;17692;18529;18662;10996;4916;70795;2017;90
91;Essonne;356565;336198;347644;167806;87917;1296130;174029;171087;175194;88101;53306;661717;182536;165111;172450;79705;34611;634413;2017;91
92;Hauts-de-Seine;402708;461396;426784;200869;117549;1609306;197793;238375;223581;109560;74160;843469;204915;223021;203203;91309;43389;765837;2017;92
93;Seine-Saint-Denis;473039;471049;413251;182706;83066;1623111;232410;241285;205862;94130;50700;824387;240629;229764;207389;88576;32366;798724;2017;93
94;Val-de-Marne;359413;388307;366355;176682;97169;1387926;175854;200662;187988;94682;61272;720458;183559;187645;178367;82000;35897;667468;2017;94
95;Val-d'Oise;351331;328428;322682;154421;71756;1228618;172414;170056;165280;80506;44451;632707;178917;158372;157402;73915;27305;595911;2017;95
2A;Corse-du-Sud;31171;34842;44325;29237;17674;157249;14872;18183;22606;15121;10315;81097;16299;16659;21719;14116;7359;76152;2017;201
2B;Haute-Corse;36689;41322;48079;32659;18940;177689;17630;20937;24391;16819;11128;90905;19059;20385;23688;15840;7812;86784;2017;202
971;Guadeloupe ;101242;75739;117393;64725;31154;390253;50017;42076;65275;35105;18775;211248;51225;33663;52118;29620;12379;179005;2017;971
972;Martinique ;86666;70375;115079;65218;35256;372594;42863;38497;63799;35105;21096;201360;43803;31878;51280;30113;14160;171234;2017;972
973;Guyane;113266;74738;57520;18313;4863;268700;56162;39513;29082;9076;2851;136684;57104;35225;28438;9237;2012;132016;2017;973
974;La Réunion;264572;209546;238983;101811;38747;853659;129976;112372;124779;53528;24047;444702;134596;97174;114204;48283;14700;408957;2017;974
976;Mayotte;134454;66527;38368;8515;2279;250143;67967;38586;19107;4066;1198;130924;66487;27941;19261;4449;1081;119219;2017;976
01;Ain;167230;148347;178058;94873;49917;638425;81325;74104;89280;48658;30115;323482;85905;74243;88778;46215;19802;314943;2016;1
02;Aisne;136758;118304;143530;88632;48912;536136;66765;59156;72271;46016;30965;275173;69993;59148;71259;42616;17947;260963;2016;2
03;Allier;70470;63976;91651;68357;44930;339384;34404;31681;46578;36170;27954;176787;36066;32295;45073;32187;16976;162597;2016;3
04;Alpes-de-Haute-Provence;35133;30568;44747;32668;19449;162565;16798;15345;22923;16751;11587;83404;18335;15223;21824;15917;7862;79161;2016;4
05;Hautes-Alpes;31420;28552;39065;26359;15711;141107;15179;14194;19699;13503;9429;72004;16241;14358;19366;12856;6282;69103;2016;5
06;Alpes-Maritimes;231355;241844;287169;190985;132351;1083704;112590;123489;148894;103991;81807;570771;118765;118355;138275;86994;50544;512933;2016;6
07;Ardèche;73033;62729;90045;62494;36856;325157;35526;31516;45140;32095;22219;166496;37507;31213;44905;30399;14637;158661;2016;7
08;Ardennes;65909;59261;75937;47149;27115;275371;32011;29569;38203;24380;17050;141213;33898;29692;37734;22769;10065;134158;2016;8
09;Ariège;32313;29377;42246;30071;19060;153067;15602;14331;21429;15171;11457;77990;16711;15046;20817;14900;7603;75077;2016;9
10;Aube;75441;69677;80562;52432;30798;308910;36655;34784;40822;27479;19332;159072;38786;34893;39740;24953;11466;149838;2016;10
11;Aude;80328;71920;98275;73561;43941;368025;39372;36540;50365;38340;26421;191038;40956;35380;47910;35221;17520;176987;2016;11
12;Aveyron;57921;52055;75581;54702;38438;278697;27693;25444;37564;27777;23146;141624;30228;26611;38017;26925;15292;137073;2016;12
13;Bouches-du-Rhône;485093;490519;531142;322465;190498;2019717;237608;250050;275990;172552;116952;1053152;247485;240469;255152;149913;73546;966565;2016;13
14;Calvados;168551;158816;180161;118391;67760;693679;82173;80310;91906;62709;43147;360245;86378;78506;88255;55682;24613;333434;2016;14
15;Cantal;27874;26580;41125;30014;20376;145969;13742;13051;20305;15211;12526;74835;14132;13529;20820;14803;7850;71134;2016;15
16;Charente;75293;70666;97198;67613;42518;353288;36369;34989;49605;35283;25982;182228;38924;35677;47593;32330;16536;171060;2016;16
17;Charente-Maritime;134154;124366;169162;134460;80049;642191;65150;62346;87324;71329;48607;334756;69004;62020;81838;63131;31442;307435;2016;17
18;Cher;66551;60300;83683;59515;37061;307110;32273;29832;42339;30874;22688;158006;34278;30468;41344;28641;14373;149104;2016;18
19;Corrèze;48944;46839;65199;47825;32728;241535;23509;22626;32810;25051;20365;124361;25435;24213;32389;22774;12363;117174;2016;19
21;Côte-d'Or;125581;129881;139341;87203;51207;533213;61617;65327;71040;45719;31901;275604;63964;64554;68301;41484;19306;257609;2016;21
22;Côtes-d'Armor;136901;112367;158649;116822;74214;598953;66754;55929;79643;61083;46565;309974;70147;56438;79006;55739;27649;288979;2016;22
23;Creuse;21851;20227;32975;25951;18498;119502;10548;9953;16382;13044;11481;61408;11303;10274;16593;12907;7017;58094;2016;23
24;Dordogne;81770;72953;113902;89173;56991;414789;39758;36374;58222;46272;34392;215018;42012;36579;55680;42901;22599;199771;2016;24
25;Doubs;135376;133493;138013;83024;48643;538549;66003;66251;69627;43500;29584;274965;69373;67242;68386;39524;19059;263584;2016;25
26;Drôme;124934;109513;136016;87903;49640;508006;60392;55137;69308;46220;29999;261056;64542;54376;66708;41683;19641;246950;2016;26
27;Eure;157517;133749;165343;96769;49447;602825;76433;67736;83263;50303;30576;308311;81084;66013;82080;46466;18871;294514;2016;27
28;Eure-et-Loir;110088;95242;117242;70326;41031;433929;53809;47874;59083;36415;24933;222114;56279;47368;58159;33911;16098;211815;2016;28
29;Finistère;210042;193701;245507;159925;99074;908249;102163;93880;122851;84284;63680;466858;107879;99821;122656;75641;35394;441391;2016;29
30;Gard;174876;156052;200856;135470;74752;742006;85353;79055;103812;70981;45067;384268;89523;76997;97044;64489;29685;357738;2016;30
31;Haute-Garonne;330512;384138;350222;180192;103119;1348183;162675;191868;177410;95944;63099;690996;167837;192270;172812;84248;40020;657187;2016;31
32;Gers;39004;33518;53553;38641;25948;190664;18870;16813;27008;19746;15186;97623;20134;16705;26545;18895;10762;93041;2016;32
33;Gironde;371473;398695;417575;242652;136284;1566679;181936;203276;214085;129582;84748;813627;189537;195419;203490;113070;51536;753052;2016;33
34;Hérault;264508;277961;287924;193182;108906;1132481;129320;142165;149786;103397;65894;590562;135188;135796;138138;89785;43012;541919;2016;34
35;Ille-et-Vilaine;272447;269290;273505;146950;89587;1051779;133766;134150;136743;78021;55442;538122;138681;135140;136762;68929;34145;513657;2016;35
36;Indre;45943;40615;61092;45322;30533;223505;22438;20282;30842;23440;18823;115825;23505;20333;30250;21882;11710;107680;2016;36
37;Indre-et-Loire;145423;139022;158743;100435;62600;606223;71729;70765;80708;53416;38182;314800;73694;68257;78035;47019;24418;291423;2016;37
38;Isère;323046;305489;334358;187155;102864;1252912;157252;151757;168054;97944;62538;637545;165794;153732;166304;89211;40326;615367;2016;38
39;Jura;60641;53115;71541;46521;28699;260517;29437;26395;35978;23999;17648;133457;31204;26720;35563;22522;11051;127060;2016;39
40;Landes;86864;79936;112705;78632;46873;405010;42228;39730;57105;41131;28335;208529;44636;40206;55600;37501;18538;196481;2016;40
41;Loir-et-Cher;76326;65458;90024;60874;40087;332769;37193;32706;45430;31522;24189;171040;39133;32752;44594;29352;15898;161729;2016;41
42;Loire;187819;168612;195172;128290;82104;761997;91517;84717;98824;67544;51581;394183;96302;83895;96348;60746;30523;367814;2016;42
43;Haute-Loire;52072;44390;63220;41844;25813;227339;25142;21686;31316;21232;16106;115482;26930;22704;31904;20612;9707;111857;2016;43
44;Loire-Atlantique;356179;345308;360024;204234;115107;1380852;173803;172454;182465;108961;72918;710601;182376;172854;177559;95273;42189;670251;2016;44
45;Loiret;171277;155927;177129;107217;62780;674330;83350;78625;89613;56069;38236;345893;87927;77302;87516;51148;24544;328437;2016;45
46;Lot;33253;29639;47481;38022;24952;173347;16280;14563;24192;19475;14890;89400;16973;15076;23289;18547;10062;83947;2016;46
47;Lot-et-Garonne;72336;65386;88156;64693;42262;332833;35297;33024;45255;33824;25257;172657;37039;32362;42901;30869;17005;160176;2016;47
48;Lozère;16324;15021;21172;14551;9354;76422;7888;7463;10242;7165;5604;38362;8436;7558;10930;7386;3750;38060;2016;48
49;Maine-et-Loire;211777;188700;207983;123950;78524;810934;103723;94704;104718;64969;48143;416257;108054;93996;103265;58981;30381;394677;2016;49
50;Manche;112227;100252;134543;90911;60429;498362;54589;49005;67191;47054;37463;255302;57638;51247;67352;43857;22966;243060;2016;50
51;Marne;140462;142271;149033;89827;49290;570883;68395;70810;76030;47599;30949;293783;72067;71461;73003;42228;18341;277100;2016;51
52;Haute-Marne;38574;36842;48403;33285;20980;178084;18832;17673;24343;17183;12963;90994;19742;19169;24060;16102;8017;87090;2016;52
53;Mayenne;78841;64171;81464;49512;33700;307688;38385;31625;40173;25740;20323;156246;40456;32546;41291;23772;13377;151442;2016;53
54;Meurthe-et-Moselle;176783;187306;189830;113234;66668;733821;86227;92888;96435;59680;41865;377095;90556;94418;93395;53554;24803;356726;2016;54
55;Meuse;44179;40284;51567;33275;19750;189055;21284;19448;25572;16972;12349;95625;22895;20836;25995;16303;7401;93430;2016;55
56;Morbihan;172222;148955;203100;139662;83609;747548;83552;73435;102654;73654;52286;385581;88670;75520;100446;66008;31323;361967;2016;56
57;Moselle;237564;251965;294004;167665;94073;1045271;115167;124409;148450;87606;58039;533671;122397;127556;145554;80059;36034;511600;2016;57
58;Nièvre;41250;37784;55318;45216;29593;209161;19803;18609;27877;23488;18597;108374;21447;19175;27441;21728;10996;100787;2016;58
59;Nord;697583;678766;664102;364814;198458;2603723;340914;341991;338352;196296;128927;1346480;356669;336775;325750;168518;69531;1257243;2016;59
60;Oise;219840;197915;226120;120987;58680;823542;107404;100176;113555;62758;36349;420242;112436;97739;112565;58229;22331;403300;2016;60
61;Orne;64801;54767;75985;54007;35748;285308;31496;27074;38024;27903;21915;146412;33305;27693;37961;26104;13833;138896;2016;61
62;Pas-de-Calais;385592;346588;389731;226551;122263;1470725;187498;172201;196593;121330;80312;757934;198094;174387;193138;105221;41951;712791;2016;62
63;Puy-de-Dôme;147062;152805;173422;112496;64915;650700;72328;76321;87347;59004;40860;335860;74734;76484;86075;53492;24055;314840;2016;63
64;Pyrénées-Atlantiques;145706;143907;185428;119866;79079;673986;70802;71806;94783;63728;49001;350120;74904;72101;90645;56138;30078;323866;2016;64
65;Hautes-Pyrénées;46094;43066;62681;45430;30558;227829;22255;21171;32114;23791;19009;118340;23839;21895;30567;21639;11549;109489;2016;65
66;Pyrénées-Orientales;105850;95551;123538;91537;57893;474369;51588;48854;64181;48855;35250;248728;54262;46697;59357;42682;22643;225641;2016;66
67;Bas-Rhin;263597;285817;309685;169088;93220;1121407;129422;144622;156667;87298;57875;575884;134175;141195;153018;81790;35345;545523;2016;67
68;Haut-Rhin;181219;176500;215781;121630;67613;762743;88139;88526;108610;62415;41464;389154;93080;87974;107171;59215;26149;373589;2016;68
69;Rhône;472805;518837;449514;245717;149030;1835903;233021;265455;229250;132510;92723;952959;239784;253382;220264;113207;56307;882944;2016;69
70;Haute-Saône;55817;47637;66043;43525;24220;237242;26811;23711;32823;22261;14681;120287;29006;23926;33220;21264;9539;116955;2016;70
71;Saône-et-Loire;121882;108806;149935;106256;68144;555023;58981;53555;75656;55252;42049;285493;62901;55251;74279;51004;26095;269530;2016;71
72;Sarthe;141348;121336;150378;94682;59817;567561;69033;60673;75750;49353;36602;291411;72315;60663;74628;45329;23215;276150;2016;72
73;Savoie;101471;98112;119513;70100;40485;429681;49349;48565;59658;36745;24839;219156;52122;49547;59855;33355;15646;210525;2016;73
74;Haute-Savoie;199925;207087;222463;113614;58327;801416;96890;103298;112076;59712;35832;407808;103035;103789;110387;53902;22495;393608;2016;74
75;Paris;426463;737329;552963;306400;167172;2190327;213006;386625;285688;169289;105440;1160048;213457;350704;267275;137111;61732;1030279;2016;75
76;Seine-Maritime;313026;301409;328051;199721;113548;1255755;153145;152211;168245;106432;72318;652351;159881;149198;159806;93289;41230;603404;2016;76
77;Seine-et-Marne;391326;358602;382982;180785;83970;1397665;191146;184960;194325;94192;51589;716212;200180;173642;188657;86593;32381;681453;2016;77
78;Yvelines;387109;348655;393159;197050;105835;1431808;188848;176839;200992;103828;64471;734978;198261;171816;192167;93222;41364;696830;2016;78
79;Deux-Sèvres;88499;75369;103003;65166;42706;374743;42920;37561;51823;33527;25578;191409;45579;37808;51180;31639;17128;183334;2016;79
80;Somme;142287;136983;150543;92188;50743;572744;69573;68694;76205;48244;31893;294609;72714;68289;74338;43944;18850;278135;2016;80
81;Tarn;86442;75767;104313;71100;48826;386448;42271;38080;53258;37226;29500;200335;44171;37687;51055;33874;19326;186113;2016;81
82;Tarn-et-Garonne;62833;53807;69388;43670;27199;256897;30453;27121;34934;22497;16415;131420;32380;26686;34454;21173;10784;125477;2016;82
83;Var;224498;217054;280637;206998;126634;1055821;108961;108143;145296;110435;75637;548472;115537;108911;135341;96563;50997;507349;2016;83
84;Vaucluse;134540;121165;150565;97412;55332;559014;65594;61999;77917;51210;33933;290653;68946;59166;72648;46202;21399;268361;2016;84
85;Vendée;158585;135897;176693;125542;73880;670597;77090;67156;88717;65320;44401;342684;81495;68741;87976;60222;29479;327913;2016;85
86;Vienne;104034;100606;112155;72855;46419;436069;51329;50966;56988;37917;28253;225453;52705;49640;55167;34938;18166;210616;2016;86
87;Haute-Vienne;81554;80440;99049;69433;44502;374978;40434;40727;50603;36562;27525;195851;41120;39713;48446;32871;16977;179127;2016;87
88;Vosges;82531;75493;102256;68068;41293;369641;40310;37184;51432;35138;26107;190171;42221;38309;50824;32930;15186;179470;2016;88
89;Yonne;78815;68604;91244;63422;38459;340544;38061;34526;46158;32584;23624;174953;40754;34078;45086;30838;14835;165591;2016;89
90;Territoire de Belfort;35102;35508;38050;22409;13020;144089;16636;16891;19077;11741;8068;72413;18466;18617;18973;10668;4952;71676;2016;90
91;Essonne;354605;336258;346357;163484;86626;1287330;173257;170841;174697;86046;52566;657407;181348;165417;171660;77438;34060;629923;2016;91
92;Hauts-de-Seine;402677;462542;425114;196767;116168;1603268;197436;238688;222290;107029;73479;838922;205241;223854;202824;89738;42689;764346;2016;92
93;Seine-Saint-Denis;466932;466149;411238;178681;83660;1606660;229244;238272;206405;91309;50981;816211;237688;227877;204833;87372;32679;790449;2016;93
94;Val-de-Marne;354431;387340;366241;173098;97041;1378151;173490;199830;188110;92742;61337;715509;180941;187510;178131;80356;35704;662642;2016;94
95;Val-d'Oise;348945;328470;322384;150840;71284;1221923;171408;169527;165353;78295;44177;628760;177537;158943;157031;72545;27107;593163;2016;95
2A;Corse-du-Sud;30761;34712;43736;28180;16914;154303;14802;18041;22220;14702;9851;79616;15959;16671;21516;13478;7063;74687;2016;201
2B;Haute-Corse;36906;40639;48377;31548;18682;176152;17861;20441;24553;16205;10980;90040;19045;20198;23824;15343;7702;86112;2016;202
971;Guadeloupe ;105095;77446;119445;62234;29890;394110;51759;43127;65925;33927;18048;212786;53336;34319;53520;28307;11842;181324;2016;971
972;Martinique ;89415;72718;117552;62616;34179;376480;43958;39755;64820;33890;20572;202995;45457;32963;52732;28726;13607;173485;2016;972
973;Guyane;113425;76198;58062;17092;4575;269352;56015;39617;28912;8431;2718;135693;57410;36581;29150;8661;1857;133659;2016;973
974;La Réunion;269139;211845;238552;96439;36949;852924;132016;112644;124023;50715;22968;442366;137123;99201;114529;45724;13981;410558;2016;974
976;Mayotte;129531;64093;36962;8200;2201;240987;65478;37173;18406;3916;1155;126128;64053;26920;18556;4284;1046;114859;2016;976
01;Ain;166118;146852;177635;91661;49611;631877;80852;73158;88972;46870;30043;319895;85266;73694;88663;44791;19568;311982;2015;1
02;Aisne;137497;119753;145955;86426;49028;538659;67165;59939;73568;44882;31109;276663;70332;59814;72387;41544;17919;261996;2015;2
03;Allier;71332;65411;93080;66574;45216;341613;34861;32498;47313;34967;28219;177858;36471;32913;45767;31607;16997;163755;2015;3
04;Alpes-de-Haute-Provence;35000;30339;45080;31936;19444;161799;16799;15233;23043;16408;11604;83087;18201;15106;22037;15528;7840;78712;2015;4
05;Hautes-Alpes;31564;28640;39790;25392;15530;140916;15458;14242;20002;13033;9317;72052;16106;14398;19788;12359;6213;68864;2015;5
06;Alpes-Maritimes;231356;242791;288705;188738;130850;1082440;112405;123663;149818;102461;81078;569425;118951;119128;138887;86277;49772;513015;2015;6
07;Ardèche;73239;63166;90399;60703;36702;324209;35864;31671;45252;31196;22167;166150;37375;31495;45147;29507;14535;158059;2015;7
08;Ardennes;66982;60496;77520;45632;27122;277752;32540;30173;38848;23603;17086;142250;34442;30323;38672;22029;10036;135502;2015;8
09;Ariège;32248;29332;42558;29118;19243;152499;15589;14492;21543;14725;11641;77990;16659;14840;21015;14393;7602;74509;2015;9
10;Aube;75162;70146;81293;51274;31181;309056;36519;34877;41204;26803;19576;158979;38643;35269;40089;24471;11605;150077;2015;10
11;Aude;80757;71724;99213;71464;43799;366957;39554;36399;50685;37246;26311;190195;41203;35325;48528;34218;17488;176762;2015;11
12;Aveyron;58034;52414;76419;53324;38978;279169;27735;25658;37784;27267;23342;141786;30299;26756;38635;26057;15636;137383;2015;12
13;Bouches-du-Rhône;484567;491927;534461;317089;188578;2016622;236978;250740;277746;169494;116219;1051177;247589;241187;256715;147595;72359;965445;2015;13
14;Calvados;169622;160023;181998;114476;67460;693579;82818;80533;92846;60535;42954;359686;86804;79490;89152;53941;24506;333893;2015;14
15;Cantal;27747;27292;41462;29147;20571;146219;13636;13426;20472;14810;12636;74980;14111;13866;20990;14337;7935;71239;2015;15
16;Charente;75945;70603;98596;65779;42690;353613;36425;35042;50232;34234;26083;182016;39520;35561;48364;31545;16607;171597;2015;16
17;Charente-Maritime;135463;123557;170498;130497;79923;639938;65690;61918;87878;69034;48410;332930;69773;61639;82620;61463;31513;307008;2015;17
18;Cher;67326;61171;85130;58436;36929;308992;32608;30183;43170;30240;22682;158883;34718;30988;41960;28196;14247;150109;2015;18
19;Corrèze;49310;46755;66135;46494;33177;241871;23768;22563;33384;24248;20664;124627;25542;24192;32751;22246;12513;117244;2015;19
21;Côte-d'Or;126041;129839;140769;85432;51066;533147;61960;65381;71493;44780;31824;275438;64081;64458;69276;40652;19242;257709;2015;21
22;Côtes-d'Armor;137905;112936;159400;113639;74477;598357;66865;56165;80017;59483;46827;309357;71040;56771;79383;54156;27650;289000;2015;22
23;Creuse;22121;20543;33647;25234;18820;120365;10689;10001;16667;12686;11715;61758;11432;10542;16980;12548;7105;58607;2015;23
24;Dordogne;82689;73881;114964;86751;57132;415417;40235;36894;58625;44960;34541;215255;42454;36987;56339;41791;22591;200162;2015;24
25;Doubs;134761;134108;138754;81319;48017;536959;65880;66315;69992;42383;29429;273999;68881;67793;68762;38936;18588;262960;2015;25
26;Drôme;123953;109257;137098;85175;49154;504637;59960;55097;69938;44832;29724;259551;63993;54160;67160;40343;19430;245086;2015;26
27;Eure;157818;135750;165617;93660;49103;601948;76653;68589;83326;48481;30433;307482;81165;67161;82291;45179;18670;294466;2015;27
28;Eure-et-Loir;110486;96493;118183;68494;40379;434035;53894;48505;59534;35306;24586;221825;56592;47988;58649;33188;15793;212210;2015;28
29;Finistère;211109;194570;247538;155652;98927;907796;102575;94164;123464;82151;63832;466186;108534;100406;124074;73501;35095;441610;2015;29
30;Gard;174879;155914;201343;131250;74803;738189;85161;79082;103973;68766;45366;382348;89718;76832;97370;62484;29437;355841;2015;30
31;Haute-Garonne;323586;385258;347995;175488;102776;1335103;158502;192419;175969;93393;63057;683340;165084;192839;172026;82095;39719;651763;2015;31
32;Gers;39309;33852;54050;37794;25927;190932;19004;16866;27301;19326;15211;97708;20305;16986;26749;18468;10716;93224;2015;32
33;Gironde;367510;396082;414988;234069;135829;1548478;180497;201438;212792;124850;84641;804218;187013;194644;202196;109219;51188;744260;2015;33
34;Hérault;258561;279177;286806;187772;107874;1120190;126537;143145;149248;100233;65410;584573;132024;136032;137558;87539;42464;535617;2015;34
35;Ille-et-Vilaine;270738;269907;270472;142827;88940;1042884;132617;134634;135377;75646;55111;533385;138121;135273;135095;67181;33829;509499;2015;35
36;Indre;46349;40754;61867;44335;30895;224200;22545;20320;31068;22961;19012;115906;23804;20434;30799;21374;11883;108294;2015;36
37;Indre-et-Loire;145223;140386;159446;97172;62739;604966;71989;71300;81041;51582;38241;314153;73234;69086;78405;45590;24498;290813;2015;37
38;Isère;325529;305747;335131;182769;101884;1251060;158491;151610;168842;95383;62113;636439;167038;154137;166289;87386;39771;614621;2015;38
39;Jura;61670;53085;71930;45390;28512;260587;29902;26372;36062;23437;17605;133378;31768;26713;35868;21953;10907;127209;2015;39
40;Landes;87421;80411;113030;76277;46095;403234;42482;39960;57127;39922;27929;207420;44939;40451;55903;36355;18166;195814;2015;40
41;Loir-et-Cher;77115;66125;90314;59310;40186;333050;37541;33111;45545;30788;24226;171211;39574;33014;44769;28522;15960;161839;2015;41
42;Loire;186752;168579;195955;126183;81942;759411;91240;84537;99279;66420;51625;393101;95512;84042;96676;59763;30317;366310;2015;42
43;Haute-Loire;52301;44559;63386;40662;26126;227034;25354;21817;31304;20544;16369;115388;26947;22742;32082;20118;9757;111646;2015;43
44;Loire-Atlantique;353654;341554;358080;197348;114591;1365227;172855;170204;181248;105189;72803;702299;180799;171350;176832;92159;41788;662928;2015;44
45;Loiret;171396;156747;178090;104543;62573;673349;83708;79032;90230;54498;38059;345527;87688;77715;87860;50045;24514;327822;2015;45
46;Lot;33986;29816;47974;36851;24773;173400;16640;14757;24431;18798;14806;89432;17346;15059;23543;18053;9967;83968;2015;46
47;Lot-et-Garonne;72810;65592;89172;63458;42385;333417;35480;33059;45805;33076;25432;172852;37330;32533;43367;30382;16953;160565;2015;47
48;Lozère;16278;15218;21362;14155;9296;76309;7859;7544;10338;6971;5567;38279;8419;7674;11024;7184;3729;38030;2015;48
49;Maine-et-Loire;212335;191428;208925;119888;77610;810186;104088;95612;105259;62974;47768;415701;108247;95816;103666;56914;29842;394485;2015;49
50;Manche;113790;100521;136327;88345;60304;499287;55487;49071;68057;45806;37500;255921;58303;51450;68270;42539;22804;243366;2015;50
51;Marne;141407;143589;150348;87657;49292;572293;68992;71175;76825;46358;31095;294445;72415;72414;73523;41299;18197;277848;2015;51
52;Haute-Marne;39350;36987;49311;32536;20970;179154;19146;17779;24826;16675;13039;91465;20204;19208;24485;15861;7931;87689;2015;52
53;Mayenne;79479;64607;81579;48137;34138;307940;38715;31989;40219;25036;20568;156527;40764;32618;41360;23101;13570;151413;2015;53
54;Meurthe-et-Moselle;176370;189203;191963;110570;66297;734403;86177;93562;97610;58261;41814;377424;90193;95641;94353;52309;24483;356979;2015;54
55;Meuse;44584;41533;52317;32225;19967;190626;21528;20036;26046;16359;12532;96501;23056;21497;26271;15866;7435;94125;2015;55
56;Morbihan;172978;149829;203900;135096;83010;744813;83947;73653;102814;71233;52068;383715;89031;76176;101086;63863;30942;361098;2015;56
57;Moselle;237911;253740;296804;162457;93574;1044486;115314;125182;149752;84884;57982;533114;122597;128558;147052;77573;35592;511372;2015;57
58;Nièvre;41863;38963;56495;44372;30054;211747;20081;19131;28571;23000;18952;109735;21782;19832;27924;21372;11102;102012;2015;58
59;Nord;702173;682136;668047;355511;197371;2605238;343360;343363;340340;191143;128608;1346814;358813;338773;327707;164368;68763;1258424;2015;59
60;Oise;219781;198330;227686;117055;58700;821552;107427;100171;114448;60513;36461;419020;112354;98159;113238;56542;22239;402532;2015;60
61;Orne;65342;55513;77258;52738;35767;286618;31658;27544;38631;27171;21959;146963;33684;27969;38627;25567;13808;139655;2015;61
62;Pas-de-Calais;387844;349953;392455;219046;123350;1472648;188636;174235;198025;117328;81253;759477;199208;175718;194430;101718;42097;713171;2015;62
63;Puy-de-Dôme;147173;152312;174415;109319;64282;647501;72222;75857;87954;57272;40596;333901;74951;76455;86461;52047;23686;313600;2015;63
64;Pyrénées-Atlantiques;145785;143749;185902;116386;78210;670032;70928;71679;94816;62098;48589;348110;74857;72070;91086;54288;29621;321922;2015;64
65;Hautes-Pyrénées;47105;42950;63640;43863;31024;228582;22781;21016;32528;23016;19323;118664;24324;21934;31112;20847;11701;109918;2015;65
66;Pyrénées-Orientales;105943;95164;123209;89184;57538;471038;51349;48795;64007;47636;35135;246922;54594;46369;59202;41548;22403;224116;2015;66
67;Bas-Rhin;262537;287333;311040;163558;92190;1116658;128746;145229;157274;84301;57603;573153;133791;142104;153766;79257;34587;543505;2015;67
68;Haut-Rhin;182359;178394;216769;118009;67076;762607;88979;89583;109046;60389;41504;389501;93380;88811;107723;57620;25572;373106;2015;68
69;Rhône;471192;515805;447849;239525;147624;1821995;232019;263215;229233;128840;92031;945338;239173;252590;218616;110685;55593;876657;2015;69
70;Haute-Saône;56302;48492;66760;42253;23899;237706;27014;23998;33237;21506;14543;120298;29288;24494;33523;20747;9356;117408;2015;70
71;Saône-et-Loire;122031;109011;151811;104272;68283;555408;59013;53874;76736;54101;42211;285935;63018;55137;75075;50171;26072;269473;2015;71
72;Sarthe;142285;123026;151536;91933;59665;568445;69716;61599;76232;47962;36505;292014;72569;61427;75304;43971;23160;276431;2015;72
73;Savoie;100996;99167;119849;68201;39991;428204;49008;48931;59905;35702;24571;218117;51988;50236;59944;32499;15420;210087;2015;73
74;Haute-Savoie;198857;205514;221292;111080;57195;793938;96701;102355;111382;58255;35306;403999;102156;103159;109910;52825;21889;389939;2015;74
75;Paris;433635;741848;559300;304064;167641;2206488;216128;387753;289588;167696;106347;1167512;217507;354095;269712;136368;61294;1038976;2015;75
76;Seine-Maritime;314082;303487;332329;194819;112982;1257699;153811;152747;170731;103733;72099;653121;160271;150740;161598;91086;40883;604578;2015;76
77;Seine-et-Marne;390955;357708;383601;175073;82784;1390121;191312;184128;194524;90848;51102;711914;199643;173580;189077;84225;31682;678207;2015;77
78;Yvelines;385095;352236;392928;193285;103747;1427291;187967;178294;201067;101160;63213;731701;197128;173942;191861;92125;40534;695590;2015;78
79;Deux-Sèvres;87980;76391;103585;63328;43151;374435;42671;38036;51818;32656;25793;190974;45309;38355;51767;30672;17358;183461;2015;79
80;Somme;142681;137407;151473;89632;50686;571879;69719;68697;76511;46969;31900;293796;72962;68710;74962;42663;18786;278083;2015;80
81;Tarn;87160;76519;105161;68897;48806;386543;42705;38559;53554;36063;29511;200392;44455;37960;51607;32834;19295;186151;2015;81
82;Tarn-et-Garonne;62435;53682;69063;42660;27434;255274;30225;27026;34859;21954;16577;130641;32210;26656;34204;20706;10857;124633;2015;82
83;Var;223768;217276;280406;203262;123940;1048652;108810;108162;145279;107859;74364;544474;114958;109114;135127;95403;49576;504178;2015;83
84;Vaucluse;134844;121023;151578;95526;54577;557548;65589;61625;78475;50189;33533;289411;69255;59398;73103;45337;21044;268137;2015;84
85;Vendée;159723;136971;176405;120889;72726;666714;77939;67444;88473;62796;43836;340488;81784;69527;87932;58093;28890;326226;2015;85
86;Vienne;103266;101708;113128;70431;46354;434887;50968;51405;57397;36720;28169;224659;52298;50303;55731;33711;18185;210228;2015;86
87;Haute-Vienne;81749;81625;100148;67439;44834;375795;40334;41404;51165;35468;27805;196176;41415;40221;48983;31971;17029;179619;2015;87
88;Vosges;84633;76254;103647;66204;41278;372016;41404;37521;52120;34124;26174;191343;43229;38733;51527;32080;15104;180673;2015;88
89;Yonne;79728;68659;92308;61967;38241;340903;38553;34665;46523;31770;23503;175014;41175;33994;45785;30197;14738;165889;2015;89
90;Territoire de Belfort;35523;35995;38314;21765;12886;144483;16838;17158;19250;11425;8026;72697;18685;18837;19064;10340;4860;71786;2015;90
91;Essonne;350321;335168;343970;160683;86091;1276233;171539;169947;173763;84152;52477;651878;178782;165221;170207;76531;33614;624355;2015;91
92;Hauts-de-Seine;404220;465165;423850;192862;115472;1601569;198290;239729;221568;104847;73241;837675;205930;225436;202282;88015;42231;763894;2015;92
93;Seine-Saint-Denis;461941;464904;409174;173285;83359;1592663;226254;237406;205840;88209;51164;808873;235687;227498;203334;85076;32195;783790;2015;93
94;Val-de-Marne;353979;387936;364556;168993;96925;1372389;173430;199575;187716;90458;61518;712697;180549;188361;176840;78535;35407;659692;2015;94
95;Val-d'Oise;347346;328593;322445;146556;70450;1215390;170347;169410;165390;75937;43847;624931;176999;159183;157055;70619;26603;590459;2015;95
2A;Corse-du-Sud;30619;34762;43094;27584;16671;152730;14797;17883;21950;14338;9821;78789;15822;16879;21144;13246;6850;73941;2015;201
2B;Haute-Corse;37104;40262;48034;31030;18123;174553;17981;20212;24184;15950;10741;89068;19123;20050;23850;15080;7382;85485;2015;202
971;Guadeloupe ;108057;79873;120711;59972;29377;397990;53261;44574;66390;32797;17758;214780;54796;35299;54321;27175;11619;183210;2015;971
972;Martinique ;92633;75047;118815;61180;33202;380877;45236;40962;65352;33272;19978;204800;47397;34085;53463;27908;13224;176077;2015;972
973;Guyane;110811;73521;55355;15921;4257;259865;54549;38469;27574;7853;2538;130983;56262;35052;27781;8068;1719;128882;2015;973
974;La Réunion;270934;215951;236785;91992;35065;850727;132114;114770;122740;48339;22002;439965;138820;101181;114045;43653;13063;410762;2015;974
976;Mayotte;124801;61755;35613;7899;2121;232189;63087;35817;17735;3772;1112;121523;61714;25938;17878;4127;1009;110666;2015;976
01;Ain;164484;147102;176814;89136;48591;626127;80107;72925;88360;45423;29466;316281;84377;74177;88454;43713;19125;309846;2014;1
02;Aisne;136959;121899;147514;84124;49287;539783;66831;60998;74272;43691;31314;277106;70128;60901;73242;40433;17973;262677;2014;2
03;Allier;72070;66250;94215;65199;45328;343062;35191;33140;47801;34197;28268;178597;36879;33110;46414;31002;17060;164465;2014;3
04;Alpes-de-Haute-Provence;35189;30862;45392;30954;19191;161588;16981;15561;23142;15995;11470;83149;18208;15301;22250;14959;7721;78439;2014;4
05;Hautes-Alpes;31669;28358;39918;24716;15222;139883;15575;14021;20092;12677;9153;71518;16094;14337;19826;12039;6069;68365;2014;5
06;Alpes-Maritimes;230183;243968;291425;187265;130471;1083312;111670;124061;151470;101367;81164;569732;118513;119907;139955;85898;49307;513580;2014;6
07;Ardèche;73361;63190;90251;59188;36391;322381;35760;31655;45129;30415;22128;165087;37601;31535;45122;28773;14263;157294;2014;7
08;Ardennes;68069;62098;78565;44286;26697;279715;33076;30917;39472;22826;16921;143212;34993;31181;39093;21460;9776;136503;2014;8
09;Ariège;32276;29888;42750;28330;19330;152574;15512;14819;21593;14326;11693;77943;16764;15069;21157;14004;7637;74631;2014;9
10;Aube;75263;70325;81466;50049;30991;308094;36706;34838;41338;26148;19532;158562;38557;35487;40128;23901;11459;149532;2014;10
11;Aude;80902;71925;99696;69319;43636;365478;39744;36340;51066;36059;26316;189525;41158;35585;48630;33260;17320;175953;2014;11
12;Aveyron;58275;52535;76825;52079;38930;278644;27889;25725;38073;26693;23280;141660;30386;26810;38752;25386;15650;136984;2014;12
13;Bouches-du-Rhône;484052;491144;535380;309695;185798;2006069;236533;250504;278569;165081;114985;1045672;247519;240640;256811;144614;70813;960397;2014;13
14;Calvados;171018;160649;183269;110607;66127;691670;83222;80888;93393;58625;42161;358289;87796;79761;89876;51982;23966;333381;2014;14
15;Cantal;28126;27739;41829;28411;20513;146618;13890;13633;20672;14460;12658;75313;14236;14106;21157;13951;7855;71305;2014;15
16;Charente;75967;71901;99376;64158;42451;353853;36552;35635;50598;33398;26036;182219;39415;36266;48778;30760;16415;171634;2014;16
17;Charente-Maritime;135731;124968;171208;126622;78560;637089;65491;62741;88177;66876;47675;330960;70240;62227;83031;59746;30885;306129;2014;17
18;Cher;67629;62532;86061;57298;36750;310270;32635;30962;43463;29736;22563;159359;34994;31570;42598;27562;14187;150911;2014;18
19;Corrèze;49378;47143;66094;45398;33327;241340;23731;22781;33361;23712;20779;124364;25647;24362;32733;21686;12548;116976;2014;19
21;Côte-d'Or;125781;130471;141401;83400;50327;531380;61518;65586;71681;43786;31546;274117;64263;64885;69720;39614;18781;257263;2014;21
22;Côtes-d'Armor;137908;115277;159935;110806;73471;597397;66919;57031;80302;58122;46379;308753;70989;58246;79633;52684;27092;288644;2014;22
23;Creuse;22433;20803;34044;24484;18817;120581;10782;10175;16887;12364;11737;61945;11651;10628;17157;12120;7080;58636;2014;23
24;Dordogne;83104;75494;116329;84724;56699;416350;40441;37908;59293;43847;34429;215918;42663;37586;57036;40877;22270;200432;2014;24
25;Doubs;132773;136142;139550;79277;46968;534710;64963;67179;70387;41305;28709;272543;67810;68963;69163;37972;18259;262167;2014;25
26;Drôme;122531;109129;136119;82973;48407;499159;59172;55112;69263;43653;29377;256577;63359;54017;66856;39320;19030;242582;2014;26
27;Eure;157323;137010;165390;90524;48100;598347;76479;69099;83141;46882;29879;305480;80844;67911;82249;43642;18221;292867;2014;27
28;Eure-et-Loir;110483;97929;118490;67026;39834;433762;53805;49336;59559;34516;24301;221517;56678;48593;58931;32510;15533;212245;2014;28
29;Finistère;210867;197098;248474;151881;97535;905855;102481;95447;123857;80397;63295;465477;108386;101651;124617;71484;34240;440378;2014;29
30;Gard;175017;156957;202452;127577;74026;736029;85195;79767;104622;66754;45220;381558;89822;77190;97830;60823;28806;354471;2014;30
31;Haute-Garonne;318686;381587;345057;170903;101435;1317668;156063;190094;174744;91122;62404;674427;162623;191493;170313;79781;39031;643241;2014;31
32;Gers;39568;34083;54392;36802;25780;190625;19225;16925;27526;18794;15074;97544;20343;17158;26866;18008;10706;93081;2014;32
33;Gironde;362569;390423;411162;226815;135047;1526016;177877;198134;211178;121246;84329;792764;184692;192289;199984;105569;50718;733252;2014;33
34;Hérault;256818;276648;286473;181709;105750;1107398;125650;141872;149128;96682;64388;577720;131168;134776;137345;85027;41362;529678;2014;34
35;Ille-et-Vilaine;267202;269946;268028;139110;87954;1032240;131265;134217;134215;73617;54642;527956;135937;135729;133813;65493;33312;504284;2014;35
36;Indre;46964;41788;62856;43762;30805;226175;22892;20713;31538;22737;18958;116838;24072;21075;31318;21025;11847;109337;2014;36
37;Indre-et-Loire;144985;142601;160014;94638;61686;603924;71656;72334;81337;50261;37790;313378;73329;70267;78677;44377;23896;290546;2014;37
38;Isère;323315;308146;334317;177983;99836;1243597;156906;152517;168255;93066;61304;632048;166409;155629;166062;84917;38532;611549;2014;38
39;Jura;61569;54336;72179;44172;28425;260681;29920;26908;36032;22799;17611;133270;31649;27428;36147;21373;10814;127411;2014;39
40;Landes;87415;80910;113021;73971;45160;400477;42363;40123;57127;38653;27488;205754;45052;40787;55894;35318;17672;194723;2014;40
41;Loir-et-Cher;77681;67209;90596;58310;39771;333567;37772;33667;45661;30293;24006;171399;39909;33542;44935;28017;15765;162168;2014;41
42;Loire;185010;170330;196315;123885;81765;757305;90169;84888;99563;65130;51842;391592;94841;85442;96752;58755;29923;365713;2014;42
43;Haute-Loire;52321;45451;63410;39932;25451;226565;25328;22362;31295;20202;16041;115228;26993;23089;32115;19730;9410;111337;2014;43
44;Loire-Atlantique;348214;338158;355472;192224;112524;1346592;170206;167981;179836;102522;71682;692227;178008;170177;175636;89702;40842;654365;2014;44
45;Loiret;169552;158431;177709;102301;61744;669737;82490;80017;90304;53250;37635;343696;87062;78414;87405;49051;24109;326041;2014;45
46;Lot;34555;30336;48710;35813;24234;173648;16948;15001;24772;18265;14518;89504;17607;15335;23938;17548;9716;84144;2014;46
47;Lot-et-Garonne;72336;66074;89936;62531;42357;333234;35116;33280;46156;32569;25489;172610;37220;32794;43780;29962;16868;160624;2014;47
48;Lozère;16175;15487;21542;13878;9278;76360;7856;7607;10404;6833;5579;38279;8319;7880;11138;7045;3699;38081;2014;48
49;Maine-et-Loire;212297;192612;208951;116434;75594;805888;104421;95929;105341;61412;46769;413872;107876;96683;103610;55022;28825;392016;2014;49
50;Manche;115031;101953;137467;86267;59240;499958;56272;49798;68362;44826;36912;256170;58759;52155;69105;41441;22328;243788;2014;50
51;Marne;141150;144812;151346;85090;48419;570817;68745;71714;77230;44778;30723;293190;72405;73098;74116;40312;17696;277627;2014;51
52;Haute-Marne;39465;38229;50220;32081;20678;180673;19297;18257;25211;16378;12932;92075;20168;19972;25009;15703;7746;88598;2014;52
53;Mayenne;79166;66204;81487;47066;33548;307471;38538;32724;40108;24534;20207;156111;40628;33480;41379;22532;13341;151360;2014;53
54;Meurthe-et-Moselle;175452;189979;193119;107655;65948;732153;85494;93827;98390;56873;41766;376350;89958;96152;94729;50782;24182;355803;2014;54
55;Meuse;44915;42162;53196;31302;19955;191530;21714;20354;26433;16015;12512;97028;23201;21808;26763;15287;7443;94502;2014;55
56;Morbihan;172999;152287;203271;131547;80947;741051;83818;74955;102535;69265;50974;381547;89181;77332;100736;62282;29973;359504;2014;56
57;Moselle;239345;255801;300058;158349;91601;1045154;116255;125714;151542;82930;57141;533582;123090;130087;148516;75419;34460;511572;2014;57
58;Nièvre;42718;39696;57692;43741;29722;213569;20470;19494;29149;22619;18821;110553;22248;20202;28543;21122;10901;103016;2014;58
59;Nord;700014;692167;670657;346055;194579;2603472;341447;347781;341832;186113;127444;1344617;358567;344386;328825;159942;67135;1258855;2014;59
60;Oise;219768;200622;227870;112879;57541;818680;107676;100918;114518;58356;35896;417364;112092;99704;113352;54523;21645;401316;2014;60
61;Orne;65957;56794;78025;51536;35438;287750;31952;28165;39099;26573;21827;147616;34005;28629;38926;24963;13611;140134;2014;61
62;Pas-de-Calais;389140;353803;394209;212726;122711;1472589;188626;176432;199130;114019;81133;759340;200514;177371;195079;98707;41578;713249;2014;62
63;Puy-de-Dôme;144664;153935;175111;107018;63488;644216;71220;76320;88362;55966;40161;332029;73444;77615;86749;51052;23327;312187;2014;63
64;Pyrénées-Atlantiques;145346;144449;186296;113667;77491;667249;70614;71537;95009;60590;48366;346116;74732;72912;91287;53077;29125;321133;2014;64
65;Hautes-Pyrénées;47595;43926;64057;42812;30560;228950;23051;21536;32791;22359;19117;118854;24544;22390;31266;20453;11443;110096;2014;65
66;Pyrénées-Orientales;105364;95267;122744;86782;56170;466327;51164;48892;63857;46474;34398;244785;54200;46375;58887;40308;21772;221542;2014;66
67;Bas-Rhin;262352;289335;311827;158692;90609;1112815;128497;146044;157213;81785;56943;570482;133855;143291;154614;76907;33666;542333;2014;67
68;Haut-Rhin;182695;179595;217501;114765;65578;760134;89273;90282;109414;58685;40863;388517;93422;89313;108087;56080;24715;371617;2014;68
69;Rhône;465635;513199;444300;233941;144810;1801885;229111;261723;227930;125001;90944;934709;236524;251476;216370;108940;53866;867176;2014;69
70;Haute-Saône;56610;49717;67348;41162;23510;238347;27140;24675;33535;20857;14438;120645;29470;25042;33813;20305;9072;117702;2014;70
71;Saône-et-Loire;122550;110642;153121;102225;67250;555788;59459;54459;77324;53091;41682;286015;63091;56183;75797;49134;25568;269773;2014;71
72;Sarthe;142393;125508;151849;89393;59617;568760;69619;62652;76524;46640;36523;291958;72774;62856;75325;42753;23094;276802;2014;72
73;Savoie;101142;100528;119986;66126;39142;426924;49058;49690;60042;34657;24203;217650;52084;50838;59944;31469;14939;209274;2014;73
74;Haute-Savoie;196276;202862;219249;108393;56347;783127;95503;101054;110194;56932;34827;398510;100773;101808;109055;51461;21520;384617;2014;74
75;Paris;437621;752452;561412;301954;167006;2220445;218629;392726;290744;166416;106717;1175232;218992;359726;270668;135538;60289;1045213;2014;75
76;Seine-Maritime;314007;306674;335497;190121;111621;1257920;153864;154257;172548;101290;71408;653367;160143;152417;162949;88831;40213;604553;2014;76
77;Seine-et-Marne;386092;359507;381829;169141;81277;1377846;188862;184044;193928;87341;50397;704572;197230;175463;187901;81800;30880;673274;2014;77
78;Yvelines;383399;354128;392186;190424;101533;1421670;187242;179083;201022;99536;62356;729239;196157;175045;191164;90888;39177;692431;2014;78
79;Deux-Sèvres;87704;77731;103750;61702;42666;373553;42531;38585;51861;31891;25524;190392;45173;39146;51889;29811;17142;183161;2014;79
80;Somme;142589;139558;152114;87066;50305;571632;69820;69708;76881;45568;31648;293625;72769;69850;75233;41498;18657;278007;2014;80
81;Tarn;86691;76543;105254;67320;48666;384474;42490;38433;53623;35299;29348;199193;44201;38110;51631;32021;19318;185281;2014;81
82;Tarn-et-Garonne;61196;53678;69209;41493;27002;252578;29784;27027;34851;21348;16286;129296;31412;26651;34358;20145;10716;123282;2014;82
83;Var;222000;216505;278646;198657;122404;1038212;107991;107330;144361;105436;73710;538828;114009;109175;134285;93221;48694;499384;2014;83
84;Vaucluse;134072;122429;150996;92952;53925;554374;65446;62386;78302;48841;33307;288282;68626;60043;72694;44111;20618;266092;2014;84
85;Vendée;158934;139020;175479;116984;71705;662122;77434;68481;88046;60838;43279;338078;81500;70539;87433;56146;28426;324044;2014;85
86;Vienne;101561;103644;113619;68627;45752;433203;49918;52447;57848;35669;27854;223736;51643;51197;55771;32958;17898;209467;2014;86
87;Haute-Vienne;81437;83379;100707;65911;44765;376199;39998;42125;51468;34635;27810;196036;41439;41254;49239;31276;16955;180163;2014;87
88;Vosges;85781;77639;104836;64907;40397;373560;41805;38191;52673;33550;25770;191989;43976;39448;52163;31357;14627;181571;2014;88
89;Yonne;79733;70006;93148;60406;38521;341814;38724;35246;46861;31069;23761;175661;41009;34760;46287;29337;14760;166153;2014;89
90;Territoire de Belfort;35909;36352;38269;21176;12628;144334;17030;17401;19273;10985;7883;72572;18879;18951;18996;10191;4745;71762;2014;90
91;Essonne;347311;335572;342541;158576;84228;1268228;170153;169549;173230;83128;51519;647579;177158;166023;169311;75448;32709;620649;2014;91
92;Hauts-de-Seine;402906;467730;422731;189605;114798;1597770;197949;240668;221228;102809;73108;835762;204957;227062;201503;86796;41690;762008;2014;92
93;Seine-Saint-Denis;454222;461230;404335;168177;83064;1571028;222188;234946;203714;85364;51546;797758;232034;226284;200621;82813;31518;773270;2014;93
94;Val-de-Marne;352006;387735;364493;164847;95958;1365039;172107;199022;187093;88515;61179;707916;179899;188713;177400;76332;34779;657123;2014;94
95;Val-d'Oise;343826;328219;321897;141849;69748;1205539;168538;168661;165209;73181;43730;619319;175288;159558;156688;68668;26018;586220;2014;95
2A;Corse-du-Sud;31057;34988;42985;26568;16054;151652;15021;18035;21825;13746;9507;78134;16036;16953;21160;12822;6547;73518;2014;201
2B;Haute-Corse;34859;41686;48011;30299;17705;172560;16848;20918;24177;15593;10580;88116;18011;20768;23834;14706;7125;84444;2014;202
971;Guadeloupe ;110780;82354;120096;58560;28396;400186;54486;45876;65976;32031;17145;215514;56294;36478;54120;26529;11251;184672;2014;971
972;Martinique ;94952;76841;120206;59331;32581;383911;46508;41997;65998;32286;19620;206409;48444;34844;54208;27045;12961;177502;2014;972
973;Guyane;108615;71609;53435;14583;4096;252338;53526;37294;26712;7188;2429;127149;55089;34315;26723;7395;1667;125189;2014;973
974;La Réunion;269805;217785;234599;86575;34003;842767;131704;115562;121302;45476;21416;435460;138101;102223;113297;41099;12587;407307;2014;974
976;Mayotte;121865;60601;31923;7231;2093;223713;61217;34417;15032;3401;1113;115180;60648;26184;16891;3830;980;108533;2014;976
01;Ain;162893;148079;174646;85940;47939;619497;79660;73521;87037;43846;29205;313269;83233;74558;87609;42094;18734;306228;2013;1
02;Aisne;137285;124418;147874;81501;48989;540067;66948;62183;74338;42373;31202;277044;70337;62235;73536;39128;17787;263023;2013;2
03;Allier;72278;67534;94572;64040;45007;343431;35254;33800;47983;33508;28278;178823;37024;33734;46589;30532;16729;164608;2013;3
04;Alpes-de-Haute-Provence;35476;31676;45603;30477;18684;161916;17127;16050;23169;15772;11208;83326;18349;15626;22434;14705;7476;78590;2013;4
05;Hautes-Alpes;31582;28733;39917;24147;14900;139279;15502;14268;20148;12423;8992;71333;16080;14465;19769;11724;5908;67946;2013;5
06;Alpes-Maritimes;231239;247206;289801;183665;128860;1080771;112016;125916;150853;99468;80256;568509;119223;121290;138948;84197;48604;512262;2013;6
07;Ardèche;73300;64538;89692;57272;35577;320379;35689;32332;44920;29398;21809;164148;37611;32206;44772;27874;13768;156231;2013;7
08;Ardennes;68870;63547;78997;43429;26064;280907;33362;31606;39620;22532;16536;143656;35508;31941;39377;20897;9528;137251;2013;8
09;Ariège;32496;30138;42934;27765;19351;152684;15740;14902;21642;14102;11710;78096;16756;15236;21292;13663;7641;74588;2013;9
10;Aube;74713;70962;81598;48941;30367;306581;36517;35232;41373;25531;19155;157808;38196;35730;40225;23410;11212;148773;2013;10
11;Aude;81597;73295;99629;67119;43237;364877;39977;37196;50964;34980;26152;189269;41620;36099;48665;32139;17085;175608;2013;11
12;Aveyron;57775;53653;76572;50938;38802;277740;27792;26309;37920;26151;23276;141448;29983;27344;38652;24787;15526;136292;2013;12
13;Bouches-du-Rhône;482160;494866;532027;301476;182648;1993177;235646;252619;277034;160511;113446;1039256;246514;242247;254993;140965;69202;953921;2013;13
14;Calvados;170642;163213;183636;107400;65054;689945;83239;82332;93444;57154;41615;357784;87403;80881;90192;50246;23439;332161;2013;14
15;Cantal;28260;28243;42160;27886;20486;147035;13904;13957;20791;14270;12625;75547;14356;14286;21369;13616;7861;71488;2013;15
16;Charente;75482;73381;99879;62410;42330;353482;36516;36054;50935;32473;26002;181980;38966;37327;48944;29937;16328;171502;2013;16
17;Charente-Maritime;134450;127989;171169;122330;77479;633417;65209;63850;88262;64477;47067;328865;69241;64139;82907;57853;30412;304552;2013;17
18;Cher;67658;63946;86624;56797;36625;311650;32730;31651;43735;29541;22653;160310;34928;32295;42889;27256;13972;151340;2013;18
19;Corrèze;49236;47582;66189;44498;33276;240781;23528;23109;33305;23324;20650;123916;25708;24473;32884;21174;12626;116865;2013;19
21;Côte-d'Or;124510;133085;141416;80968;49782;529761;60877;66975;71656;42488;31333;273329;63633;66110;69760;38480;18449;256432;2013;21
22;Côtes-d'Armor;138176;117944;160136;108497;72332;597085;67050;58307;80226;57005;45834;308422;71126;59637;79910;51492;26498;288663;2013;22
23;Creuse;22630;20984;34351;24075;18832;120872;10881;10208;17040;12195;11732;62056;11749;10776;17311;11880;7100;58816;2013;23
24;Dordogne;84014;76768;117008;82833;56286;416909;40868;38560;59613;42856;34295;216192;43146;38208;57395;39977;21991;200717;2013;24
25;Doubs;132921;137327;139020;78131;45921;533320;65099;67557;70245;40735;28237;271873;67822;69770;68775;37396;17684;261447;2013;25
26;Drôme;121359;109520;135343;80756;47734;494712;58611;55102;69213;42212;29011;254149;62748;54418;66130;38544;18723;240563;2013;26
27;Eure;156379;138471;165148;87722;47323;595043;76082;69725;83073;45332;29577;303789;80297;68746;82075;42390;17746;291254;2013;27
28;Eure-et-Loir;110566;99467;118639;65350;38945;432967;53883;49983;59644;33777;23821;221108;56683;49484;58995;31573;15124;211859;2013;28
29;Finistère;209373;202019;247677;148327;96525;903921;101780;98018;123485;78868;62626;464777;107593;104001;124192;69459;33899;439144;2013;29
30;Gard;174095;158448;202867;124549;73242;733201;84875;80430;104804;65310;44743;380162;89220;78018;98063;59239;28499;353039;2013;30
31;Haute-Garonne;313534;376532;340901;166816;100779;1298562;153274;186822;172635;88943;62242;663916;160260;189710;168266;77873;38537;634646;2013;31
32;Gers;39398;34661;54606;35956;25655;190276;19218;17271;27610;18397;14995;97491;20180;17390;26996;17559;10660;92785;2013;32
33;Gironde;355792;389214;406258;220305;133948;1505517;174476;197886;208938;117362;83775;782437;181316;191328;197320;102943;50173;723080;2013;33
34;Hérault;253864;274623;283816;176159;103869;1092331;124189;140494;148121;93347;63457;569608;129675;134129;135695;82812;40412;522723;2013;34
35;Ille-et-Vilaine;265398;269844;264210;134597;85874;1019923;130858;133930;132376;71218;53448;521830;134540;135914;131834;63379;32426;498093;2013;35
36;Indre;47479;43367;63638;42897;30710;228091;23013;21580;31891;22260;18948;117692;24466;21787;31747;20637;11762;110399;2013;36
37;Indre-et-Loire;144148;143031;159683;92436;60954;600252;71118;72563;81246;49099;37400;311426;73030;70468;78437;43337;23554;288826;2013;37
38;Isère;322307;310673;332070;172676;97661;1235387;155840;153935;167129;90158;59961;627023;166467;156738;164941;82518;37700;608364;2013;38
39;Jura;62095;54878;72437;43186;27906;260502;30236;27131;36213;22264;17303;133147;31859;27747;36224;20922;10603;127355;2013;39
40;Landes;87286;81849;112322;71709;44060;397226;42444;40586;56800;37550;26855;204235;44842;41263;55522;34159;17205;192991;2013;40
41;Loir-et-Cher;76796;68032;90516;57297;39360;332001;37337;33954;45715;29823;23818;170647;39459;34078;44801;27474;15542;161354;2013;41
42;Loire;184106;173647;197002;121065;80895;756715;89634;86665;99954;63609;51464;391326;94472;86982;97048;57456;29431;365389;2013;42
43;Haute-Loire;52526;46050;63415;39026;25186;226203;25533;22628;31299;19825;15814;115099;26993;23422;32116;19201;9372;111104;2013;43
44;Loire-Atlantique;343755;335690;351387;186995;110793;1328620;167902;166453;177841;99978;70740;682914;175853;169237;173546;87017;40053;645706;2013;44
45;Loiret;168163;159827;176817;99725;61055;665587;81798;80273;89829;51919;37370;341189;86365;79554;86988;47806;23685;324398;2013;45
46;Lot;34080;31226;48838;35281;24333;173758;16646;15403;24876;18000;14576;89501;17434;15823;23962;17281;9757;84257;2013;46
47;Lot-et-Garonne;72432;67155;89955;61345;42293;333180;35137;33803;46089;31888;25567;172484;37295;33352;43866;29457;16726;160696;2013;47
48;Lozère;16147;15835;21652;13769;9204;76607;7855;7767;10474;6736;5574;38406;8292;8068;11178;7033;3630;38201;2013;48
49;Maine-et-Loire;210695;194555;207340;113498;74103;800191;103623;96785;104835;59847;45871;410961;107072;97770;102505;53651;28232;389230;2013;49
50;Manche;114633;103850;138072;84509;58855;499919;55896;50854;68499;44027;36645;255921;58737;52996;69573;40482;22210;243998;2013;50
51;Marne;139984;146481;151688;83596;48250;569999;68494;72437;77451;44092;30671;293145;71490;74044;74237;39504;17579;276854;2013;51
52;Haute-Marne;39958;39172;50566;31398;20427;181521;19433;18690;25374;16110;12778;92385;20525;20482;25192;15288;7649;89136;2013;52
53;Mayenne;79179;67304;81714;45852;33451;307500;38588;33186;40210;23949;20144;156077;40591;34118;41504;21903;13307;151423;2013;53
54;Meurthe-et-Moselle;175202;191176;193843;105837;64946;731004;85593;94863;98895;55999;41244;376594;89609;96313;94948;49838;23702;354410;2013;54
55;Meuse;45078;43344;53521;30404;19747;192094;21709;20876;26555;15559;12442;97141;23369;22468;26966;14845;7305;94953;2013;55
56;Morbihan;171943;155933;202318;127513;80071;737778;83447;76269;101972;67305;50613;379606;88496;79664;100346;60208;29458;358172;2013;56
57;Moselle;240646;260154;302037;154359;89677;1046873;116694;127784;152510;80960;56109;534057;123952;132370;149527;73399;33568;512816;2013;57
58;Nièvre;43094;40749;58954;43026;29398;215221;20786;20038;29837;22314;18635;111610;22308;20711;29117;20712;10763;103611;2013;58
59;Nord;697873;696143;669535;338239;193746;2595536;340842;349929;341780;182040;127256;1341847;357031;346214;327755;156199;66490;1253689;2013;59
60;Oise;218564;203600;226929;109414;56893;815400;107010;101965;114052;56442;35606;415075;111554;101635;112877;52972;21287;400325;2013;60
61;Orne;66731;58168;78562;50516;34871;288848;32347;29022;39418;26225;21448;148460;34384;29146;39144;24291;13423;140388;2013;61
62;Pas-de-Calais;385698;356697;394261;206880;121669;1465205;187852;178696;199403;110926;80605;757482;197846;178001;194858;95954;41064;707723;2013;62
63;Puy-de-Dôme;141286;157509;175119;104342;62743;640999;69730;77781;88439;54655;39814;330419;71556;79728;86680;49687;22929;310580;2013;63
64;Pyrénées-Atlantiques;143398;146909;185764;111197;76789;664057;69741;72842;94525;59399;48052;344559;73657;74067;91239;51798;28737;319498;2013;64
65;Hautes-Pyrénées;47360;44777;64318;41996;30417;228868;22833;21943;32813;22187;19019;118795;24527;22834;31505;19809;11398;110073;2013;65
66;Pyrénées-Orientales;104104;96568;121474;84740;55819;462705;50274;49918;63008;45510;34125;242835;53830;46650;58466;39230;21694;219870;2013;66
67;Bas-Rhin;264320;289428;312050;154977;88685;1109460;129064;146294;157225;79967;56161;568711;135256;143134;154825;75010;32524;540749;2013;67
68;Haut-Rhin;182302;182280;217910;111373;64858;758723;88886;91598;109524;56709;40733;387450;93416;90682;108386;54664;24125;371273;2013;68
69;Rhône;460410;509968;439200;228876;141391;1779845;226465;259660;225766;122083;89147;923121;233945;250308;213434;106793;52244;856724;2013;69
70;Haute-Saône;56663;51245;67223;40286;23539;238956;27309;25314;33427;20418;14546;121014;29354;25931;33796;19868;8993;117942;2013;70
71;Saône-et-Loire;123272;112738;153715;99939;66558;556222;59462;55586;77604;51943;41458;286053;63810;57152;76111;47996;25100;270169;2013;71
72;Sarthe;142936;127441;152512;87143;59003;569035;69780;63649;76924;45361;36346;292060;73156;63792;75588;41782;22657;276975;2013;72
73;Savoie;101214;100997;119013;64238;38253;423715;48983;49758;59623;33781;23630;215775;52231;51239;59390;30457;14623;207940;2013;73
74;Haute-Savoie;192744;200824;215631;105159;55319;769677;93721;100064;108423;55022;34333;391563;99023;100760;107208;50137;20986;378114;2013;74
75;Paris;440008;765369;561425;295809;167010;2229621;219249;398710;290669;162916;107711;1179255;220759;366659;270756;132893;59299;1050366;2013;75
76;Seine-Maritime;312888;310251;335504;184936;111030;1254609;153048;156065;172422;98715;71123;651373;159840;154186;163082;86221;39907;603236;2013;76
77;Seine-et-Marne;381849;360383;378196;164513;80259;1365200;187054;184243;191801;84821;50106;698025;194795;176140;186395;79692;30153;667175;2013;77
78;Yvelines;384249;358937;390393;186493;98412;1418484;187738;181264;199814;97446;60809;727071;196511;177673;190579;89047;37603;691413;2013;78
79;Deux-Sèvres;86746;78835;103387;60377;42287;371632;42008;39029;51562;31187;25255;189041;44738;39806;51825;29190;17032;182591;2013;79
80;Somme;142054;141889;152213;85232;50287;571675;69385;70874;76880;44667;31738;293544;72669;71015;75333;40565;18549;278131;2013;80
81;Tarn;85889;77188;105241;65590;48019;381927;41833;38849;53732;34330;29078;197822;44056;38339;51509;31260;18941;184105;2013;81
82;Tarn-et-Garonne;60323;54340;68545;40106;27028;250342;29421;27290;34540;20665;16345;128261;30902;27050;34005;19441;10683;122081;2013;82
83;Var;222137;218284;275969;192734;119459;1028583;108104;108306;143055;102208;72246;533919;114033;109978;132914;90526;47213;494664;2013;83
84;Vaucluse;133298;122773;150125;90789;52964;549949;65077;62521;77790;47744;32836;285968;68221;60252;72335;43045;20128;263981;2013;84
85;Vendée;156156;142034;173935;113619;69762;655506;76189;69700;87198;59087;42290;334464;79967;72334;86737;54532;27472;321042;2013;85
86;Vienne;101042;104782;113374;66727;45323;431248;49682;53137;57709;34772;27727;223027;51360;51645;55665;31955;17596;208221;2013;86
87;Haute-Vienne;80873;85248;100763;64260;44712;375856;39817;43033;51460;33771;27775;195856;41056;42215;49303;30489;16937;180000;2013;87
88;Vosges;86703;80053;105479;63236;39755;375226;42129;39460;53025;32716;25367;192697;44574;40593;52454;30520;14388;182529;2013;88
89;Yonne;79871;71060;93435;59007;38110;341483;38890;35893;46978;30264;23574;175599;40981;35167;46457;28743;14536;165884;2013;89
90;Territoire de Belfort;36169;36841;38225;20766;12317;144318;17203;17539;19271;10754;7774;72541;18966;19302;18954;10012;4543;71777;2013;90
91;Essonne;345164;332860;338615;155548;81744;1253931;168784;167834;171222;81447;50140;639427;176380;165026;167393;74101;31604;614504;2013;91
92;Hauts-de-Seine;402877;470510;416443;186493;115080;1591403;197368;241627;218281;101168;73609;832053;205509;228883;198162;85325;41471;759350;2013;92
93;Seine-Saint-Denis;448779;458311;399722;162712;82958;1552482;219613;233491;201270;82498;51794;788666;229166;224820;198452;80214;31164;763816;2013;93
94;Val-de-Marne;349777;388464;360088;161645;94031;1354005;171288;199630;185572;86440;60142;703072;178489;188834;174516;75205;33889;650933;2013;94
95;Val-d'Oise;340649;328403;319829;136976;68824;1194681;166293;168011;164596;70627;43374;612901;174356;160392;155233;66349;25450;581780;2013;95
2A;Corse-du-Sud;30654;34746;42694;25638;15502;149234;14685;17855;21783;13243;9261;76827;15969;16891;20911;12395;6241;72407;2013;201
2B;Haute-Corse;34933;41325;47669;29524;17523;170974;16898;20466;24018;15185;10549;87116;18035;20859;23651;14339;6974;83858;2013;202
971;Guadeloupe ;112120;85045;120211;56872;27871;402119;55312;47137;65772;30835;16986;216042;56808;37908;54439;26037;10885;186077;2013;971
972;Martinique ;97316;79330;119987;57377;31541;385551;47937;43578;65897;31204;18980;207596;49379;35752;54090;26173;12561;177955;2013;972
973;Guyane;104821;70319;51117;13794;4067;244118;51347;36334;25554;6804;2426;122465;53474;33985;25563;6990;1641;121653;2013;973
974;La Réunion;268728;219896;231825;82397;32257;835103;131337;116637;119634;43398;20366;431372;137391;103259;112191;38999;11891;403731;2013;974
01;Ain;161231;148637;171898;83266;47159;612191;78766;73524;85742;42440;28891;309363;82465;75113;86156;40826;18268;302828;2012;1
02;Aisne;138748;126112;148847;78639;48542;540888;67669;63077;74863;41070;30956;277635;71079;63035;73984;37569;17586;263253;2012;2
03;Allier;71637;68776;95067;62337;45094;342911;35046;34179;48029;32669;28368;178291;36591;34597;47038;29668;16726;164620;2012;3
04;Alpes-de-Haute-Provence;35587;32118;45580;29857;18099;161241;17110;16317;23218;15526;10905;83076;18477;15801;22362;14331;7194;78165;2012;4
05;Hautes-Alpes;31430;29440;40067;23604;15013;139554;15444;14626;20271;12197;9101;71639;15986;14814;19796;11407;5912;67915;2012;5
06;Alpes-Maritimes;234149;249687;288804;181560;127814;1082014;113238;126904;150646;98355;79865;569008;120911;122783;138158;83205;47949;513006;2012;6
07;Ardèche;72616;65410;89072;55689;35620;318407;35377;32803;44629;28648;21925;163382;37239;32607;44443;27041;13695;155025;2012;7
08;Ardennes;70037;64667;79596;42568;25910;282778;33781;32186;39951;22132;16490;144540;36256;32481;39645;20436;9420;138238;2012;8
09;Ariège;32592;30302;43255;26887;19330;152366;15736;15097;21701;13727;11687;77948;16856;15205;21554;13160;7643;74418;2012;9
10;Aube;73995;71578;81844;47998;30191;305606;36243;35363;41510;25024;19114;157254;37752;36215;40334;22974;11077;148352;2012;10
11;Aude;81334;74680;98711;64792;42822;362339;39745;37825;50579;33811;25961;187921;41589;36855;48132;30981;16861;174418;2012;11
12;Aveyron;57585;54458;76319;49744;38123;276229;27708;26623;37884;25557;22932;140704;29877;27835;38435;24187;15191;135525;2012;12
13;Bouches-du-Rhône;478927;498518;529364;295474;182501;1984784;234858;254325;276353;157093;113595;1036224;244069;244193;253011;138381;68906;948560;2012;13
14;Calvados;168396;167954;183651;103729;64124;687854;82013;84899;93354;55204;41152;356622;86383;83055;90297;48525;22972;331232;2012;14
15;Cantal;28470;28775;42490;27301;20379;147415;13946;14227;20863;14075;12639;75750;14524;14548;21627;13226;7740;71665;2012;15
16;Charente;75943;74343;100149;60841;42381;353657;36833;36564;51029;31778;26072;182276;39110;37779;49120;29063;16309;171381;2012;16
17;Charente-Maritime;134618;129593;170186;118062;76274;628733;65606;64561;87787;62277;46429;326660;69012;65032;82399;55785;29845;302073;2012;17
18;Cher;67739;65051;87347;55508;36252;311897;32838;32064;44161;28920;22376;160359;34901;32987;43186;26588;13876;151538;2012;18
19;Corrèze;48200;49203;66949;43611;33284;241247;23419;23624;33723;22836;20769;124371;24781;25579;33226;20775;12515;116876;2012;19
21;Côte-d'Or;122959;135552;141062;78626;49204;527403;59988;68118;71530;41319;31057;272012;62971;67434;69532;37307;18147;255391;2012;21
22;Côtes-d'Armor;137258;120838;160162;106072;71201;595531;66400;59734;80207;55896;45419;307656;70858;61104;79955;50176;25782;287875;2012;22
23;Creuse;22742;21330;34783;23716;18946;121517;10917;10438;17269;12059;11755;62438;11825;10892;17514;11657;7191;59079;2012;23
24;Dordogne;83769;78557;116986;80924;56148;416384;40734;39446;59590;41941;34338;216049;43035;39111;57396;38983;21810;200335;2012;24
25;Doubs;133580;137499;138770;76219;44994;531062;65442;67858;70246;39756;27754;271056;68138;69641;68524;36463;17240;260006;2012;25
26;Drôme;121491;109703;134840;78952;46348;491334;58595;55375;68870;41206;28291;252337;62896;54328;65970;37746;18057;238997;2012;26
27;Eure;155634;140269;164278;84965;46470;591616;75754;70591;82742;43957;29169;302213;79880;69678;81536;41008;17301;289403;2012;27
28;Eure-et-Loir;110620;101399;118433;63014;38641;432107;53918;50976;59543;32525;23711;220673;56702;50423;58890;30489;14930;211434;2012;28
29;Finistère;209504;204118;246895;145129;95647;901293;101811;98907;123359;77492;62274;463843;107693;105211;123536;67637;33373;437450;2012;29
30;Gard;172056;160553;201680;119676;71653;725618;84041;81393;103970;62852;43790;376046;88015;79160;97710;56824;27863;349572;2012;30
31;Haute-Garonne;310041;372388;336644;161052;99224;1279349;151569;184494;170828;85755;61562;654208;158472;187894;165816;75297;37662;625141;2012;31
32;Gers;39289;35312;54386;35014;25529;189530;19121;17650;27489;17944;14940;97144;20168;17662;26897;17070;10589;92386;2012;32
33;Gironde;350012;387482;400336;212624;133258;1483712;172198;196789;206446;113037;83682;772152;177814;190693;193890;99587;49576;711560;2012;33
34;Hérault;252150;272461;279874;170574;102568;1077627;123818;139004;146083;90238;62763;561906;128332;133457;133791;80336;39805;515721;2012;34
35;Ille-et-Vilaine;263760;267805;261778;130534;84024;1007901;129914;132663;131247;69205;52556;515585;133846;135142;130531;61329;31468;492316;2012;35
36;Indre;47792;44580;63964;41847;30509;228692;23210;22213;32057;21753;18788;118021;24582;22367;31907;20094;11721;110671;2012;36
37;Indre-et-Loire;143353;144215;159141;89784;60444;596937;70804;73204;81077;47618;37214;309917;72549;71011;78064;42166;23230;287020;2012;37
38;Isère;318755;313240;328618;167960;96420;1224993;154296;155347;165855;87392;59310;622200;164459;157893;162763;80568;37110;602793;2012;38
39;Jura;62515;56107;72500;42083;27727;260932;30363;27867;36177;21672;17205;133284;32152;28240;36323;20411;10522;127648;2012;39
40;Landes;86776;82493;110889;69030;43696;392884;41972;40944;56048;36101;26711;201776;44804;41549;54841;32929;16985;191108;2012;40
41;Loir-et-Cher;76273;69468;90574;56147;39194;331656;37147;34700;45738;29184;23751;170520;39126;34768;44836;26963;15443;161136;2012;41
42;Loire;184140;174287;197103;118059;80174;753763;89802;86901;100316;62023;51300;390342;94338;87386;96787;56036;28874;363421;2012;42
43;Haute-Loire;52655;46904;63200;37945;24982;225686;25680;23033;31153;19297;15748;114911;26975;23871;32047;18648;9234;110775;2012;43
44;Loire-Atlantique;338331;337190;348472;180576;108752;1313321;165000;167833;176677;96628;69611;675749;173331;169357;171795;83948;39141;637572;2012;44
45;Loiret;167598;161077;176078;97226;60318;662297;81338;80944;89486;50420;37074;339262;86260;80133;86592;46806;23244;323035;2012;45
46;Lot;34475;31751;49269;34607;24244;174346;16845;15696;25134;17674;14556;89905;17630;16055;24135;16933;9688;84441;2012;46
47;Lot-et-Garonne;72020;68070;90471;59504;42054;332119;34958;34203;46455;30984;25436;172036;37062;33867;44016;28520;16618;160083;2012;47
48;Lozère;16365;15991;21887;13586;9060;76889;7876;7813;10538;6664;5460;38351;8489;8178;11349;6922;3600;38538;2012;48
49;Maine-et-Loire;210411;195867;206614;109537;73128;795557;103810;97721;104375;57895;45387;409188;106601;98146;102239;51642;27741;386369;2012;49
50;Manche;115749;104800;138453;82464;57874;499340;56539;51354;68604;43136;36086;255719;59210;53446;69849;39328;21788;243621;2012;50
51;Marne;139785;147988;152065;81158;47754;568750;68378;73088;77779;42792;30517;292554;71407;74900;74286;38366;17237;276196;2012;51
52;Haute-Marne;40483;39959;50962;30560;20172;182136;19612;19117;25556;15753;12691;92729;20871;20842;25406;14807;7481;89407;2012;52
53;Mayenne;79679;68336;81945;44852;32641;307453;38843;33550;40470;23481;19719;156063;40836;34786;41475;21371;12922;151390;2012;53
54;Meurthe-et-Moselle;176558;194317;194866;103237;64288;733266;86532;96519;99489;54562;41000;378102;90026;97798;95377;48675;23288;355164;2012;54
55;Meuse;45813;43957;53879;29686;19465;192800;22013;21150;26686;15271;12344;97464;23800;22807;27193;14415;7121;95336;2012;55
56;Morbihan;171475;157299;201248;124115;78235;732372;83277;77048;101357;65669;49565;376916;88198;80251;99891;58446;28670;355456;2012;56
57;Moselle;240933;264213;302790;150653;87879;1046468;117267;129589;152904;79116;55146;534022;123666;134624;149886;71537;32733;512446;2012;57
58;Nièvre;43635;41744;59695;42260;29452;216786;21163;20497;30158;21951;18726;112495;22472;21247;29537;20309;10726;104291;2012;58
59;Nord;695141;701190;668398;329371;193028;2587128;339264;352252;341647;177729;127156;1338048;355877;348938;326751;151642;65872;1249080;2012;59
60;Oise;216640;206017;225718;106105;55820;810300;105739;103228;113854;54324;35147;412292;110901;102789;111864;51781;20673;398008;2012;60
61;Orne;67702;59129;79123;49305;34756;290015;32977;29497;39692;25710;21440;149316;34725;29632;39431;23595;13316;140699;2012;61
62;Pas-de-Calais;386721;361469;394639;200483;120316;1463628;187930;181068;199535;107895;79761;756189;198791;180401;195104;92588;40555;707439;2012;62
63;Puy-de-Dôme;140891;158147;174641;101736;62677;638092;69576;78024;88434;53260;39841;329135;71315;80123;86207;48476;22836;308957;2012;63
64;Pyrénées-Atlantiques;143323;147961;185078;108687;75822;660871;69712;73515;94262;58086;47710;343285;73611;74446;90816;50601;28112;317586;2012;64
65;Hautes-Pyrénées;47633;45529;64529;41333;29830;228854;22866;22383;32993;21848;18649;118739;24767;23146;31536;19485;11181;110115;2012;65
66;Pyrénées-Orientales;103161;97285;120588;81679;55080;457793;49750;50181;62841;43934;33659;240365;53411;47104;57747;37745;21421;217428;2012;66
67;Bas-Rhin;265092;291503;311197;150271;86604;1104667;129424;147594;156477;77457;55323;566275;135668;143909;154720;72814;31281;538392;2012;67
68;Haut-Rhin;181956;183645;217985;107807;63809;755202;88965;92149;109276;54928;40228;385546;92991;91496;108709;52879;23581;369656;2012;68
69;Rhône;454872;508864;435053;224828;139249;1762866;224282;259460;224061;119359;88095;915257;230590;249404;210992;105469;51154;847609;2012;69
70;Haute-Saône;57386;52322;67447;39264;23331;239750;27678;25831;33466;19867;14535;121377;29708;26491;33981;19397;8796;118373;2012;70
71;Saône-et-Loire;122829;114476;154531;97359;65844;555039;59236;56390;77952;50582;41117;285277;63593;58086;76579;46777;24727;269762;2012;71
72;Sarthe;142176;129571;152595;84721;58319;567382;69457;64456;76828;44302;35926;290969;72719;65115;75767;40419;22393;276413;2012;72
73;Savoie;101541;101591;118186;62294;37493;421105;48887;49777;59246;32683;23229;213822;52654;51814;58940;29611;14264;207283;2012;73
74;Haute-Savoie;190609;198655;212159;101365;53713;756501;92546;98824;107181;52892;33488;384931;98063;99831;104978;48473;20225;371570;2012;74
75;Paris;445889;774355;563400;290090;166887;2240621;222200;402429;292525;160117;108015;1185286;223689;371926;270875;129973;58872;1055335;2012;75
76;Seine-Maritime;313758;314075;336614;178925;110559;1253931;153479;158335;172963;95606;70994;651377;160279;155740;163651;83319;39565;602554;2012;76
77;Seine-et-Marne;380313;362061;374431;158424;78717;1353946;186312;184892;189882;81481;49430;691997;194001;177169;184549;76943;29287;661949;2012;77
78;Yvelines;383459;362865;388468;181724;95840;1412356;187459;182861;199224;94824;59382;723750;196000;180004;189244;86900;36458;688606;2012;78
79;Deux-Sèvres;86479;80719;103430;59079;41876;371583;42001;40060;51599;30595;25034;189289;44478;40659;51831;28484;16842;182294;2012;79
80;Somme;141516;144268;152346;82826;50198;571154;69164;72318;76953;43525;31727;293687;72352;71950;75393;39301;18471;277467;2012;80
81;Tarn;84491;77818;104892;63919;47827;378947;41058;38999;53523;33498;28956;196034;43433;38819;51369;30421;18871;182913;2012;81
82;Tarn-et-Garonne;59538;54310;67885;38924;26314;246971;28879;27367;34244;20053;15866;126409;30659;26943;33641;18871;10448;120562;2012;82
83;Var;221871;218971;274648;188495;117684;1021669;107818;108895;142926;99770;71469;530878;114053;110076;131722;88725;46215;490791;2012;83
84;Vaucluse;132398;123303;149394;88434;52785;546314;64502;62578;77370;46752;32927;284129;67896;60725;72024;41682;19858;262185;2012;84
85;Vendée;154468;143198;173070;109777;68388;648901;75277;70102;86875;57095;41519;330868;79191;73096;86195;52682;26869;318033;2012;85
86;Vienne;100764;106465;113655;64788;44346;430018;49641;53841;57908;33692;27093;222175;51123;52624;55747;31096;17253;207843;2012;86
87;Haute-Vienne;80953;86411;101282;62673;44550;375869;39725;43783;51739;32869;27650;195766;41228;42628;49543;29804;16900;180103;2012;87
88;Vosges;88099;81861;106374;61811;39137;377282;42774;40426;53521;32130;25032;193883;45325;41435;52853;29681;14105;183399;2012;88
89;Yonne;80106;72267;94019;57320;38190;341902;39143;36467;47285;29414;23702;176011;40963;35800;46734;27906;14488;165891;2012;89
90;Territoire de Belfort;35258;37599;38487;20313;12283;143940;17058;17640;19312;10450;7816;72276;18200;19959;19175;9863;4467;71664;2012;90
91;Essonne;340015;333822;333454;151062;79154;1237507;166486;167985;169000;79157;48922;631550;173529;165837;164454;71905;30232;605957;2012;91
92;Hauts-de-Seine;402429;474213;413966;181445;114381;1586434;197468;243534;217317;97706;73760;829785;204961;230679;196649;83739;40621;756649;2012;92
93;Seine-Saint-Denis;444287;455451;396771;159399;82818;1538726;217802;232596;200465;80343;52152;783358;226485;222855;196306;79056;30666;755368;2012;93
94;Val-de-Marne;346680;388464;356232;157609;92846;1341831;170007;199116;184185;84292;59537;697137;176673;189348;172047;73317;33309;644694;2012;94
95;Val-d'Oise;338164;328591;319658;133024;67644;1187081;165048;167832;164612;68385;43100;608977;173116;160759;155046;64639;24544;578104;2012;95
2A;Corse-du-Sud;29696;33832;41530;25154;15217;145429;14239;17368;21184;12967;9133;74891;15457;16464;20346;12187;6084;70538;2012;201
2B;Haute-Corse;35684;41868;47389;28796;17091;170828;17163;20646;23716;14702;10371;86598;18521;21222;23673;14094;6720;84230;2012;202
971;Guadeloupe ;114445;87738;119147;54639;27345;403314;56208;48623;65235;29569;16641;216276;58237;39115;53912;25070;10704;187038;2012;971
972;Martinique ;99846;82615;119413;55870;30620;388364;49364;45723;65519;30451;18483;209540;50482;36892;53894;25419;12137;178824;2012;972
973;Guyane;103030;70347;49394;13001;3876;239648;50516;36338;24498;6483;2275;120110;52514;34009;24896;6518;1601;119538;2012;973
974;La Réunion;272136;222890;228925;79157;30836;833944;132926;117936;118198;41800;19580;430440;139210;104954;110727;37357;11256;403504;2012;974
01;Ain;159835;148547;169154;80638;45653;603827;78108;73388;84197;41121;28152;304966;81727;75159;84957;39517;17501;298861;2011;1
02;Aisne;139855;127929;149525;76362;47631;541302;68151;63907;75282;39993;30426;277759;71704;64022;74243;36369;17205;263543;2011;2
03;Allier;72093;69610;95374;61184;44468;342729;35311;34644;48050;32189;27957;178151;36782;34966;47324;28995;16511;164578;2011;3
04;Alpes-de-Haute-Provence;36084;32111;45687;29231;17846;160959;17322;16359;23289;15286;10780;83036;18762;15752;22398;13945;7066;77923;2011;4
05;Hautes-Alpes;31787;29333;39926;22923;14636;138605;15636;14635;20144;11826;8866;71107;16151;14698;19782;11097;5770;67498;2011;5
06;Alpes-Maritimes;235488;250054;289044;179212;127446;1081244;114107;127004;150622;97071;79905;568709;121381;123050;138422;82141;47541;512535;2011;6
07;Ardèche;72947;66217;88790;54051;35272;317277;35425;33334;44330;27881;21792;162762;37522;32883;44460;26170;13480;154515;2011;7
08;Ardennes;70966;65875;79792;41100;25377;283110;34098;32828;39911;21446;16149;144432;36868;33047;39881;19654;9228;138678;2011;8
09;Ariège;32928;30923;43248;26315;18872;152286;15875;15446;21680;13529;11431;77961;17053;15477;21568;12786;7441;74325;2011;9
10;Aube;74078;71864;82045;46557;29453;303997;36361;35483;41510;24320;18671;156345;37717;36381;40535;22237;10782;147652;2011;10
11;Aude;80730;76088;97723;62925;42501;359967;39575;38319;50099;32731;25840;186564;41155;37769;47624;30194;16661;173403;2011;11
12;Aveyron;57504;55174;76354;49263;37518;275813;27711;27011;37822;25413;22671;140628;29793;28163;38532;23850;14847;135185;2011;12
13;Bouches-du-Rhône;478237;499827;527583;289038;181211;1975896;234684;254779;275514;153855;113374;1032206;243553;245048;252069;135183;67837;943690;2011;13
14;Calvados;170045;169040;183279;99658;63240;685262;82848;85347;93168;53095;40651;355109;87197;83693;90111;46563;22589;330153;2011;14
15;Cantal;28371;29573;42910;26683;20040;147577;13938;14617;21007;13808;12492;75862;14433;14956;21903;12875;7548;71715;2011;15
16;Charente;76569;74959;100354;59040;41783;352705;37031;36980;51040;30775;25759;181585;39538;37979;49314;28265;16024;171120;2011;16
17;Charente-Maritime;133909;132323;169627;114740;75083;625682;65076;65852;87466;60295;45840;324529;68833;66471;82161;54445;29243;301153;2011;17
18;Cher;68574;65544;87622;54360;35594;311694;33383;32381;44342;28293;22148;160547;35191;33163;43280;26067;13446;151147;2011;18
19;Corrèze;48561;50282;67379;42992;33240;242454;23503;24132;34002;22598;20748;124983;25058;26150;33377;20394;12492;117471;2011;19
21;Côte-d'Or;123702;135832;140908;76452;49037;525931;60310;68414;71394;40317;30954;271389;63392;67418;69514;36135;18083;254542;2011;21
22;Côtes-d'Armor;137950;122566;160193;103705;69961;594375;66825;60572;80304;54874;44792;307367;71125;61994;79889;48831;25169;287008;2011;22
23;Creuse;23068;22088;35065;23317;19022;122560;11100;10732;17413;11891;11804;62940;11968;11356;17652;11426;7218;59620;2011;23
24;Dordogne;84168;79506;117215;79085;55194;415168;40961;39908;59684;41015;33777;215345;43207;39598;57531;38070;21417;199823;2011;24
25;Doubs;133780;138158;138376;74544;44245;529103;65043;68424;69935;38763;27409;269574;68737;69734;68441;35781;16836;259529;2011;25
26;Drôme;121055;110349;133952;76871;45766;487993;58346;55828;68444;40247;27967;250832;62709;54521;65508;36624;17799;237161;2011;26
27;Eure;155358;141837;163789;81878;45249;588111;75801;71377;82556;42445;28462;300641;79557;70460;81233;39433;16787;287470;2011;27
28;Eure-et-Loir;110360;102981;118013;61010;38052;430416;53670;51673;59365;31328;23355;219391;56690;51308;58648;29682;14697;211025;2011;28
29;Finistère;211675;206094;247128;141359;93614;899870;102715;99976;123371;75828;61510;463400;108960;106118;123757;65531;32104;436470;2011;29
30;Gard;172774;160503;199907;115235;69938;718357;84391;81403;102972;60414;42744;371924;88383;79100;96935;54821;27194;346433;2011;30
31;Haute-Garonne;305995;368408;331806;156767;97250;1260226;149448;182141;168714;83549;60534;644386;156547;186267;163092;73218;36716;615840;2011;31
32;Gers;39254;35740;54528;34339;25032;188893;18982;17879;27556;17601;14660;96678;20272;17861;26972;16738;10372;92215;2011;32
33;Gironde;347074;385885;394653;205380;130670;1463662;170663;195325;203937;109199;82507;761631;176411;190560;190716;96181;48163;702031;2011;33
34;Hérault;251318;269053;276242;164452;100971;1062036;123922;136981;144598;87011;62028;554540;127396;132072;131644;77441;38943;507496;2011;34
35;Ille-et-Vilaine;259312;269172;258917;126862;82176;996439;127876;132887;130113;67512;51515;509903;131436;136285;128804;59350;30661;486536;2011;35
36;Indre;48019;46097;64623;41211;30225;230175;23364;22787;32341;21531;18676;118699;24655;23310;32282;19680;11549;111476;2011;36
37;Indre-et-Loire;143192;144883;159037;87284;59287;593683;70484;73561;81170;46298;36426;307939;72708;71322;77867;40986;22861;285744;2011;37
38;Isère;315594;316138;324686;163863;94931;1215212;152927;156733;163758;85179;58611;617208;162667;159405;160928;78684;36320;598004;2011;38
39;Jura;62755;57279;72357;41235;27668;261294;30382;28650;36033;21178;17228;133471;32373;28629;36324;20057;10440;127823;2011;39
40;Landes;85512;82546;109730;67316;42825;387929;41489;41012;55393;35135;26271;199300;44023;41534;54337;32181;16554;188629;2011;40
41;Loir-et-Cher;76637;70346;90544;54618;39135;331280;37277;35119;45793;28413;23730;170332;39360;35227;44751;26205;15405;160948;2011;41
42;Loire;183136;175539;195826;115653;78899;749053;89228;87839;99656;61034;50657;388414;93908;87700;96170;54619;28242;360639;2011;42
43;Haute-Loire;52790;47468;62725;37155;24769;224907;25722;23312;30831;18978;15678;114521;27068;24156;31894;18177;9091;110386;2011;43
44;Loire-Atlantique;335130;336630;344144;174036;106424;1296364;163530;167493;174812;93205;68340;667380;171600;169137;169332;80831;38084;628984;2011;44
45;Loiret;167847;162598;175640;94379;59123;659587;81744;81468;89315;48985;36357;337869;86103;81130;86325;45394;22766;321718;2011;45
46;Lot;34962;32510;49462;33929;23891;174754;17046;16011;25206;17238;14409;89910;17916;16499;24256;16691;9482;84844;2011;46
47;Lot-et-Garonne;71970;68529;90396;58444;41527;330866;34836;34398;46489;30428;25210;171361;37134;34131;43907;28016;16317;159505;2011;47
48;Lozère;16598;16342;21962;13297;8957;77156;7915;7968;10519;6564;5405;38371;8683;8374;11443;6733;3552;38785;2011;48
49;Maine-et-Loire;208070;197889;205403;106435;72546;790343;102357;98923;103761;56518;45103;406662;105713;98966;101642;49917;27443;383681;2011;49
50;Manche;115901;106818;138726;81031;57055;499531;56629;52247;68756;42403;35862;255897;59272;54571;69970;38628;21193;243634;2011;50
51;Marne;139217;149938;152057;78410;46949;566571;67764;74344;77892;41308;30145;291453;71453;75594;74165;37102;16804;275118;2011;51
52;Haute-Marne;40637;40360;51274;29990;20114;182375;19692;19341;25681;15409;12815;92938;20945;21019;25593;14581;7299;89437;2011;52
53;Mayenne;79757;69053;81708;44025;32488;307031;38751;33836;40364;23082;19755;155788;41006;35217;41344;20943;12733;151243;2011;53
54;Meurthe-et-Moselle;177687;196639;194442;100842;63514;733124;86936;97548;99558;53498;40691;378231;90751;99091;94884;47344;22823;354893;2011;54
55;Meuse;46564;44812;54228;28759;19194;193557;22380;21545;26791;14870;12221;97807;24184;23267;27437;13889;6973;95750;2011;55
56;Morbihan;171471;159272;199943;120968;75429;727083;83013;78048;100441;64192;48062;373756;88458;81224;99502;56776;27367;353327;2011;56
57;Moselle;242164;268309;302555;147092;85026;1045146;117920;131480;152877;77431;53526;533234;124244;136829;149678;69661;31500;511912;2011;57
58;Nièvre;44386;42696;60576;41418;29265;218341;21717;20997;30773;21638;18661;113786;22669;21699;29803;19780;10604;104555;2011;58
59;Nord;696905;707214;666868;318711;189510;2579208;339613;355384;341358;172903;125372;1334630;357292;351830;325510;145808;64138;1244578;2011;59
60;Oise;216697;207388;224425;102523;54609;805642;105804;103624;113119;52480;34410;409437;110893;103764;111306;50043;20199;396205;2011;60
61;Orne;68568;60343;79761;48199;34020;290891;33256;30094;39955;25256;21047;149608;35312;30249;39806;22943;12973;141283;2011;61
62;Pas-de-Calais;388632;366805;395345;194534;117491;1462807;189075;183906;199871;105299;78328;756479;199557;182899;195474;89235;39163;706328;2011;62
63;Puy-de-Dôme;141455;159127;174476;98808;61603;635469;69788;78277;88409;51702;39479;327655;71667;80850;86067;47106;22124;307814;2011;63
64;Pyrénées-Atlantiques;143396;148677;184036;105840;74659;656608;69722;73873;93879;56537;47155;341166;73674;74804;90157;49303;27504;315442;2011;64
65;Hautes-Pyrénées;47552;46892;65133;40616;29035;229228;22838;22926;33339;21506;18241;118850;24714;23966;31794;19110;10794;110378;2011;65
66;Pyrénées-Orientales;101560;97543;119199;79932;54296;452530;48968;50293;62043;42942;33314;237560;52592;47250;57156;36990;20982;214970;2011;66
67;Bas-Rhin;265227;294438;308983;145891;84730;1099269;129417;149143;155044;75220;54137;562961;135810;145295;153939;70671;30593;536308;2011;67
68;Haut-Rhin;182885;185467;217498;104958;62248;753056;89241;92782;108936;53418;39576;383953;93644;92685;108562;51540;22672;369103;2011;68
69;Rhône;449811;504664;431355;220363;138043;1744236;221684;256869;222671;116747;87403;905374;228127;247795;208684;103616;50640;838862;2011;69
70;Haute-Saône;57947;53130;67689;38066;22863;239695;28002;26068;33590;19282;14337;121279;29945;27062;34099;18784;8526;118416;2011;70
71;Saône-et-Loire;123508;117246;154716;95195;65334;555999;59625;57642;78040;49537;40885;285729;63883;59604;76676;45658;24449;270270;2011;71
72;Sarthe;142165;131359;152036;82890;57268;565718;69621;65207;76468;43421;35258;289975;72544;66152;75568;39469;22010;275743;2011;72
73;Savoie;102134;102308;117466;60553;36488;418949;49406;50282;58804;31726;22622;212840;52728;52026;58662;28827;13866;206109;2011;73
74;Haute-Savoie;188977;197230;209664;98510;52613;746994;91835;97552;106013;51230;32876;379506;97142;99678;103651;47280;19737;367488;2011;74
75;Paris;447812;784133;562972;286875;168183;2249975;223312;406319;292362;158186;109211;1189390;224500;377814;270610;128689;58972;1060585;2011;75
76;Seine-Maritime;314421;317240;336099;173977;109545;1251282;153742;159445;172568;93420;70727;649902;160679;157795;163531;80557;38818;601380;2011;76
77;Seine-et-Marne;376178;362830;370179;152918;76322;1338427;184301;184773;187793;78556;48136;683559;191877;178057;182386;74362;28186;654868;2011;77
78;Yvelines;386517;365626;388363;178294;94835;1413635;188728;184042;199422;92616;59290;724098;197789;181584;188941;85678;35545;689537;2011;78
79;Deux-Sèvres;86639;81175;103416;58031;41678;370939;42016;40185;51674;30043;25041;188959;44623;40990;51742;27988;16637;181980;2011;79
80;Somme;142954;146461;152317;80618;48861;571211;69793;73432;76995;42507;30903;293630;73161;73029;75322;38111;17958;277581;2011;80
81;Tarn;84129;78743;104620;62567;47616;377675;40876;39402;53396;32809;28743;195226;43253;39341;51224;29758;18873;182449;2011;81
82;Tarn-et-Garonne;58805;54727;67351;37521;26141;244545;28567;27489;33847;19453;15744;125100;30238;27238;33504;18068;10397;119445;2011;82
83;Var;220479;219571;271758;184870;116057;1012735;107415;108855;141422;97727;70679;526098;113064;110716;130336;87143;45378;486637;2011;83
84;Vaucluse;133495;125335;149399;86520;51881;546630;65164;63492;77445;45736;32363;284200;68331;61843;71954;40784;19518;262430;2011;84
85;Vendée;153020;144087;171255;106117;67178;641657;74308;70833;85756;55160;41097;327154;78712;73254;85499;50957;26081;314503;2011;85
86;Vienne;101075;106697;113608;63106;43961;428447;49691;54119;57930;32795;26974;221509;51384;52578;55678;30311;16987;206938;2011;86
87;Haute-Vienne;81065;87625;101515;61266;44587;376058;39707;44584;51659;32190;27760;195900;41358;43041;49856;29076;16827;180158;2011;87
88;Vosges;89146;84300;106872;60134;38378;378830;43295;41605;53800;31270;24676;194646;45851;42695;53072;28864;13702;184184;2011;88
89;Yonne;80427;73963;94464;56044;37565;342463;39098;37325;47388;28798;23404;176013;41329;36638;47076;27246;14161;166450;2011;89
90;Territoire de Belfort;35518;37751;38396;19634;12049;143348;17147;17668;19374;10141;7767;72097;18371;20083;19022;9493;4282;71251;2011;90
91;Essonne;336098;332340;330786;148238;77729;1225191;164201;166810;168111;77316;48038;624476;171897;165530;162675;70922;29691;600715;2011;91
92;Hauts-de-Seine;400708;476694;409798;178684;115744;1581628;196520;244482;215421;95732;74492;826647;204188;232212;194377;82952;41252;754981;2011;92
93;Seine-Saint-Denis;442374;455508;394616;155112;82318;1529928;216794;232500;200019;77706;52729;779748;225580;223008;194597;77406;29589;750180;2011;93
94;Val-de-Marne;344272;388804;354333;154017;92276;1333702;168429;199811;183219;82544;59228;693231;175843;188993;171114;71473;33048;640471;2011;94
95;Val-d'Oise;337058;327104;320176;129561;66466;1180365;165011;166751;165083;66869;42497;606211;172047;160353;155093;62692;23969;574154;2011;95
2A;Corse-du-Sud;30037;33995;41809;24928;15077;145846;14444;17418;21313;12831;9027;75033;15593;16577;20496;12097;6050;70813;2011;201
2B;Haute-Corse;35362;41187;47134;28384;16573;168640;16989;20164;23575;14557;10093;85378;18373;21023;23559;13827;6480;83262;2011;202
971;Guadeloupe ;116547;90459;117860;53233;26536;404635;57146;50399;64232;28997;16079;216853;59401;40060;53628;24236;10457;187782;2011;971
972;Martinique ;102313;86340;119298;54668;29672;392291;50533;48044;65456;29590;17992;211615;51780;38296;53842;25078;11680;180676;2011;972
973;Guyane;104063;68394;48889;12340;3863;237549;50849;36287;24259;6170;2252;119817;53214;32107;24630;6170;1611;117732;2011;973
974;La Réunion;274939;225332;223635;75847;28828;828581;134375;119189;115333;40123;18422;427442;140564;106143;108302;35724;10406;401139;2011;974
01;Ain;159049;147795;168352;77592;44553;597341;77657;73093;83753;39594;27537;301634;81392;74702;84599;37998;17016;295707;2010;1
02;Aisne;140051;129269;150200;73874;47114;540508;68327;64557;75507;38933;30185;277509;71724;64712;74693;34941;16929;262999;2010;2
03;Allier;72071;70309;96593;59723;44212;342908;35029;35144;48733;31510;28009;178425;37042;35165;47860;28213;16203;164483;2010;3
04;Alpes-de-Haute-Provence;36154;32440;45668;28400;17487;160149;17359;16482;23206;14884;10620;82551;18795;15958;22462;13516;6867;77598;2010;4
05;Hautes-Alpes;31466;29056;39586;22438;14425;136971;15388;14500;19992;11482;8752;70114;16078;14556;19594;10956;5673;66857;2010;5
06;Alpes-Maritimes;235472;250738;288561;176434;127524;1078729;114654;127712;150418;95917;79879;568580;120818;123026;138143;80517;47645;510149;2010;6
07;Ardèche;72685;66679;88707;52282;34737;315090;35273;33330;44317;27064;21626;161610;37412;33349;44390;25218;13111;153480;2010;7
08;Ardennes;70956;66958;80373;39876;25087;283250;33989;33266;40184;20853;16003;144295;36967;33692;40189;19023;9084;138955;2010;8
09;Ariège;32874;31659;43373;25480;18652;152038;15903;15823;21682;13218;11269;77895;16971;15836;21691;12262;7383;74143;2010;9
10;Aube;74329;72391;82645;45039;28923;303327;36540;35687;41820;23538;18348;155933;37789;36704;40825;21501;10575;147394;2010;10
11;Aude;80382;76196;97305;60928;41656;356467;39282;38529;49733;31867;25250;184661;41100;37667;47572;29061;16406;171806;2010;11
12;Aveyron;57774;56288;76885;48369;37489;276805;27848;27655;38097;24992;22685;141277;29926;28633;38788;23377;14804;135528;2010;12
13;Bouches-du-Rhône;478766;503257;529405;282374;178216;1972018;234810;256993;276923;150352;111913;1030991;243956;246264;252482;132022;66303;941027;2010;13
14;Calvados;169885;170840;184362;96108;61910;683105;83274;85854;93888;51482;39935;354433;86611;84986;90474;44626;21975;328672;2010;14
15;Cantal;28632;30260;43537;25867;19866;148162;14041;14875;21342;13428;12419;76105;14591;15385;22195;12439;7447;72057;2010;15
16;Charente;76841;75613;100827;57279;41017;351577;37312;37491;51306;29865;25401;181375;39529;38122;49521;27414;15616;170202;2010;16
17;Charente-Maritime;134587;132614;170053;111149;73920;622323;65138;66039;87686;58433;45324;322620;69449;66575;82367;52716;28596;299703;2010;17
18;Cher;68996;66377;87756;53045;35083;311257;33677;32648;44398;27565;21887;160175;35319;33729;43358;25480;13196;151082;2010;18
19;Corrèze;48920;50974;67901;42436;33320;243551;23468;24571;34284;22380;20774;125477;25452;26403;33617;20056;12546;118074;2010;19
21;Côte-d'Or;124339;136186;142081;73539;48213;524358;60884;68427;72168;38790;30428;270697;63455;67759;69913;34749;17785;253661;2010;21
22;Côtes-d'Armor;137885;124102;160262;100641;68751;591641;66748;61224;80453;53402;43996;305823;71137;62878;79809;47239;24755;285818;2010;22
23;Creuse;23189;22839;35263;22790;18948;123029;11336;11034;17436;11695;11734;63235;11853;11805;17827;11095;7214;59794;2010;23
24;Dordogne;84243;80703;117764;76881;54558;414149;40998;40561;60027;39899;33425;214910;43245;40142;57737;36982;21133;199239;2010;24
25;Doubs;133375;139827;138484;72758;43326;527770;64939;69075;70160;37876;26868;268918;68436;70752;68324;34882;16458;258852;2010;25
26;Drôme;120813;110856;133815;74214;45017;484715;58338;55953;68147;38815;27617;248870;62475;54903;65668;35399;17400;235845;2010;26
27;Eure;155308;143717;164212;78780;44526;586543;76062;72194;82734;40900;28162;300052;79246;71523;81478;37880;16364;286491;2010;27
28;Eure-et-Loir;110225;103810;118400;59010;37488;428933;53568;52059;59614;30460;22988;218689;56657;51751;58786;28550;14500;210244;2010;28
29;Finistère;212627;207870;247153;137439;92539;897628;103172;101026;123490;74193;61000;462881;109455;106844;123663;63246;31539;434747;2010;29
30;Gard;172491;160182;198317;110997;67713;709700;84178;81476;102115;58379;41538;367686;88313;78706;96202;52618;26175;342014;2010;30
31;Haute-Garonne;300828;366583;328845;152046;95339;1243641;146654;181593;167148;80970;59523;635888;154174;184990;161697;71076;35816;607753;2010;31
32;Gers;39142;36017;54676;33491;24833;188159;18891;18099;27530;17221;14568;96309;20251;17918;27146;16270;10265;91850;2010;32
33;Gironde;343990;385881;393121;197712;128541;1449245;168915;195744;203623;105049;81458;754789;175075;190137;189498;92663;47083;694456;2010;33
34;Hérault;244385;269093;273088;158459;99533;1044558;120156;137596;143146;83775;61135;545808;124229;131497;129942;74684;38398;498750;2010;34
35;Ille-et-Vilaine;256762;270231;256693;123441;81013;988140;126399;133730;129076;65900;50888;505993;130363;136501;127617;57541;30125;482147;2010;35
36;Indre;48644;46819;65298;40569;29846;231176;23697;23118;32739;21252;18429;119235;24947;23701;32559;19317;11417;111941;2010;36
37;Indre-et-Loire;142373;146359;159104;84908;57771;590515;69963;74116;81223;45070;35647;306019;72410;72243;77881;39838;22124;284496;2010;37
38;Isère;315659;317492;322916;157991;92316;1206374;153125;157240;163034;82068;57124;612591;162534;160252;159882;75923;35192;593783;2010;38
39;Jura;63528;57894;72562;40423;27127;261534;30751;28933;36255;20894;16823;133656;32777;28961;36307;19529;10304;127878;2010;39
40;Landes;85030;83015;108821;65091;42363;384320;41311;41103;54903;34050;26061;197428;43719;41912;53918;31041;16302;186892;2010;40
41;Loir-et-Cher;77264;70742;90935;52638;38500;330079;37550;35365;45850;27438;23424;169627;39714;35377;45085;25200;15076;160452;2010;41
42;Loire;183025;177526;196937;114020;77439;748947;89249;88532;100276;60223;49566;387846;93776;88994;96661;53797;27873;361101;2010;42
43;Haute-Loire;52757;47900;62769;35948;24632;224006;25735;23533;30750;18472;15642;114132;27022;24367;32019;17476;8990;109874;2010;43
44;Loire-Atlantique;331841;335966;341527;168126;104592;1282052;161918;166776;173952;90318;67460;660424;169923;169190;167575;77808;37132;621628;2010;44
45;Loiret;165757;164461;175736;91650;58501;656105;80861;82022;89310;47502;35952;335647;84896;82439;86426;44148;22549;320458;2010;45
46;Lot;35402;32866;49803;32978;23529;174578;17312;16303;25285;16869;14227;89996;18090;16563;24518;16109;9302;84582;2010;46
47;Lot-et-Garonne;72384;69274;91458;57188;40819;331123;34874;34798;46952;29836;24744;171204;37510;34476;44506;27352;16075;159919;2010;47
48;Lozère;16570;16557;22073;12953;8929;77082;7853;8132;10538;6474;5388;38385;8717;8425;11535;6479;3541;38697;2010;48
49;Maine-et-Loire;205810;199493;205367;103293;70847;784810;101156;99668;103661;55008;43974;403467;104654;99825;101706;48285;26873;381343;2010;49
50;Manche;116989;107820;138858;79021;56059;498747;57161;52856;68617;41598;35265;255497;59828;54964;70241;37423;20794;243250;2010;50
51;Marne;139823;150892;152970;75474;46148;565307;67975;74973;78286;39783;29804;290821;71848;75919;74684;35691;16344;274486;2010;51
52;Haute-Marne;41930;40675;52271;29439;19724;184039;20300;19547;26198;15198;12519;93762;21630;21128;26073;14241;7205;90277;2010;52
53;Mayenne;79500;70593;81721;42757;31766;306337;38522;34540;40451;22459;19399;155371;40978;36053;41270;20298;12367;150966;2010;53
54;Meurthe-et-Moselle;177426;198624;195329;97941;62887;732207;86645;98732;100195;52160;40232;377964;90781;99892;95134;45781;22655;354243;2010;54
55;Meuse;46281;46197;54687;27884;18874;193923;22392;22100;26974;14384;12010;97860;23889;24097;27713;13500;6864;96063;2010;55
56;Morbihan;170368;160457;199648;117279;73905;721657;82570;78341;100490;62375;47345;371121;87798;82116;99158;54904;26560;350536;2010;56
57;Moselle;244432;271073;303513;142689;83359;1045066;118854;132981;153264;75385;52687;533171;125578;138092;150249;67304;30672;511895;2010;57
58;Nièvre;44842;43725;61754;40288;28975;219584;21966;21579;31376;21012;18573;114506;22876;22146;30378;19276;10402;105078;2010;58
59;Nord;701224;711010;668621;309066;186849;2576770;341744;356962;342474;168225;124173;1333578;359480;354048;326147;140841;62676;1243192;2010;59
60;Oise;217644;209369;224844;98500;53238;803595;106295;104223;113368;50496;33604;407986;111349;105146;111476;48004;19634;395609;2010;60
61;Orne;69076;61891;80455;46906;33314;291642;33448;30750;40205;24658;20626;149687;35628;31141;40250;22248;12688;141955;2010;61
62;Pas-de-Calais;388227;370785;397395;188159;116821;1461387;188938;185820;200824;102626;77717;755925;199289;184965;196571;85533;39104;705462;2010;62
63;Puy-de-Dôme;142237;158843;175413;95759;60059;632311;70134;78410;88951;50237;38756;326488;72103;80433;86462;45522;21303;305823;2010;63
64;Pyrénées-Atlantiques;143249;149799;184168;103170;73129;653515;69618;74348;94128;55081;46188;339363;73631;75451;90040;48089;26941;314152;2010;64
65;Hautes-Pyrénées;47745;47603;65309;39631;29170;229458;22936;23246;33521;21010;18331;119044;24809;24357;31788;18621;10839;110414;2010;65
66;Pyrénées-Orientales;100594;97860;118850;77970;53269;448543;48628;50373;62064;41648;32658;235371;51966;47487;56786;36322;20611;213172;2010;66
67;Bas-Rhin;265297;295829;310329;141907;82543;1095905;130179;149655;155576;73486;52976;561872;135118;146174;154753;68421;29567;534033;2010;67
68;Haut-Rhin;182397;187513;217066;101485;61321;749782;89140;93807;108589;51895;39196;382627;93257;93706;108477;49590;22125;367155;2010;68
69;Rhône;446037;499605;428362;215462;135711;1725177;220429;253952;221397;113862;86164;895804;225608;245653;206965;101600;49547;829373;2010;69
70;Haute-Saône;58109;54298;67614;36932;22595;239548;28159;26624;33632;18825;14165;121405;29950;27674;33982;18107;8430;118143;2010;70
71;Saône-et-Loire;124238;118492;155643;92470;64820;555663;59879;58127;78470;48291;40498;285265;64359;60365;77173;44179;24322;270398;2010;71
72;Sarthe;141080;133128;152576;80560;56174;563518;69050;66082;76588;42393;34771;288884;72030;67046;75988;38167;21403;274634;2010;72
73;Savoie;101341;102611;116505;58785;35717;414959;49008;50333;58348;31004;22149;210842;52333;52278;58157;27781;13568;204117;2010;73
74;Haute-Savoie;187897;194703;208787;95706;50995;738088;91131;96245;105580;49966;31846;374768;96766;98458;103207;45740;19149;363320;2010;74
75;Paris;448052;786058;563890;278488;167345;2243833;223329;406531;293397;153244;109295;1185796;224723;379527;270493;125244;58050;1058037;2010;75
76;Seine-Maritime;316447;320121;337467;168824;107552;1250411;154826;161251;173204;91023;69443;649747;161621;158870;164263;77801;38109;600664;2010;76
77;Seine-et-Marne;374188;363953;366877;145942;73905;1324865;183437;185430;186261;74861;46899;676888;190751;178523;180616;71081;27006;647977;2010;77
78;Yvelines;384334;370137;388294;173531;92469;1408765;187913;186379;199745;89813;57980;721830;196421;183758;188549;83718;34489;686935;2010;78
79;Deux-Sèvres;86096;83096;102890;56032;41156;369270;41731;41073;51536;28895;24906;188141;44365;42023;51354;27137;16250;181129;2010;79
80;Somme;143641;147586;152926;78137;48451;570741;70267;73890;77281;41405;30774;293617;73374;73696;75645;36732;17677;277124;2010;80
81;Tarn;84109;79666;103978;61232;46394;375379;40902;39783;53103;32186;28111;194085;43207;39883;50875;29046;18283;181294;2010;81
82;Tarn-et-Garonne;58081;54702;66786;36211;25918;241698;28309;27448;33540;18813;15566;123676;29772;27254;33246;17398;10352;118022;2010;82
83;Var;221181;219514;271573;181022;114893;1008183;107567;109224;141387;95655;70217;524050;113614;110290;130186;85367;44676;484133;2010;83
84;Vaucluse;133191;125817;149548;84090;50459;543105;65060;63790;77375;44502;31505;282232;68131;62027;72173;39588;18954;260873;2010;84
85;Vendée;151968;144213;170676;102763;65158;634778;73771;70939;85376;53516;39883;323485;78197;73274;85300;49247;25275;311293;2010;85
86;Vienne;100341;108251;114094;61229;43278;427193;49611;55055;58063;31876;26670;221275;50730;53196;56031;29353;16608;205918;2010;86
87;Haute-Vienne;80690;88388;102211;60397;44505;376191;39691;44955;52032;31756;27609;196043;40999;43433;50179;28641;16896;180148;2010;87
88;Vosges;90205;85321;107712;58693;37793;379724;43999;42002;54141;30576;24533;195251;46206;43319;53571;28117;13260;184473;2010;88
89;Yonne;80409;75321;95261;54534;36985;342510;39131;37943;47883;28052;23216;176225;41278;37378;47378;26482;13769;166285;2010;89
90;Territoire de Belfort;35699;37785;38635;18955;11837;142911;17026;17641;19417;9804;7663;71551;18673;20144;19218;9151;4174;71360;2010;90
91;Essonne;333593;332407;329889;144200;75251;1215340;163591;166340;167653;75199;46834;619617;170002;166067;162236;69001;28417;595723;2010;91
92;Hauts-de-Seine;398200;477745;407383;174608;114554;1572490;195729;244860;214395;93811;74287;823082;202471;232885;192988;80797;40267;749408;2010;92
93;Seine-Saint-Denis;440761;455594;394477;150305;80911;1522048;215841;233288;199889;75652;51622;776292;224920;222306;194588;74653;29289;745756;2010;93
94;Val-de-Marne;342759;389117;354531;150001;91324;1327732;166800;199949;183531;80450;58896;689626;175959;189168;171000;69551;32428;638106;2010;94
95;Val-d'Oise;334258;327414;319910;124587;64992;1171161;163647;167230;164907;64406;41679;601869;170611;160184;155003;60181;23313;569292;2010;95
2A;Corse-du-Sud;29877;33762;41577;23846;14538;143600;14336;17267;21048;12417;8871;73939;15541;16495;20529;11429;5667;69661;2010;201
2B;Haute-Corse;34993;40716;46717;27398;16269;166093;16806;19854;23442;14041;9978;84121;18187;20862;23275;13357;6291;81972;2010;202
971;Guadeloupe ;118775;92399;116204;50744;25233;403355;57945;51431;63186;27685;15196;215443;60830;40968;53018;23059;10037;187912;2010;971
972;Martinique ;105693;89749;117963;53064;27704;394173;52170;49804;64519;28697;16873;212063;53523;39945;53444;24367;10831;182110;2010;972
973;Guyane;101277;66329;46582;11235;3617;229040;49675;34993;23127;5557;2081;115433;51602;31336;23455;5678;1536;113607;2010;973
974;La Réunion;278198;225439;218953;71741;26805;821136;135876;119207;112904;38009;17187;423183;142322;106232;106049;33732;9618;397953;2010;974
01;Ain;156875;147234;166380;74738;43626;588853;76783;73058;82857;38239;27053;297990;80092;74176;83523;36499;16573;290863;2009;1
02;Aisne;140108;130650;151050;71463;46599;539870;68310;65130;75806;37809;29900;276955;71798;65520;75244;33654;16699;262915;2009;2
03;Allier;71746;71728;97005;58555;44012;343046;34902;35653;49212;31053;27887;178707;36844;36075;47793;27502;16125;164339;2009;3
04;Alpes-de-Haute-Provence;36485;32462;45785;27538;17180;159450;17489;16538;23337;14337;10472;82173;18996;15924;22448;13201;6708;77277;2009;4
05;Hautes-Alpes;31261;29425;39568;21688;13894;135836;15200;14627;19901;11172;8531;69431;16061;14798;19667;10516;5363;66405;2009;5
06;Alpes-Maritimes;235569;252371;289638;174679;126843;1079100;114756;128688;151747;94761;79637;569589;120813;123683;137891;79918;47206;509511;2009;6
07;Ardèche;72885;67104;88571;50756;34262;313578;35420;33457;44376;26279;21323;160855;37465;33647;44195;24477;12939;152723;2009;7
08;Ardennes;71495;67896;80587;38772;24546;283296;34245;33807;40243;20363;15750;144408;37250;34089;40344;18409;8796;138888;2009;8
09;Ariège;32414;31759;43334;24858;18752;151117;15614;15947;21574;12932;11322;77389;16800;15812;21760;11926;7430;73728;2009;9
10;Aube;74797;73165;83540;43478;28318;303298;36552;36409;42234;22696;18118;156009;38245;36756;41306;20782;10200;147289;2009;10
11;Aude;79366;76394;96931;59586;41703;353980;38923;38234;49513;31281;25314;183265;40443;38160;47418;28305;16389;170715;2009;11
12;Aveyron;58336;57378;77124;47249;36961;277048;28108;28215;38124;24478;22411;141336;30228;29163;39000;22771;14550;135712;2009;12
13;Bouches-du-Rhône;480429;504586;530843;276670;174771;1967299;235310;258004;277514;147414;110056;1028298;245119;246582;253329;129256;64715;939001;2009;13
14;Calvados;172025;170600;185233;92725;60325;680908;84271;85699;94421;49981;39044;353416;87754;84901;90812;42744;21281;327492;2009;14
15;Cantal;28846;31016;43546;25352;19620;148380;14121;15238;21347;13285;12226;76217;14725;15778;22199;12067;7394;72163;2009;15
16;Charente;76927;76745;101299;56106;40486;351563;37394;38127;51466;29253;25161;181401;39533;38618;49833;26853;15325;170162;2009;16
17;Charente-Maritime;134424;132458;169672;107702;72351;616607;64900;66197;87433;56828;44354;319712;69524;66261;82239;50874;27997;296895;2009;17
18;Cher;68962;67542;88028;52149;34341;311022;33630;33323;44556;27196;21429;160134;35332;34219;43472;24953;12912;150888;2009;18
19;Corrèze;49138;51583;68485;41537;32609;243352;23557;24888;34337;21933;20480;125195;25581;26695;34148;19604;12129;118157;2009;19
21;Côte-d'Or;125757;136756;143132;71100;47399;524144;61869;68651;72954;37461;30042;270977;63888;68105;70178;33639;17357;253167;2009;21
22;Côtes-d'Armor;137007;125413;160615;97709;66775;587519;66397;61904;80523;52075;42928;303827;70610;63509;80092;45634;23847;283692;2009;22
23;Creuse;23488;23132;35588;22597;18779;123584;11421;11205;17565;11658;11596;63445;12067;11927;18023;10939;7183;60139;2009;23
24;Dordogne;83624;81647;117901;74774;54136;412082;40791;41086;60038;38935;33176;214026;42833;40561;57863;35839;20960;198056;2009;24
25;Doubs;131997;141542;138935;70976;41826;525276;63902;69835;70377;37132;26005;267251;68095;71707;68558;33844;15821;258025;2009;25
26;Drôme;120782;111532;134063;72129;44478;482984;58449;56155;68243;37748;27365;247960;62333;55377;65820;34381;17113;235024;2009;26
27;Eure;155285;143761;163794;76127;43855;582822;76046;72384;82517;39631;27803;298381;79239;71377;81277;36496;16052;284441;2009;27
28;Eure-et-Loir;109085;104263;118359;56556;37239;425502;52949;52085;59532;29462;22859;216887;56136;52178;58827;27094;14380;208615;2009;28
29;Finistère;211972;210670;246670;133676;90926;893914;102830;102313;123307;72355;60053;460858;109142;108357;123363;61321;30873;433056;2009;29
30;Gard;170803;159764;197503;107312;66501;701883;83459;81232;101537;56462;40719;363409;87344;78532;95966;50850;25782;338474;2009;30
31;Haute-Garonne;298417;365230;327472;147057;92644;1230820;145608;180647;166476;78202;58333;629266;152809;184583;160996;68855;34311;601554;2009;31
32;Gers;39012;36265;54595;32556;24753;187181;18948;18191;27505;16736;14480;95860;20064;18074;27090;15820;10273;91321;2009;32
33;Gironde;340935;384307;392150;190617;126652;1434661;167104;194759;202768;101522;80883;747036;173831;189548;189382;89095;45769;687625;2009;33
34;Hérault;243609;266074;271332;153611;97348;1031974;119625;135955;142163;81437;59848;539028;123984;130119;129169;72174;37500;492946;2009;34
35;Ille-et-Vilaine;254509;270340;254846;119448;78306;977449;124827;134124;128399;63881;49399;500630;129682;136216;126447;55567;28907;476819;2009;35
36;Indre;48812;48506;65486;39939;29525;232268;23885;23931;32676;20961;18266;119719;24927;24575;32810;18978;11259;112549;2009;36
37;Indre-et-Loire;141487;148273;159329;82843;56488;588420;69486;75196;81320;43949;35093;305044;72001;73077;78009;38894;21395;283376;2009;37
38;Isère;314387;318656;320978;153379;89638;1197038;152526;157821;162369;79635;55834;608185;161861;160835;158609;73744;33804;588853;2009;38
39;Jura;63560;59024;72317;39373;27003;261277;30772;29359;36234;20441;16836;133642;32788;29665;36083;18932;10167;127635;2009;39
40;Landes;83857;82614;108358;63211;41301;379341;40821;40809;54739;33186;25381;194936;43036;41805;53619;30025;15920;184405;2009;40
41;Loir-et-Cher;76579;71445;91129;51301;37414;327868;37284;35564;45998;26856;22830;168532;39295;35881;45131;24445;14584;159336;2009;41
42;Loire;182287;178610;197980;111228;76010;746115;88852;88734;100990;58837;48976;386389;93435;89876;96990;52391;27034;359726;2009;42
43;Haute-Loire;52586;48843;62613;35113;23967;223122;25580;24024;30596;18181;15245;113626;27006;24819;32017;16932;8722;109496;2009;43
44;Loire-Atlantique;327703;336242;339997;161266;101150;1266358;160080;166845;173106;86805;65431;652267;167623;169397;166891;74461;35719;614091;2009;44
45;Loiret;164957;166733;175800;88486;57534;653510;80286;83225;89128;46219;35610;334468;84671;83508;86672;42267;21924;319042;2009;45
46;Lot;35602;32902;49955;32329;22774;173562;17298;16463;25277;16606;13811;89455;18304;16439;24678;15723;8963;84107;2009;46
47;Lot-et-Garonne;72116;69772;91938;55806;40065;329697;34649;35185;47120;29199;24514;170667;37467;34587;44818;26607;15551;159030;2009;47
48;Lozère;16365;17307;22094;12670;8727;77163;7748;8435;10570;6380;5269;38402;8617;8872;11524;6290;3458;38761;2009;48
49;Maine-et-Loire;206301;199135;205010;100530;69106;780082;101232;99505;103652;53546;43104;401039;105069;99630;101358;46984;26002;379043;2009;49
50;Manche;117572;109367;138857;77151;54815;497762;57273;53799;68610;40894;34479;255055;60299;55568;70247;36257;20336;242707;2009;50
51;Marne;140491;152322;154460;73129;45743;566145;68369;75607;79151;38738;29637;291502;72122;76715;75309;34391;16106;274643;2009;51
52;Haute-Marne;42556;41686;52793;28902;19277;185214;20688;20205;26493;15019;12230;94635;21868;21481;26300;13883;7047;90579;2009;52
53;Mayenne;78367;72248;81379;41740;31413;305147;37999;35152;40326;22035;19293;154805;40368;37096;41053;19705;12120;150342;2009;53
54;Meurthe-et-Moselle;178483;199325;196077;95432;61702;731019;87431;99113;100501;50824;39716;377585;91052;100212;95576;44608;21986;353434;2009;54
55;Meuse;46784;46758;54963;27029;18469;194003;22578;22419;27134;13986;11801;97918;24206;24339;27829;13043;6668;96085;2009;55
56;Morbihan;170164;161608;199347;113663;71400;716182;82444;78961;100222;60773;45991;368391;87720;82647;99125;52890;25409;347791;2009;56
57;Moselle;246122;272761;305123;139232;81660;1044898;119606;133869;153912;73541;51749;532677;126516;138892;151211;65691;29911;512221;2009;57
58;Nièvre;45445;43505;62762;39746;28741;220199;22175;21496;31913;20786;18388;114758;23270;22009;30849;18960;10353;105441;2009;58
59;Nord;701016;715501;671480;300062;183881;2571940;341664;359260;344329;164052;122445;1331750;359352;356241;327151;136010;61436;1240190;2009;59
60;Oise;217671;210356;226182;95483;51820;801512;106176;104817;113931;48911;32745;406580;111495;105539;112251;46572;19075;394932;2009;60
61;Orne;69107;63435;81154;45786;32728;292210;33600;31409;40580;24006;20396;149991;35507;32026;40574;21780;12332;142219;2009;61
62;Pas-de-Calais;389889;374134;399473;182642;115119;1461257;189898;187355;201739;100363;76609;755964;199991;186779;197734;82279;38510;705293;2009;62
63;Puy-de-Dôme;140900;159662;176801;93278;58775;629416;69376;79105;89498;49276;38053;325308;71524;80557;87303;44002;20722;304108;2009;63
64;Pyrénées-Atlantiques;143809;149521;183725;101643;71658;650356;69739;74210;94136;54465;45171;337721;74070;75311;89589;47178;26487;312635;2009;64
65;Hautes-Pyrénées;48171;47768;66197;38992;28542;229670;23284;23367;33942;20796;18028;119417;24887;24401;32255;18196;10514;110253;2009;65
66;Pyrénées-Orientales;100682;98838;118785;75675;51910;445890;48829;50891;62124;40445;32098;234387;51853;47947;56661;35230;19812;211503;2009;66
67;Bas-Rhin;266037;299239;310288;137930;80945;1094439;130425;151496;155619;71643;52293;561476;135612;147743;154669;66287;28652;532963;2009;67
68;Haut-Rhin;183821;189782;216977;98522;59512;748614;89594;94795;108411;50772;38201;381773;94227;94987;108566;47750;21311;366841;2009;68
69;Rhône;440207;498109;426247;210625;133483;1708671;217438;253196;220370;111589;84788;887381;222769;244913;205877;99036;48695;821290;2009;69
70;Haute-Saône;58313;55168;67861;35772;22080;239194;28160;27130;33671;18318;13900;121179;30153;28038;34190;17454;8180;118015;2009;70
71;Saône-et-Loire;124420;119004;156837;90386;64073;554720;59885;58548;79080;47406;40146;285065;64535;60456;77757;42980;23927;269655;2009;71
72;Sarthe;140830;134182;152436;78636;54966;561050;68823;66337;76590;41409;34076;287235;72007;67845;75846;37227;20890;273815;2009;72
73;Savoie;100663;102995;115615;56733;35001;411007;48661;50517;57908;29864;22015;208965;52002;52478;57707;26869;12986;202042;2009;73
74;Haute-Savoie;185761;192769;205947;91784;49533;725794;89777;95233;104247;47866;31182;368305;95984;97536;101700;43918;18351;357489;2009;74
75;Paris;444286;785061;566908;271489;166361;2234105;221911;405010;295774;149886;109352;1181933;222375;380051;271134;121603;57009;1052172;2009;75
76;Seine-Maritime;318228;322904;339222;164225;105541;1250120;156169;162825;173755;88751;68294;649794;162059;160079;165467;75474;37247;600326;2009;76
77;Seine-et-Marne;371860;363000;366182;140386;71986;1313414;181990;184783;185742;72227;45932;670674;189870;178217;180440;68159;26054;642740;2009;77
78;Yvelines;386231;372462;389611;168898;90358;1407560;188817;187355;200562;87226;56650;720610;197414;185107;189049;81672;33708;686950;2009;78
79;Deux-Sèvres;85208;83849;102715;54605;39962;366339;41296;41423;51567;28324;24124;186734;43912;42426;51148;26281;15838;179605;2009;79
80;Somme;143460;149287;153806;75534;47688;569775;70148;74848;77824;40105;30162;293087;73312;74439;75982;35429;17526;276688;2009;80
81;Tarn;84154;80036;104240;59756;45832;374018;41110;39995;53157;31519;27855;193636;43044;40041;51083;28237;17977;180382;2009;81
82;Tarn-et-Garonne;57455;54838;66469;35331;25198;239291;27990;27414;33327;18461;15256;122448;29465;27424;33142;16870;9942;116843;2009;82
83;Var;223610;220479;273094;177215;112905;1007303;108531;110087;142063;93792;69258;523731;115079;110392;131031;83423;43647;483572;2009;83
84;Vaucluse;133205;126465;149024;81570;49801;540065;64859;64181;77182;42986;31068;280276;68346;62284;71842;38584;18733;259789;2009;84
85;Vendée;149889;144641;169446;99273;63162;626411;72843;71017;84715;51715;38773;319063;77046;73624;84731;47558;24389;307348;2009;85
86;Vienne;99707;109691;114026;59944;42698;426066;49319;56069;57802;31258;26275;220723;50388;53622;56224;28686;16423;205343;2009;86
87;Haute-Vienne;79288;90184;103055;58539;43783;374849;39115;45535;52405;30951;27277;195283;40173;44649;50650;27588;16506;179566;2009;87
88;Vosges;90645;87076;108732;56704;37035;380192;44100;42755;54649;29745;24168;195417;46545;44321;54083;26959;12867;184775;2009;88
89;Yonne;81118;76463;95918;52902;36976;343377;39434;38384;48293;27218;23270;176599;41684;38079;47625;25684;13706;166778;2009;89
90;Territoire de Belfort;35608;37734;38727;18625;11767;142461;16952;17678;19476;9621;7613;71340;18656;20056;19251;9004;4154;71121;2009;90
91;Essonne;332875;331892;330275;139566;73396;1208004;162826;165686;168071;72908;46035;615526;170049;166206;162204;66658;27361;592478;2009;91
92;Hauts-de-Seine;392670;480385;405194;170313;113183;1561745;192850;245647;213445;91591;73654;817187;199820;234738;191749;78722;39529;744558;2009;92
93;Seine-Saint-Denis;438747;453825;397180;147939;78292;1515983;215627;232048;201639;74418;50239;773971;223120;221777;195541;73521;28053;742012;2009;93
94;Val-de-Marne;340211;389181;353514;146703;88928;1318537;166519;200057;183384;78429;57753;686142;173692;189124;170130;68274;31175;632395;2009;94
95;Val-d'Oise;335383;327597;321264;121064;63584;1168892;164118;167392;165430;62678;40808;600426;171265;160205;155834;58386;22776;568466;2009;95
2A;Corse-du-Sud;29265;33050;41248;23396;14371;141330;13980;16865;20944;12157;8644;72590;15285;16185;20304;11239;5727;68740;2009;201
2B;Haute-Corse;33487;41455;46440;26957;16005;164344;16137;20405;23305;13803;9920;83570;17350;21050;23135;13154;6085;80774;2009;202
971;Guadeloupe ;120312;93918;114404;48820;24100;401554;58421;52003;61951;26680;14632;213687;61891;41915;52453;22140;9468;187867;2009;971
972;Martinique ;108891;92318;116740;51695;26760;396404;53918;50847;63649;27947;16388;212749;54973;41471;53091;23748;10372;183655;2009;972
973;Guyane;99680;65773;45078;10478;3460;224469;49029;34727;22324;5145;2043;113268;50651;31046;22754;5333;1417;111201;2009;973
974;La Réunion;279585;227738;213165;69968;25908;816364;137005;120139;109600;37452;16480;420676;142580;107599;103565;32516;9428;395688;2009;974
01;Ain;154826;147366;164828;71681;42654;581355;75649;73014;82113;36710;26635;294121;79177;74352;82715;34971;16019;287234;2008;1
02;Aisne;140544;131229;151630;69382;46005;538790;68607;65608;75923;37042;29590;276770;71937;65621;75707;32340;16415;262020;2008;2
03;Allier;71480;73290;97231;57314;43492;342807;34668;36382;49218;30680;27569;178517;36812;36908;48013;26634;15923;164290;2008;3
04;Alpes-de-Haute-Provence;36266;32664;45454;26838;16743;157965;17426;16586;23208;13996;10201;81417;18840;16078;22246;12842;6542;76548;2008;4
05;Hautes-Alpes;31318;29360;39384;20677;13466;134205;15363;14654;19775;10715;8244;68751;15955;14706;19609;9962;5222;65454;2008;5
06;Alpes-Maritimes;238363;254862;292633;172567;126003;1084428;115559;130298;153013;93848;79675;572393;122804;124564;139620;78719;46328;512035;2008;6
07;Ardèche;72753;67836;88287;49187;33389;311452;35360;33893;44159;25478;20959;159849;37393;33943;44128;23709;12430;151603;2008;7
08;Ardennes;72286;68842;80977;37600;24492;284197;34766;34251;40363;19896;15690;144966;37520;34591;40614;17704;8802;139231;2008;8
09;Ariège;32346;32120;43332;24008;18395;150201;15725;15924;21601;12511;11139;76900;16621;16196;21731;11497;7256;73301;2008;9
10;Aube;74148;73981;83549;41805;27844;301327;36160;36732;42162;21915;17782;154751;37988;37249;41387;19890;10062;146576;2008;10
11;Aude;78326;76147;96438;57768;40558;349237;38293;38194;49176;30243;24711;180617;40033;37953;47262;27525;15847;168620;2008;11
12;Aveyron;58025;57907;77227;46347;36383;275889;28051;28464;38033;24166;22140;140854;29974;29443;39194;22181;14243;135035;2008;12
13;Bouches-du-Rhône;483099;509802;531957;270755;170392;1966005;235824;261647;278318;144811;107825;1028425;247275;248155;253639;125944;62567;937580;2008;13
14;Calvados;172818;172121;185551;89406;58310;678206;84785;86421;94806;48389;37777;352178;88033;85700;90745;41017;20533;326028;2008;14
15;Cantal;29055;31520;43867;25025;19270;148737;14122;15511;21523;13151;12010;76317;14933;16009;22344;11874;7260;72420;2008;15
16;Charente;76795;77997;102027;54925;39837;351581;37410;38737;51705;28836;24764;181452;39385;39260;50322;26089;15073;170129;2008;16
17;Charente-Maritime;133289;133797;169948;103604;71076;611714;64569;66630;87756;54746;43580;317281;68720;67167;82192;48858;27496;294433;2008;17
18;Cher;69336;69741;89562;50514;34098;313251;33900;34300;45274;26272;21281;161027;35436;35441;44288;24242;12817;152224;2008;18
19;Corrèze;49356;52043;68978;40298;32221;242896;23601;25209;34529;21392;20392;125123;25755;26834;34449;18906;11829;117773;2008;19
21;Côte-d'Or;125135;138039;143695;68552;46187;521608;61644;69865;73038;36174;29170;269891;63491;68174;70657;32378;17017;251717;2008;21
22;Côtes-d'Armor;135907;124751;160830;94996;65086;581570;65901;61409;80512;50983;41821;300626;70006;63342;80318;44013;23265;280944;2008;22
23;Creuse;23712;23610;35878;22162;18545;123907;11502;11545;17613;11511;11460;63631;12210;12065;18265;10651;7085;60276;2008;23
24;Dordogne;84076;81550;118200;72519;53043;409388;41102;41023;60123;37894;32565;212707;42974;40527;58077;34625;20478;196681;2008;24
25;Doubs;132405;141106;139801;68636;40737;522685;64214;69561;70790;36107;25413;266085;68191;71545;69011;32529;15324;256600;2008;25
26;Drôme;119620;111908;133109;70062;43370;478069;58052;56158;67831;36761;26986;245788;61568;55750;65278;33301;16384;232281;2008;26
27;Eure;154353;143543;163513;73027;42651;577087;75413;71987;82218;38216;27086;294920;78940;71556;81295;34811;15565;282167;2008;27
28;Eure-et-Loir;108430;105077;118848;54453;36751;423559;52878;52317;59647;28452;22591;215885;55552;52760;59201;26001;14160;207674;2008;28
29;Finistère;210898;212874;247660;129717;89360;890509;102537;103437;123874;70573;59005;459426;108361;109437;123786;59144;30355;431083;2008;29
30;Gard;169156;160477;196045;103920;64725;694323;82564;81558;100662;54678;39867;359329;86592;78919;95383;49242;24858;334994;2008;30
31;Haute-Garonne;297302;362769;325773;141516;89984;1217344;145071;179527;166098;75469;56652;622817;152231;183242;159675;66047;33332;594527;2008;31
32;Gers;38428;36535;54273;31672;24358;185266;18861;18271;27300;16359;14367;95158;19567;18264;26973;15313;9991;90108;2008;32
33;Gironde;337949;383529;392394;183629;123775;1421276;165680;194019;203178;97859;79582;740318;172269;189510;189216;85770;44193;680958;2008;33
34;Hérault;241693;265875;268869;148687;94674;1019798;118580;136618;141138;78832;58464;533632;123113;129257;127731;69855;36210;486166;2008;34
35;Ille-et-Vilaine;252969;269622;253673;115077;76247;967588;123959;133396;127938;61742;48164;495199;129010;136226;125735;53335;28083;472389;2008;35
36;Indre;48645;49273;65478;39254;29354;232004;23797;24301;32616;20740;18185;119639;24848;24972;32862;18514;11169;112365;2008;36
37;Indre-et-Loire;142015;148869;159210;80073;55239;585406;69558;75701;81248;42516;34528;303551;72457;73168;77962;37557;20711;281855;2008;37
38;Isère;313239;319149;319546;149464;87262;1188660;151879;158006;161737;77879;54501;604002;161360;161143;157809;71585;32761;584658;2008;38
39;Jura;63845;59626;72523;38276;26470;260740;30936;29654;36334;20039;16566;133529;32909;29972;36189;18237;9904;127211;2008;39
40;Landes;83039;82183;107536;60426;39958;373142;40211;40715;54418;31758;24839;191941;42828;41468;53118;28668;15119;181201;2008;40
41;Loir-et-Cher;76018;72093;91293;50268;36927;326599;37077;35902;45921;26477;22519;167896;38941;36191;45372;23791;14408;158703;2008;41
42;Loire;181019;179646;199089;108476;73846;742076;88540;89380;101676;57564;47571;384731;92479;90266;97413;50912;26275;357345;2008;42
43;Haute-Loire;52453;49194;62639;34219;23329;221834;25494;24163;30489;17877;14857;112880;26959;25031;32150;16342;8472;108954;2008;43
44;Loire-Atlantique;327016;335206;339721;154865;99063;1255871;159849;166150;172948;83627;64323;646897;167167;169056;166773;71238;34740;608974;2008;44
45;Loiret;164364;167688;177159;85544;56014;650769;80464;83498;89750;44601;34637;332950;83900;84190;87409;40943;21377;317819;2008;45
46;Lot;34912;33715;50021;31236;22912;172796;16879;16816;25210;16197;13787;88889;18033;16899;24811;15039;9125;83907;2008;46
47;Lot-et-Garonne;71662;70007;91530;53857;39343;326399;34409;35264;46872;28195;24147;168887;37253;34743;44658;25662;15196;157512;2008;47
48;Lozère;16308;17428;22181;12243;8813;76973;7707;8418;10649;6190;5319;38283;8601;9010;11532;6053;3494;38690;2008;48
49;Maine-et-Loire;206070;199144;205314;96777;67518;774823;101180;99440;103923;51537;42235;398315;104890;99704;101391;45240;25283;376508;2008;49
50;Manche;118589;110897;139391;74762;53298;496937;57658;54842;68791;39862;33647;254800;60931;56055;70600;34900;19651;242137;2008;50
51;Marne;141420;153636;155268;70668;45018;566010;69035;76220;79504;37508;29249;291516;72385;77416;75764;33160;15769;274494;2008;51
52;Haute-Marne;43169;42604;53573;28040;19084;186470;21006;20770;26656;14623;12108;95163;22163;21834;26917;13417;6976;91307;2008;52
53;Mayenne;78100;72415;81400;40606;30462;302983;37896;35210;40348;21517;18795;153766;40204;37205;41052;19089;11667;149217;2008;53
54;Meurthe-et-Moselle;179911;199380;197142;93076;60259;729768;87985;98956;100771;49871;39020;376603;91926;100424;96371;43205;21239;353165;2008;54
55;Meuse;47406;46922;55368;26260;18262;194218;22844;22521;27293;13743;11662;98063;24562;24401;28075;12517;6600;96155;2008;55
56;Morbihan;167898;163259;199359;109741;69777;710034;81292;79436;100297;58825;45132;364982;86606;83823;99062;50916;24645;345052;2008;56
57;Moselle;247287;273578;305317;136192;79856;1042230;120339;134888;153747;72124;50608;531706;126948;138690;151570;64068;29248;510524;2008;57
58;Nièvre;45337;44473;63636;38902;28305;220653;22147;21920;32226;20528;18013;114834;23190;22553;31410;18374;10292;105819;2008;58
59;Nord;702810;715658;675782;290368;180341;2564959;342936;359618;346395;159867;119902;1328718;359874;356040;329387;130501;60439;1236241;2008;59
60;Oise;218436;212416;226512;91490;50871;799725;106770;105807;113919;46974;32189;405659;111666;106609;112593;44516;18682;394066;2008;60
61;Orne;69223;63967;81972;44885;32235;292282;33560;31548;40999;23647;20177;149931;35663;32419;40973;21238;12058;142351;2008;61
62;Pas-de-Calais;391949;376735;400266;176833;113748;1459531;190602;188821;202233;97666;75935;755257;201347;187914;198033;79167;37813;704274;2008;62
63;Puy-de-Dôme;138948;163161;177961;90152;58263;628485;68310;81009;90024;47586;37928;324857;70638;82152;87937;42566;20335;303628;2008;63
64;Pyrénées-Atlantiques;143002;151137;183292;99375;70614;647420;69562;74801;93689;53468;44541;336061;73440;76336;89603;45907;26073;311359;2008;64
65;Hautes-Pyrénées;48214;47928;66686;38161;28090;229079;23265;23513;34047;20440;17716;118981;24949;24415;32639;17721;10374;110098;2008;65
66;Pyrénées-Orientales;98932;99197;118255;73580;51423;441387;48041;51091;61912;39311;31712;232067;50891;48106;56343;34269;19711;209320;2008;66
67;Bas-Rhin;268072;301122;309084;133703;79034;1091015;131802;151818;154838;69919;51366;559743;136270;149304;154246;63784;27668;531272;2008;67
68;Haut-Rhin;183768;192255;216065;95838;58146;746072;89536;95730;107881;49596;37491;380234;94232;96525;108184;46242;20655;365838;2008;68
69;Rhône;437289;491252;425013;205504;131440;1690498;215778;250029;219699;109185;83886;878577;221511;241223;205314;96319;47554;811921;2008;69
70;Haute-Saône;58363;55999;67899;34437;21850;238548;28148;27512;33656;17779;13739;120834;30215;28487;34243;16658;8111;117714;2008;70
71;Saône-et-Loire;124985;120512;157469;88262;62740;553968;60048;59425;79278;46577;39416;284744;64937;61087;78191;41685;23324;269224;2008;71
72;Sarthe;141016;135223;152834;76589;53925;559587;68935;66828;76842;40513;33479;286597;72081;68395;75992;36076;20446;272990;2008;72
73;Savoie;100419;103707;115258;54661;34797;408842;48480;50797;57751;28821;21948;207797;51939;52910;57507;25840;12849;201045;2008;73
74;Haute-Savoie;184655;191581;203859;88816;47366;716277;89251;94748;103035;46390;29859;363283;95404;96833;100824;42426;17507;352994;2008;74
75;Paris;438248;780427;566535;260902;165185;2211297;217487;401232;296084;144417;109281;1168501;220761;379195;270451;116485;55904;1042796;2008;75
76;Seine-Maritime;319253;325037;340938;159610;103742;1248580;157016;164094;174682;86495;67229;649516;162237;160943;166256;73115;36513;599064;2008;76
77;Seine-et-Marne;370829;363177;365436;133870;70390;1303702;181440;184633;184962;69153;45040;665228;189389;178544;180474;64717;25350;638474;2008;77
78;Yvelines;387063;374465;392300;164075;88150;1406053;188830;187981;202377;84984;55316;719488;198233;186484;189923;79091;32834;686565;2008;78
79;Deux-Sèvres;85185;84459;102802;53468;39145;365059;41380;41802;51700;27754;23724;186360;43805;42657;51102;25714;15421;178699;2008;79
80;Somme;143446;150295;154027;73240;47078;568086;70074;75438;77771;39145;29821;292249;73372;74857;76256;34095;17257;275837;2008;80
81;Tarn;83662;80424;104183;58239;45230;371738;40727;40182;53103;30778;27535;192325;42935;40242;51080;27461;17695;179413;2008;81
82;Tarn-et-Garonne;56493;54233;66132;34276;24781;235915;27625;27106;33190;17941;15045;120907;28868;27127;32942;16335;9736;115008;2008;82
83;Var;223791;221223;273742;173075;109577;1001408;108777;110603;142563;91489;67194;520626;115014;110620;131179;81586;42383;480782;2008;83
84;Vaucluse;133815;127812;148999;79666;48610;538902;65028;65001;77184;42064;30289;279566;68787;62811;71815;37602;18321;259336;2008;84
85;Vendée;146478;144744;169195;95453;61036;616906;71270;70982;84624;49804;37608;314288;75208;73762;84571;45649;23428;302618;2008;85
86;Vienne;99990;109960;114296;58362;41746;424354;49417;55941;57805;30497;25737;219397;50573;54019;56491;27865;16009;204957;2008;86
87;Haute-Vienne;78493;91250;103965;56594;43638;373940;38665;46042;52946;30089;27275;195017;39828;45208;51019;26505;16363;178923;2008;87
88;Vosges;91528;87889;109388;54765;36575;380145;44415;43198;54940;28970;23963;195486;47113;44691;54448;25795;12612;184659;2008;88
89;Yonne;81011;77098;96142;51255;36853;342359;39379;38600;48284;26576;23111;175950;41632;38498;47858;24679;13742;166409;2008;89
90;Territoire de Belfort;35780;37962;38870;17972;11374;141958;17088;17781;19526;9381;7363;71139;18692;20181;19344;8591;4011;70819;2008;90
91;Essonne;334102;332394;332529;135648;71177;1205850;163081;166334;169076;70774;44975;614240;171021;166060;163453;64874;26202;591610;2008;91
92;Hauts-de-Seine;388128;481383;402897;165819;111392;1549619;190980;246586;211539;89961;72522;811588;197148;234797;191358;75858;38870;738031;2008;92
93;Seine-Saint-Denis;435275;453220;396497;144613;76861;1506466;213841;231679;200950;73408;49569;769447;221434;221541;195547;71205;27292;737019;2008;93
94;Val-de-Marne;338941;387365;353283;143711;87576;1310876;165266;199232;182861;76907;57039;681305;173675;188133;170422;66804;30537;629571;2008;94
95;Val-d'Oise;336768;327003;322559;117025;62042;1165397;164182;167141;166179;60694;39882;598078;172586;159862;156380;56331;22160;567319;2008;95
2A;Corse-du-Sud;29550;32696;41309;23175;14223;140953;14241;16795;20920;12129;8565;72650;15309;15901;20389;11046;5658;68303;2008;201
2B;Haute-Corse;33481;40763;46029;26014;15726;162013;16161;20036;23127;13392;9768;82484;17320;20727;22902;12622;5958;79529;2008;202
971;Guadeloupe ;122315;96835;112364;46794;23476;401784;59449;53407;60781;25483;14275;213395;62866;43428;51583;21311;9201;188389;2008;971
972;Martinique ;111701;94918;115236;50072;25766;397693;55659;51994;62619;27130;15854;213256;56042;42924;52617;22942;9912;184437;2008;972
973;Guyane;97230;65337;43598;9786;3315;219266;48189;34272;21420;4747;1965;110593;49041;31065;22178;5039;1350;108673;2008;973
974;La Réunion;280064;228427;207299;67556;24904;808250;136832;120660;106408;36419;15890;416209;143232;107767;100891;31137;9014;392041;2008;974
01;Ain;153719;147284;163003;68837;41534;574377;75047;73097;81232;35341;25909;290626;78672;74187;81771;33496;15625;283751;2007;1
02;Aisne;141079;131304;152341;67757;45339;537820;68777;65666;76307;36355;29131;276236;72302;65638;76034;31402;16208;261584;2007;2
03;Allier;71446;74685;97923;56218;42842;343114;34693;37071;49524;30300;27055;178643;36753;37614;48399;25918;15787;164471;2007;3
04;Alpes-de-Haute-Provence;35905;32707;45416;25895;16144;156067;17250;16716;23062;13573;9897;80498;18655;15991;22354;12322;6247;75569;2007;4
05;Hautes-Alpes;31075;29774;38809;19827;12997;132482;15263;14688;19437;10347;7906;67641;15812;15086;19372;9480;5091;64841;2007;5
06;Alpes-Maritimes;239703;256608;292526;169954;123674;1082465;116480;131181;153494;92613;78555;572323;123223;125427;139032;77341;45119;510142;2007;6
07;Ardèche;72224;68567;88303;47712;32650;309456;35058;34189;44112;24777;20513;158649;37166;34378;44191;22935;12137;150807;2007;7
08;Ardennes;72858;69172;81450;37288;23981;284749;35160;34299;40584;19801;15336;145180;37698;34873;40866;17487;8645;139569;2007;8
09;Ariège;32029;31680;43092;23647;18120;148568;15616;15746;21450;12389;10935;76136;16413;15934;21642;11258;7185;72432;2007;9
10;Aube;73707;74864;84398;40502;27369;300840;36192;37057;42546;21469;17475;154739;37515;37807;41852;19033;9894;146101;2007;10
11;Aude;77876;76345;96123;55928;39507;345779;37808;38349;49027;29312;24087;178583;40068;37996;47096;26616;15420;167196;2007;11
12;Aveyron;57331;58899;77179;45668;35348;274425;27739;28895;38013;23900;21568;140115;29592;30004;39166;21768;13780;134310;2007;12
13;Bouches-du-Rhône;482779;512459;532223;264067;167398;1958926;235943;263240;278359;141251;106518;1025311;246836;249219;253864;122816;60880;933615;2007;13
14;Calvados;170591;174239;185816;86608;56413;673667;83662;87762;94770;47263;36462;349919;86929;86477;91046;39345;19951;323748;2007;14
15;Cantal;29307;31926;44099;24922;18803;149057;14223;15674;21678;13159;11698;76432;15084;16252;22421;11763;7105;72625;2007;15
16;Charente;76452;78949;101896;53555;38683;349535;37111;39408;51528;28183;23980;180210;39341;39541;50368;25372;14703;169325;2007;16
17;Charente-Maritime;132985;133640;170408;99787;68590;605410;64505;66633;88022;52747;42174;314081;68480;67007;82386;47040;26416;291329;2007;17
18;Cher;70167;71131;90397;49568;33336;314599;34503;35059;45626;25955;20916;162059;35664;36072;44771;23613;12420;152540;2007;18
19;Corrèze;47972;53659;69022;39795;31590;242038;23206;25720;34413;21290;19878;124507;24766;27939;34609;18505;11712;117531;2007;19
21;Côte-d'Or;124994;139443;143617;66344;44745;519143;61500;70656;72909;35290;28292;268647;63494;68787;70708;31054;16453;250496;2007;21
22;Côtes-d'Armor;133672;125334;160378;92412;64253;576049;64737;61857;80296;49767;41301;297958;68935;63477;80082;42645;22952;278091;2007;22
23;Creuse;23793;23731;36180;21643;18514;123861;11429;11665;17717;11314;11415;63540;12364;12066;18463;10329;7099;60321;2007;23
24;Dordogne;83418;82308;118201;70820;52046;406793;40840;41293;59961;37227;32049;211370;42578;41015;58240;33593;19997;195423;2007;24
25;Doubs;132988;141041;140229;66571;39304;520133;64470;69337;70841;35188;24627;264463;68518;71704;69388;31383;14677;255670;2007;25
26;Drôme;118771;111909;132435;67811;42502;473428;57517;56134;67799;35640;26364;243454;61254;55775;64636;32171;16138;229974;2007;26
27;Eure;153929;143293;163096;70012;41775;572105;75132;71865;81921;36754;26515;292187;78797;71428;81175;33258;15260;279918;2007;27
28;Eure-et-Loir;108764;105757;118780;52986;36124;422411;52875;52721;59539;27746;22126;215007;55889;53036;59241;25240;13998;207404;2007;28
29;Finistère;211197;213372;246865;126252;88220;885906;103072;103601;123215;69136;58256;457280;108125;109771;123650;57116;29964;428626;2007;29
30;Gard;167878;161679;195803;101240;63247;689847;81807;82205;100690;53279;39114;357095;86071;79474;95113;47961;24133;332752;2007;30
31;Haute-Garonne;294252;360344;323835;136773;87716;1202920;144144;178680;165291;72923;55573;616611;150108;181664;158544;63850;32143;586309;2007;31
32;Gers;38075;36590;54212;31016;23722;183615;18601;18247;27231;16039;14059;94177;19474;18343;26981;14977;9663;89438;2007;32
33;Gironde;335802;383734;392433;176475;120901;1409345;164550;194421;202988;94789;77410;734158;171252;189313;189445;81686;43491;675187;2007;33
34;Hérault;242372;264751;268298;143457;92329;1011207;118937;136225;140966;76423;56827;529378;123435;128526;127332;67034;35502;481829;2007;34
35;Ille-et-Vilaine;250970;268714;251468;111337;73357;955846;122721;133414;126654;60116;46604;489509;128249;135300;124814;51221;26753;466337;2007;35
36;Indre;49136;50387;65812;38773;28691;232799;24077;24740;32808;20546;17840;120011;25059;25647;33004;18227;10851;112788;2007;36
37;Indre-et-Loire;142963;149154;159279;77907;53783;583086;70147;75855;81389;41382;33833;302606;72816;73299;77890;36525;19950;280480;2007;37
38;Isère;311239;321129;317897;144150;84299;1178714;151068;158767;161070;75538;52823;599266;160171;162362;156827;68612;31476;579448;2007;38
39;Jura;63377;60038;72377;37114;25991;258897;30658;29903;36188;19495;16278;132522;32719;30135;36189;17619;9713;126375;2007;39
40;Landes;81573;81343;106552;58538;39486;367492;39379;40265;54128;30889;24568;189229;42194;41078;52424;27649;14918;178263;2007;40
41;Loir-et-Cher;75873;73964;91401;49139;35914;326291;37058;36923;45930;26001;21972;167884;38815;37041;45471;23138;13942;158407;2007;41
42;Loire;181288;181029;200415;105380;72556;740668;88594;90196;102101;56339;46868;384098;92694;90833;98314;49041;25688;356570;2007;42
43;Haute-Loire;51839;50017;62410;33242;22929;220437;25230;24495;30404;17467;14621;112217;26609;25522;32006;15775;8308;108220;2007;43
44;Loire-Atlantique;323801;337407;339937;149527;96126;1246798;158366;167439;172623;81215;62509;642152;165435;169968;167314;68312;33617;604646;2007;44
45;Loiret;164944;167801;177466;83089;54433;647733;80600;83676;89866;43585;33614;331341;84344;84125;87600;39504;20819;316392;2007;45
46;Lot;34879;33916;49724;30290;22364;171173;16857;16878;25093;15794;13490;88112;18022;17038;24631;14496;8874;83061;2007;46
47;Lot-et-Garonne;71243;70508;91523;52656;38240;324170;34432;35338;46745;27752;23426;167693;36811;35170;44778;24904;14814;156477;2007;47
48;Lozère;16529;17559;22195;11889;8708;76880;7794;8548;10655;6024;5282;38303;8735;9011;11540;5865;3426;38577;2007;48
49;Maine-et-Loire;205802;199885;205023;94421;65646;770777;100918;99642;103832;50781;40861;396034;104884;100243;101191;43640;24785;374743;2007;49
50;Manche;119832;111453;138936;72967;51965;495153;58407;54984;68568;39098;32859;253916;61425;56469;70368;33869;19106;241237;2007;50
51;Marne;142749;155488;156017;68220;44017;566491;69731;77140;79631;36331;28510;291343;73018;78348;76386;31889;15507;275148;2007;51
52;Haute-Marne;43734;43142;54189;27466;18876;187407;21275;21025;27026;14393;11982;95701;22459;22117;27163;13073;6894;91706;2007;52
53;Mayenne;78305;72305;81344;39641;29048;300643;37927;35125;40431;20973;18014;152470;40378;37180;40913;18668;11034;148173;2007;53
54;Meurthe-et-Moselle;179362;200295;197759;90863;58313;726592;87837;99510;100810;49041;37729;374927;91525;100785;96949;41822;20584;351665;2007;54
55;Meuse;47929;46889;55543;25745;17856;193962;23047;22609;27282;13642;11373;97953;24882;24280;28261;12103;6483;96009;2007;55
56;Morbihan;167014;163638;198059;106129;67647;702487;80650;79499;99727;57118;43876;360870;86364;84139;98332;49011;23771;341617;2007;56
57;Moselle;248901;275140;303189;134170;77623;1039023;121138;135339;152847;71185;49366;529875;127763;139801;150342;62985;28257;509148;2007;57
58;Nièvre;45765;45298;64497;38191;27737;221488;22254;22400;32617;20240;17663;115174;23511;22898;31880;17951;10074;106314;2007;58
59;Nord;706829;717069;679229;283683;178140;2564950;344784;360700;347836;157075;118377;1328772;362045;356369;331393;126608;59763;1236178;2007;59
60;Oise;218934;212289;227189;88197;50015;796624;106689;105595;113993;45793;31763;403833;112245;106694;113196;42404;18252;392791;2007;60
61;Orne;69583;65312;82302;43983;31429;292609;33729;32117;41135;23360;19706;150047;35854;33195;41167;20623;11723;142562;2007;61
62;Pas-de-Calais;393503;377330;400857;172403;112633;1456726;191686;188964;202357;95692;75371;754070;201817;188366;198500;76711;37262;702656;2007;62
63;Puy-de-Dôme;140010;162636;178880;87552;57561;626639;68981;80922;90401;46431;37438;324173;71029;81714;88479;41121;20123;302466;2007;63
64;Pyrénées-Atlantiques;142810;152101;183055;96735;68389;643090;69309;75253;93562;52178;43227;333529;73501;76848;89493;44557;25162;309561;2007;64
65;Hautes-Pyrénées;47961;48611;67085;37800;27137;228594;23300;24042;34244;20322;17131;119039;24661;24569;32841;17478;10006;109555;2007;65
66;Pyrénées-Orientales;98271;99343;117857;72046;49640;437157;47980;51166;61673;38515;30619;229953;50291;48177;56184;33531;19021;207204;2007;66
67;Bas-Rhin;268677;302665;306397;130537;76564;1084840;132013;152265;153466;68421;50235;556400;136664;150400;152931;62116;26329;528440;2007;67
68;Haut-Rhin;184458;194216;214104;93850;55780;742408;90050;96364;106725;48796;36374;378309;94408;97852;107379;45054;19406;364099;2007;68
69;Rhône;433417;489006;426882;201024;126744;1677073;213509;248738;221041;107407;81579;872274;219908;240268;205841;93617;45165;804799;2007;69
70;Haute-Saône;58134;56388;67885;33352;21438;237197;28032;27576;33783;17234;13507;120132;30102;28812;34102;16118;7931;117065;2007;70
71;Saône-et-Loire;125167;121118;158151;86064;61342;551842;60154;59980;79341;45651;38547;283673;65013;61138;78810;40413;22795;268169;2007;71
72;Sarthe;140646;136330;152577;74745;52648;556946;68715;67354;76562;39723;32718;285072;71931;68976;76015;35022;19930;271874;2007;72
73;Savoie;100535;103285;114594;53407;33714;405535;48556;50495;57424;28270;21370;206115;51979;52790;57170;25137;12344;199420;2007;73
74;Haute-Savoie;183196;191260;201209;84925;46118;706708;88409;94689;101629;44481;29291;358499;94787;96571;99580;40444;16827;348209;2007;74
75;Paris;435141;778460;567554;250518;161357;2193030;216060;399573;297860;139140;107281;1159914;219081;378887;269694;111378;54076;1033116;2007;75
76;Seine-Maritime;320792;326286;341349;155322;100862;1244611;157473;164506;174540;84543;65557;646619;163319;161780;166809;70779;35305;597992;2007;76
77;Seine-et-Marne;368456;360485;364330;127310;68943;1289524;180068;183018;184186;65983;44286;657541;188388;177467;180144;61327;24657;631983;2007;77
78;Yvelines;389566;377698;393763;159240;83690;1403957;189841;189736;203220;82714;52886;718397;199725;187962;190543;76526;30804;685560;2007;78
79;Deux-Sèvres;85136;84729;102520;52382;38177;362944;41093;41893;51518;27217;23104;184825;44043;42836;51002;25165;15073;178119;2007;79
80;Somme;143528;150390;154166;71245;46581;565910;70114;75449;77905;38238;29579;291285;73414;74941;76261;33007;17002;274625;2007;80
81;Tarn;82856;81186;104260;56829;44058;369189;40334;40522;53296;30140;26925;191217;42522;40664;50964;26689;17133;177972;2007;81
82;Tarn-et-Garonne;55476;53628;65506;33394;23759;231763;27022;26986;32777;17633;14503;118921;28454;26642;32729;15761;9256;112842;2007;82
83;Var;224781;222986;274293;168230;105644;995934;109213;111842;142656;89092;65153;517956;115568;111144;131637;79138;40491;477978;2007;83
84;Vaucluse;134963;128991;148999;77574;47614;538141;65595;65508;77063;41022;29736;278924;69368;63483;71936;36552;17878;259217;2007;84
85;Vendée;145060;143469;168273;91754;58874;607430;70750;70335;84017;48181;36436;309719;74310;73134;84256;43573;22438;297711;2007;85
86;Vienne;99532;110789;114154;56671;40745;421891;49239;56059;57627;29761;25051;217737;50293;54730;56527;26910;15694;204154;2007;86
87;Haute-Vienne;78427;90689;104475;55083;42428;371102;38495;45783;53348;29317;26673;193616;39932;44906;51127;25766;15755;177486;2007;87
88;Vosges;92401;88974;109578;53457;35894;380304;44921;43594;54861;28570;23533;195479;47480;45380;54717;24887;12361;184825;2007;88
89;Yonne;81181;77264;96684;49926;36363;341418;39545;38617;48377;26118;22816;175473;41636;38647;48307;23808;13547;165945;2007;89
90;Territoire de Belfort;35387;38979;39439;17684;10955;142444;17115;18100;19839;9345;7152;71551;18272;20879;19600;8339;3803;70893;2007;90
91;Essonne;332558;335696;333992;131849;67899;1201994;162629;167629;169967;68914;43265;612404;169929;168067;164025;62935;24634;589590;2007;91
92;Hauts-de-Seine;387563;482086;404814;161518;108430;1544411;190571;246610;212142;87901;71228;808452;196992;235476;192672;73617;37202;735959;2007;92
93;Seine-Saint-Denis;435109;454414;397098;140966;74753;1502340;213529;232059;201394;72061;48339;767382;221580;222355;195704;68905;26414;734958;2007;93
94;Val-de-Marne;337525;386148;354070;139829;85317;1302889;164517;198381;182829;75102;55820;676649;173008;187767;171241;64727;29497;626240;2007;94
95;Val-d'Oise;336059;328308;323309;112904;60141;1160721;163750;167913;166438;58672;38943;595716;172309;160395;156871;54232;21198;565005;2007;95
2A;Corse-du-Sud;29598;32857;40518;22564;13825;139362;14182;16879;20568;11869;8449;71947;15416;15978;19950;10695;5376;67415;2007;201
2B;Haute-Corse;33711;40289;45351;25106;15390;159847;16268;19831;22921;12975;9632;81627;17443;20458;22430;12131;5758;78220;2007;202
971;Guadeloupe ;122977;98651;110972;45406;22578;400584;59859;53921;59947;24720;13812;212259;63118;44730;51025;20686;8766;188325;2007;971
972;Martinique ;113813;97129;113223;48495;25070;397730;56422;52938;61543;26379;15478;212760;57391;44191;51680;22116;9592;184970;2007;972
973;Guyane;94722;63937;41967;9220;3185;213031;47099;33399;20586;4500;1901;107485;47623;30538;21381;4720;1284;105546;2007;973
974;La Réunion;278190;227692;200272;63748;24205;794107;136316;119899;102585;34505;15467;408772;141874;107793;97687;29243;8738;385335;2007;974
01;Ain;152564;146329;160690;66927;40230;566740;74383;72705;80054;34492;25116;286750;78181;73624;80636;32435;15114;279990;2006;1
02;Aisne;141723;132064;152396;66219;44659;537061;69182;66155;76434;35835;28693;276299;72541;65909;75962;30384;15966;260762;2006;2
03;Allier;71834;75578;98440;55656;41801;343309;34980;37365;49728;30226;26475;178774;36854;38213;48712;25430;15326;164535;2006;3
04;Alpes-de-Haute-Provence;36047;33002;44789;24983;15680;154501;17412;16800;22785;13021;9633;79651;18635;16202;22004;11962;6047;74850;2006;4
05;Hautes-Alpes;31176;29853;37934;19128;12661;130752;15187;14831;18993;10033;7751;66795;15989;15022;18941;9095;4910;63957;2006;5
06;Alpes-Maritimes;237971;256807;289337;167748;121321;1073184;115765;131695;151997;91521;77235;568213;122206;125112;137340;76227;44086;504971;2006;6
07;Ardèche;71763;68840;87513;46299;31823;306238;34799;34300;43722;24108;20010;156939;36964;34540;43791;22191;11813;149299;2006;7
08;Ardennes;73566;70314;81440;36902;23431;285653;35634;34803;40580;19699;15040;145756;37932;35511;40860;17203;8391;139897;2006;8
09;Ariège;31810;31330;42582;23098;17469;146289;15471;15620;21168;12157;10589;75005;16339;15710;21414;10941;6880;71284;2006;9
10;Aube;74016;74770;84671;39602;26645;299704;36189;37040;42744;21151;17008;154132;37827;37730;41927;18451;9637;145572;2006;10
11;Aude;75872;76923;95357;54418;38452;341022;37120;38498;48498;28778;23413;176307;38752;38425;46859;25640;15039;164715;2006;11
12;Aveyron;56837;59803;76928;45293;34516;273377;27477;29257;37896;23766;21138;139534;29360;30546;39032;21527;13378;133843;2006;12
13;Bouches-du-Rhône;479982;510603;526532;257243;163045;1937405;234530;262881;275432;138272;104000;1015115;245452;247722;251100;118971;59045;922290;2006;13
14;Calvados;172210;174640;185310;84372;54819;671351;84743;88038;94478;46335;35445;349039;87467;86602;90832;38037;19374;322312;2006;14
15;Cantal;29331;33172;44142;24686;18351;149682;14254;16189;21717;13063;11430;76653;15077;16983;22425;11623;6921;73029;2006;15
16;Charente;76720;79041;101346;52260;37670;347037;37372;39595;51157;27640;23420;179184;39348;39446;50189;24620;14250;167853;2006;16
17;Charente-Maritime;131164;135185;169490;96722;66354;598915;63889;67453;87221;51397;40875;310835;67275;67732;82269;45325;25479;288080;2006;17
18;Cher;71005;71708;90713;48668;32581;314675;35029;35398;45683;25663;20485;162258;35976;36310;45030;23005;12096;152417;2006;18
19;Corrèze;47512;53655;68819;39171;31206;240363;22991;25693;34289;21038;19641;123652;24521;27962;34530;18133;11565;116711;2006;19
21;Côte-d'Or;126456;139093;143530;64476;43613;517168;62332;70481;72781;34304;27744;267642;64124;68612;70749;30172;15869;249526;2006;21
22;Côtes-d'Armor;132819;125920;159578;90128;62416;570861;64332;62071;79921;48678;40378;295380;68487;63849;79657;41450;22038;275481;2006;22
23;Creuse;23210;24482;35901;21507;18301;123401;11203;11923;17591;11341;11291;63349;12007;12559;18310;10166;7010;60052;2006;23
24;Dordogne;83570;82900;117961;69057;50564;404052;40781;41701;59873;36315;31277;209947;42789;41199;58088;32742;19287;194105;2006;24
25;Doubs;132425;141690;139616;64605;37821;516157;64389;69815;70403;34324;23761;262692;68036;71875;69213;30281;14060;253465;2006;25
26;Drôme;118024;111907;131109;66218;41350;468608;57080;56056;67051;34999;25677;240863;60944;55851;64058;31219;15673;227745;2006;26
27;Eure;153417;143181;162311;67768;40544;567221;74809;71914;81480;35856;25748;289807;78608;71267;80831;31912;14796;277414;2006;27
28;Eure-et-Loir;109196;106453;118552;51725;35188;421114;52978;53012;59393;27235;21593;214211;56218;53441;59159;24490;13595;206903;2006;28
29;Finistère;211418;214616;246663;123957;86347;883001;103132;104479;123049;68526;57101;456287;108286;110137;123614;55431;29246;426714;2006;29
30;Gard;167569;161370;194026;98644;61560;683169;81834;82128;99575;52188;38269;353994;85735;79242;94451;46456;23291;329175;2006;30
31;Haute-Garonne;291059;358968;318300;132278;85725;1186330;143070;178272;162477;70821;54281;608921;147989;180696;155823;61457;31444;577409;2006;31
32;Gers;37512;36683;53615;30674;22891;181375;18340;18285;26991;15803;13619;93038;19172;18398;26624;14871;9272;88337;2006;32
33;Gironde;333124;381191;389894;170787;118762;1393758;163377;193593;201578;92260;76234;727042;169747;187598;188316;78527;42528;666716;2006;33
34;Hérault;242707;263206;266454;139553;89121;1001041;119165;135565;140076;74587;54723;524116;123542;127641;126378;64966;34398;476925;2006;34
35;Ille-et-Vilaine;247039;271164;247920;108458;71270;945851;121440;134246;124914;58665;45279;484544;125599;136918;123006;49793;25991;461307;2006;35
36;Indre;49005;51720;65898;38136;28200;232959;24096;25337;32813;20247;17551;120044;24909;26383;33085;17889;10649;112915;2006;36
37;Indre-et-Loire;143290;148830;159053;76293;52846;580312;70625;75574;81433;40771;33233;301636;72665;73256;77620;35522;19613;278676;2006;37
38;Isère;308372;324217;315764;139908;81230;1169491;149547;160277;160021;73547;50971;594363;158825;163940;155743;66361;30259;575128;2006;38
39;Jura;63422;60614;71858;36295;25210;257399;30552;30225;35966;19101;15842;131686;32870;30389;35892;17194;9368;125713;2006;39
40;Landes;79855;81151;105603;57275;38943;362827;38545;40139;53654;30247;24351;186936;41310;41012;51949;27028;14592;175891;2006;40
41;Loir-et-Cher;75597;75098;91247;48163;35077;325182;37089;37256;45914;25496;21441;167196;38508;37842;45333;22667;13636;157986;2006;41
42;Loire;181792;182372;201806;104050;71249;741269;88721;90728;102859;56092;46117;384517;93071;91644;98947;47958;25132;356752;2006;42
43;Haute-Loire;51705;50517;62250;32385;22627;219484;25105;24770;30419;17111;14431;111836;26600;25747;31831;15274;8196;107648;2006;43
44;Loire-Atlantique;322638;334874;337550;145620;93403;1234085;157564;166351;171431;79531;60941;635818;165074;168523;166119;66089;32462;598267;2006;44
45;Loiret;165636;167529;177883;80547;53730;645325;80866;83501;90052;42383;33236;330038;84770;84028;87831;38164;20494;315287;2006;45
46;Lot;34562;34288;49531;29539;21611;169531;16798;17063;24954;15465;13101;87381;17764;17225;24577;14074;8510;82150;2006;46
47;Lot-et-Garonne;71795;70779;91028;51263;37427;322292;34904;35468;46523;27135;22942;166972;36891;35311;44505;24128;14485;155320;2006;47
48;Lozère;16898;17730;22101;11583;8488;76800;7930;8652;10655;5912;5150;38299;8968;9078;11446;5671;3338;38501;2006;48
49;Maine-et-Loire;204051;201816;204251;92298;64243;766659;99981;100872;103530;49711;40127;394221;104070;100944;100721;42587;24116;372438;2006;49
50;Manche;119860;112534;138043;71798;50328;492563;58604;55457;68067;38680;31890;252698;61256;57077;69976;33118;18438;239865;2006;50
51;Marne;143196;156951;156610;66066;43018;565841;69865;77830;79897;35503;27948;291043;73331;79121;76713;30563;15070;274798;2006;51
52;Haute-Marne;44122;43820;54166;26871;18673;187652;21451;21269;27031;14158;11861;95770;22671;22551;27135;12713;6812;91882;2006;52
53;Mayenne;78138;72746;80680;39032;28404;299000;37918;35265;40063;20778;17678;151702;40220;37481;40617;18254;10726;147298;2006;53
54;Meurthe-et-Moselle;181344;200356;198278;88916;56408;725302;88840;99742;101133;48338;36621;374674;92504;100614;97145;40578;19787;350628;2006;54
55;Meuse;48426;46923;55743;25247;17357;193696;23255;22701;27350;13473;11134;97913;25171;24222;28393;11774;6223;95783;2006;55
56;Morbihan;166077;164629;196278;103015;64822;694821;80447;79718;98981;55689;42194;357029;85630;84911;97297;47326;22628;337792;2006;56
57;Moselle;251522;276409;301108;132957;74780;1036776;122484;136086;151393;70713;47827;528503;129038;140323;149715;62244;26953;508273;2006;57
58;Nièvre;46160;46125;64896;37678;27361;222220;22533;22788;32664;20087;17412;115484;23627;23337;32232;17591;9949;106736;2006;58
59;Nord;714845;718061;681657;277703;172991;2565257;349005;361403;349215;154581;115173;1329377;365840;356658;332442;123122;57818;1235880;2006;59
60;Oise;219109;213362;226824;85177;48503;792975;107017;106131;113570;44650;30838;402206;112092;107231;113254;40527;17665;390769;2006;60
61;Orne;70192;66402;82643;43108;30534;292879;34065;32739;41231;23009;19182;150226;36127;33663;41412;20099;11352;142653;2006;61
62;Pas-de-Calais;395967;377761;401635;168868;109156;1453387;192952;189254;202832;94727;73135;752900;203015;188507;198803;74141;36021;700487;2006;62
63;Puy-de-Dôme;140626;162935;178607;85063;56232;623463;69191;80848;90300;45354;36572;322265;71435;82087;88307;39709;19660;301198;2006;63
64;Pyrénées-Atlantiques;141407;153050;180903;95217;66272;636849;68563;75489;92831;51358;42069;330310;72844;77561;88072;43859;24203;306539;2006;64
65;Hautes-Pyrénées;47333;49647;66968;37368;26420;227736;22976;24424;34167;20118;16749;118434;24357;25223;32801;17250;9671;109302;2006;65
66;Pyrénées-Orientales;97584;98747;116653;70698;48430;432112;47678;51009;61032;37938;29847;227504;49906;47738;55621;32760;18583;204608;2006;66
67;Bas-Rhin;269189;306264;301909;128347;73307;1079016;132226;153658;151211;67949;48669;553713;136963;152606;150698;60398;24638;525303;2006;67
68;Haut-Rhin;184340;194901;211283;92351;53602;736477;89995;96697;105200;48312;35116;375320;94345;98204;106083;44039;18486;361157;2006;68
69;Rhône;432389;489995;428079;196978;122214;1669655;213123;249693;221534;105412;79004;868766;219266;240302;206545;91566;43210;800889;2006;69
70;Haute-Saône;58194;56638;67862;32309;20864;235867;28205;27659;33696;16870;13182;119612;29989;28979;34166;15439;7682;116255;2006;70
71;Saône-et-Loire;124301;122623;157976;84205;60256;549361;60022;60601;79198;44840;37997;282658;64279;62022;78778;39365;22259;266703;2006;71
72;Sarthe;139667;137504;151858;73139;51316;553484;68394;67644;76198;39139;32054;283429;71273;69860;75660;34000;19262;270055;2006;72
73;Savoie;99559;104960;113642;52446;32483;403090;48055;51359;56952;27835;20801;205002;51504;53601;56690;24611;11682;198088;2006;73
74;Haute-Savoie;180594;190860;198089;82164;44548;696255;86999;94426;100041;43118;28292;352876;93595;96434;98048;39046;16256;343379;2006;74
75;Paris;435096;776146;568538;242247;159344;2181371;215886;398231;298983;134904;106495;1154499;219210;377915;269555;107343;52849;1026872;2006;75
76;Seine-Maritime;322648;329320;342873;151371;97622;1243834;158758;166263;175733;82734;63253;646741;163890;163057;167140;68637;34369;597093;2006;76
77;Seine-et-Marne;365124;357742;361968;122256;66398;1273488;178757;181744;182695;63625;42801;649622;186367;175998;179273;58631;23597;623866;2006;77
78;Yvelines;387879;379628;394638;153872;79787;1395804;188552;190839;203096;80243;50396;713126;199327;188789;191542;73629;29391;682678;2006;78
79;Deux-Sèvres;84557;84528;101963;51181;37482;359711;40699;41792;51159;26732;22631;183013;43858;42736;50804;24449;14851;176698;2006;79
80;Somme;144728;151125;154334;69062;45070;564319;71043;75988;77980;37433;28698;291142;73685;75137;76354;31629;16372;273177;2006;80
81;Tarn;81596;81318;103432;55794;43195;365335;39928;40658;52744;29698;26383;189411;41668;40660;50688;26096;16812;175924;2006;81
82;Tarn-et-Garonne;53623;53198;63878;32654;23496;226849;26016;26723;32034;17197;14318;116288;27607;26475;31844;15457;9178;110561;2006;82
83;Var;223373;223251;272809;163032;102634;985099;109067;111870;141710;86397;63498;512542;114306;111381;131099;76635;39136;472557;2006;83
84;Vaucluse;134478;129937;147981;75305;46590;534291;65439;65952;76488;40267;29107;277253;69039;63985;71493;35038;17483;257038;2006;84
85;Vendée;142611;142979;165967;88537;57091;597185;69583;70039;82900;46661;35475;304658;73028;72940;83067;41876;21616;292527;2006;85
86;Vienne;99388;109805;113544;55702;40021;418460;48964;55435;57369;29282;24661;215711;50424;54370;56175;26420;15360;202749;2006;86
87;Haute-Vienne;77871;90585;103967;53733;41000;367156;38157;45620;53004;28664;25830;191275;39714;44965;50963;25069;15170;175881;2006;87
88;Vosges;92183;90808;109779;52352;34853;379975;44751;44344;55088;28128;22977;195288;47432;46464;54691;24224;11876;184687;2006;88
89;Yonne;81010;78073;96626;48711;35668;340088;39440;38945;48440;25621;22401;174847;41570;39128;48186;23090;13267;165241;2006;89
90;Territoire de Belfort;35195;38903;39275;17234;10594;141201;16928;18117;19693;9248;6895;70881;18267;20786;19582;7986;3699;70320;2006;90
91;Essonne;331789;339107;333712;128082;65583;1198273;162513;169303;169538;67282;41903;610539;169276;169804;164174;60800;23680;587734;2006;91
92;Hauts-de-Seine;383790;484928;402952;158477;105953;1536100;188678;247997;210731;86675;69686;803767;195112;236931;192221;71802;36267;732333;2006;92
93;Seine-Saint-Denis;432584;454114;394306;139022;71944;1491970;212281;232490;199337;71482;46578;762168;220303;221624;194969;67540;25366;729802;2006;93
94;Val-de-Marne;334385;388893;353961;137027;84074;1298340;163768;198692;182373;73980;55121;673934;170617;190201;171588;63047;28953;624406;2006;94
95;Val-d'Oise;337810;328244;323885;108429;58684;1157052;165124;168236;166356;56954;37832;594502;172686;160008;157529;51475;20852;562550;2006;95
2A;Corse-du-Sud;29096;32143;39420;21953;13106;135718;13800;16554;20121;11592;8078;70145;15296;15589;19299;10361;5028;65573;2006;201
2B;Haute-Corse;34180;39518;45286;24361;15055;158400;16614;19477;22823;12587;9388;80889;17566;20041;22463;11774;5667;77511;2006;202
971;Guadeloupe;124050;101499;109121;44114;21952;400736;60449;55512;58664;23933;13406;211964;63601;45987;50457;20181;8546;188772;2006;971
972;Martinique;114809;99421;111263;47758;24481;397732;56521;54111;60352;25943;15186;212113;58288;45310;50911;21815;9295;185619;2006;972
973;Guyane;92528;60648;40878;8896;3004;205954;45784;31987;20052;4352;1747;103922;46744;28661;20826;4544;1257;102032;2006;973
974;La Réunion ;275965;227033;192735;62458;23771;781962;135682;119133;98891;33970;15076;402752;140283;107900;93844;28488;8695;379210;2006;974
01;Ain;151471;146125;157308;65923;38141;558968;73832;72550;78214;33954;24023;282573;77639;73575;79094;31969;14118;276395;2005;1
02;Aisne;142747;134079;150175;66443;43354;536798;69983;66925;75116;36067;27695;275786;72764;67154;75059;30376;15659;261012;2005;2
03;Allier;71918;76599;97599;56287;41155;343558;35009;37937;49301;30640;25785;178672;36909;38662;48298;25647;15370;164886;2005;3
04;Alpes-de-Haute-Provence;35305;33300;43795;24726;15250;152376;17061;16969;22163;12878;9308;78379;18244;16331;21632;11848;5942;73997;2005;4
05;Hautes-Alpes;30846;30239;37283;18820;12265;129453;14969;15072;18659;9809;7633;66142;15877;15167;18624;9011;4632;63311;2005;5
06;Alpes-Maritimes;235361;256715;284825;167182;119417;1063500;114352;132065;149094;91180;76339;563030;121009;124650;135731;76002;43078;500470;2005;6
07;Ardèche;71048;69368;86049;46030;30622;303117;34376;34536;42748;24050;19163;154873;36672;34832;43301;21980;11459;148244;2005;7
08;Ardennes;74048;71874;80394;37263;22846;286425;36126;35493;40022;20133;14626;146400;37922;36381;40372;17130;8220;140025;2005;8
09;Ariège;31450;31374;41628;23363;17073;144888;15225;15584;20661;12214;10394;74078;16225;15790;20967;11149;6679;70810;2005;9
10;Aube;74168;75072;83362;39590;26291;298483;36287;37321;41965;21235;16672;153480;37881;37751;41397;18355;9619;145003;2005;10
11;Aude;75607;76221;93314;54249;36846;336237;36978;38524;47632;28611;22395;174140;38629;37697;45682;25638;14451;162097;2005;11
12;Aveyron;56610;60136;75837;46099;33297;271979;27226;29398;37193;24295;20546;138658;29384;30738;38644;21804;12751;133321;2005;12
13;Bouches-du-Rhône;477915;510014;521846;254789;157257;1921821;232946;262575;272013;136937;100463;1004934;244969;247439;249833;117852;56794;916887;2005;13
14;Calvados;172727;175333;182751;84505;52894;668210;85375;88452;93107;46654;34238;347826;87352;86881;89644;37851;18656;320384;2005;14
15;Cantal;29817;33616;43723;24850;17824;149830;14593;16467;21541;13195;11116;76912;15224;17149;22182;11655;6708;72918;2005;15
16;Charente;76405;80153;99838;53161;36354;345911;37321;40092;50424;28105;22785;178727;39084;40061;49414;25056;13569;167184;2005;16
17;Charente-Maritime;130985;134823;165787;96349;64696;592640;63724;67243;85197;51273;39936;307373;67261;67580;80590;45076;24760;285267;2005;17
18;Cher;71839;72681;89837;48697;31588;314642;35197;36111;45093;25725;19772;161898;36642;36570;44744;22972;11816;152744;2005;18
19;Corrèze;47424;53518;67897;39957;30389;239185;22682;25717;33850;21355;19218;122822;24742;27801;34047;18602;11171;116363;2005;19
21;Côte-d'Or;127790;139605;142152;64331;41951;515829;63063;70705;72003;34226;26798;266795;64727;68900;70149;30105;15153;249034;2005;21
22;Côtes-d'Armor;131950;126460;156897;90972;60409;566688;64037;62231;78507;49436;38598;292809;67913;64229;78390;41536;21811;273879;2005;22
23;Creuse;23290;24878;35188;22038;18029;123423;11329;12088;17323;11638;10971;63349;11961;12790;17865;10400;7058;60074;2005;23
24;Dordogne;82875;84134;115611;69889;49098;401607;40538;42386;58747;36687;30532;208890;42337;41748;56864;33202;18566;192717;2005;24
25;Doubs;132318;142597;138404;64096;36156;513571;64547;70271;70022;34367;22747;261954;67771;72326;68382;29729;13409;251617;2005;25
26;Drôme;117781;112496;128973;65307;39419;463976;57007;56531;65785;34698;24619;238640;60774;55965;63188;30609;14800;225336;2005;26
27;Eure;152948;143773;160078;67231;39286;563316;74695;72127;80474;35734;24863;287893;78253;71646;79604;31497;14423;275423;2005;27
28;Eure-et-Loir;109506;106779;117026;51258;34399;418968;53374;53037;58613;26837;21001;212862;56132;53742;58413;24421;13398;206106;2005;28
29;Finistère;210814;216126;241946;125218;84428;878532;102475;105368;120678;69767;55543;453831;108339;110758;121268;55451;28885;424701;2005;29
30;Gard;165827;160894;190340;97702;59299;674062;81015;81776;97558;51792;36883;349024;84812;79118;92782;45910;22416;325038;2005;30
31;Haute-Garonne;285857;354677;312110;131767;80782;1165193;140313;176525;159051;70422;51522;597833;145544;178152;153059;61345;29260;567360;2005;31
32;Gers;37333;37028;52376;31144;22114;179995;18263;18386;26236;16042;13237;92164;19070;18642;26140;15102;8877;87831;2005;32
33;Gironde;330394;380716;382383;170085;114413;1377991;162580;193244;197009;91651;74315;718799;167814;187472;185374;78434;40098;659192;2005;33
34;Hérault;238996;262092;260187;137744;86094;985113;117342;135257;136739;73322;53426;516086;121654;126835;123448;64422;32668;469027;2005;34
35;Ille-et-Vilaine;245685;267951;242571;109129;68549;933885;120660;132641;122480;58774;43901;478456;125025;135310;120091;50355;24648;455429;2005;35
36;Indre;49123;51768;65434;38727;27560;232612;24235;25429;32543;20503;17112;119822;24888;26339;32891;18224;10448;112790;2005;36
37;Indre-et-Loire;141241;150069;156895;76688;51473;576366;69381;76108;80247;41086;32498;299320;71860;73961;76648;35602;18975;277046;2005;37
38;Isère;309331;322666;311157;138534;76215;1157903;150107;159529;157507;72952;48310;588405;159224;163137;153650;65582;27905;569498;2005;38
39;Jura;63301;61285;71080;36476;24425;256567;30765;30376;35424;19247;15357;131169;32536;30909;35656;17229;9068;125398;2005;39
40;Landes;79207;81320;102747;57175;37095;357544;38179;40096;52025;30107;23437;183844;41028;41224;50722;27068;13658;173700;2005;40
41;Loir-et-Cher;75430;75608;89666;48512;34273;323489;37054;37558;44920;25894;20829;166255;38376;38050;44746;22618;13444;157234;2005;41
42;Loire;181560;184550;200205;104688;68390;739393;88048;91990;102037;56511;44270;382856;93512;92560;98168;48177;24120;356537;2005;42
43;Haute-Loire;51280;50884;61260;32810;21586;217820;24736;25036;29755;17467;13910;110904;26544;25848;31505;15343;7676;106916;2005;43
44;Loire-Atlantique;319282;332491;331087;145633;90317;1218810;156129;165291;167992;79801;58749;627962;163153;167200;163095;65832;31568;590848;2005;44
45;Loiret;164967;168829;174706;80228;52439;641169;80402;84101;88463;42096;32498;327560;84565;84728;86243;38132;19941;313609;2005;45
46;Lot;34463;34859;48412;29753;20784;168271;16659;17341;24168;15570;12838;86576;17804;17518;24244;14183;7946;81695;2005;46
47;Lot-et-Garonne;70561;70867;89888;51961;36442;319719;34227;35590;45795;27493;22535;165640;36334;35277;44093;24468;13907;154079;2005;47
48;Lozère;16585;18225;21603;11689;8196;76298;7790;8920;10383;5903;4908;37904;8795;9305;11220;5786;3288;38394;2005;48
49;Maine-et-Loire;203411;202225;201350;92258;62285;761529;99920;100920;101884;49947;38737;391408;103491;101305;99466;42311;23548;370121;2005;49
50;Manche;120377;114483;135040;72465;48745;491110;58729;56583;66682;38830;31026;251850;61648;57900;68358;33635;17719;239260;2005;50
51;Marne;144208;158605;155462;65647;41753;565675;70376;78644;79102;35679;27140;290941;73832;79961;76360;29968;14613;274734;2005;51
52;Haute-Marne;44858;44943;53832;27264;17920;188817;21770;21856;26707;14541;11281;96155;23088;23087;27125;12723;6639;92662;2005;52
53;Mayenne;76751;73945;79182;39602;27404;296884;37269;35916;39438;21165;16981;150769;39482;38029;39744;18437;10423;146115;2005;53
54;Meurthe-et-Moselle;182533;201173;196109;89584;54398;723797;88998;99811;99648;48884;35406;372747;93535;101362;96461;40700;18992;351050;2005;54
55;Meuse;48535;47975;54645;25636;16846;193637;23335;23202;26715;13662;10829;97743;25200;24773;27930;11974;6017;95894;2005;55
56;Morbihan;165464;165164;191822;102628;62402;687480;79817;80347;96778;55859;40198;352999;85647;84817;95044;46769;22204;334481;2005;56
57;Moselle;255177;278439;296541;134714;69897;1034768;124389;137204;148517;71764;45273;527147;130788;141235;148024;62950;24624;507621;2005;57
58;Nièvre;46571;47145;63825;38015;27155;222711;22793;23338;32151;20377;17139;115798;23778;23807;31674;17638;10016;106913;2005;58
59;Nord;721083;722933;672330;276814;170726;2563886;351582;363471;344308;155553;112756;1327670;369501;359462;328022;121261;57970;1236216;2005;59
60;Oise;220433;214226;223642;84277;46434;789012;107377;107045;111774;44617;29664;400477;113056;107181;111868;39660;16770;388535;2005;60
61;Orne;70787;67710;81335;43711;29562;293105;34302;33337;40561;23265;18559;150024;36485;34373;40774;20446;11003;143081;2005;61
62;Pas-de-Calais;398477;381137;395007;168025;109081;1451727;194081;190939;199084;95180;72157;751441;204396;190198;195923;72845;36924;700286;2005;62
63;Puy-de-Dôme;140426;164091;176663;85638;53753;620571;68689;81459;89328;45949;34984;320409;71737;82632;87335;39689;18769;300162;2005;63
64;Pyrénées-Atlantiques;140989;153464;177443;95453;63986;631335;68498;75806;90747;51396;40966;327413;72491;77658;86696;44057;23020;303922;2005;64
65;Hautes-Pyrénées;47725;49725;66215;37748;25670;227083;23011;24688;33628;20103;16328;117758;24714;25037;32587;17645;9342;109325;2005;65
66;Pyrénées-Orientales;96474;98008;114192;70623;46711;426008;47299;50555;59760;38017;28818;224449;49175;47453;54432;32606;17893;201559;2005;66
67;Bas-Rhin;269039;308041;296451;128839;68790;1071160;132331;154533;147953;68677;46304;549798;136708;153508;148498;60162;22486;521362;2005;67
68;Haut-Rhin;184842;196611;207490;93469;49830;732242;90390;97450;102982;49116;32940;372878;94452;99161;104508;44353;16890;359364;2005;68
69;Rhône;431946;487219;423814;195529;116703;1655211;212820;248020;218849;105154;76278;861121;219126;239199;204965;90375;40425;794090;2005;69
70;Haute-Saône;58071;57264;67050;32363;20186;234934;28065;28091;33128;16761;12847;118892;30006;29173;33922;15602;7339;116042;2005;70
71;Saône-et-Loire;124462;125017;156409;84520;58259;548667;60217;62004;78548;45307;36474;282550;64245;63013;77861;39213;21785;266117;2005;71
72;Sarthe;139603;138452;148470;73579;49963;550067;68368;68244;74468;39504;31083;281667;71235;70208;74002;34075;18880;268400;2005;72
73;Savoie;99054;104987;111620;51674;31211;398546;47416;51792;55752;27569;20162;202691;51638;53195;55868;24105;11049;195855;2005;73
74;Haute-Savoie;179303;189904;194872;79962;42581;686622;86348;93926;98397;42322;27255;348248;92955;95978;96475;37640;15326;338374;2005;74
75;Paris;428463;774451;565574;241161;162537;2172186;212363;397787;296281;134275;107833;1148539;216100;376664;269293;106886;54704;1023647;2005;75
76;Seine-Maritime;326602;330516;339506;151558;95179;1243361;160574;166403;174120;83384;61354;645835;166028;164113;165386;68174;33825;597526;2005;76
77;Seine-et-Marne;364360;356028;357882;119712;63028;1261010;178492;180833;180306;62643;40970;643244;185868;175195;177576;57069;22058;617766;2005;77
78;Yvelines;388272;382393;391842;151438;75511;1389456;189179;191864;201063;79067;48109;709282;199093;190529;190779;72371;27402;680174;2005;78
79;Deux-Sèvres;83851;85654;100047;51417;36350;357319;40419;42296;50031;26761;21710;181217;43432;43358;50016;24656;14640;176102;2005;79
80;Somme;145604;151918;152210;68840;44646;563218;71289;76336;76949;37664;28161;290399;74315;75582;75261;31176;16485;272819;2005;80
81;Tarn;80905;81190;101237;57248;41352;361932;39425;40709;51534;30462;25486;187616;41480;40481;49703;26786;15866;174316;2005;81
82;Tarn-et-Garonne;53219;52730;62474;32800;22509;223732;25881;26385;31207;17319;13858;114650;27338;26345;31267;15481;8651;109082;2005;82
83;Var;222517;222986;267046;160471;99359;972379;108578;111854;138606;85052;61597;505687;113939;111132;128440;75419;37762;466692;2005;83
84;Vaucluse;134432;129896;145728;74504;44475;529035;65119;65945;74956;39743;27861;273624;69313;63951;70772;34761;16614;255411;2005;84
85;Vendée;140142;142419;161997;88654;54889;588101;68383;69640;80853;46708;34311;299895;71759;72779;81144;41946;20578;288206;2005;85
86;Vienne;98190;110620;111464;56148;39015;415437;48397;55933;56136;29246;24074;213786;49793;54687;55328;26902;14941;201651;2005;86
87;Haute-Vienne;76921;90873;102450;54314;40321;364879;37537;45747;51947;28977;25448;189656;39384;45126;50503;25337;14873;175223;2005;87
88;Vosges;93796;91766;108284;52463;33957;380266;45426;44925;54281;28413;22313;195358;48370;46841;54003;24050;11644;184908;2005;88
89;Yonne;80986;78969;95253;48634;35141;338983;39688;39283;47835;25788;21907;174501;41298;39686;47418;22846;13234;164482;2005;89
90;Territoire de Belfort;35649;38709;38697;17223;10394;140672;17104;18171;19433;9255;6787;70750;18545;20538;19264;7968;3607;69922;2005;90
91;Essonne;332438;337861;329762;126802;61488;1188351;162668;169019;167544;66681;39773;605685;169770;168842;162218;60121;21715;582666;2005;91
92;Hauts-de-Seine;379221;481858;396945;158337;103745;1520106;186337;246642;207445;86412;68317;795153;192884;235216;189500;71925;35428;724953;2005;92
93;Seine-Saint-Denis;428431;449083;388274;138456;70676;1474920;210789;229319;196450;71906;45974;754438;217642;219764;191824;66550;24702;720482;2005;93
94;Val-de-Marne;332978;387046;349214;136195;81917;1287350;163195;197957;179252;74187;53638;668229;169783;189089;169962;62008;28279;619121;2005;94
95;Val-d'Oise;337951;326727;321227;107093;55766;1148764;165188;167387;164711;56428;36652;590366;172763;159340;156516;50665;19114;558398;2005;95
2A;Corse-du-Sud;28657;31913;38419;21647;12492;133128;13622;16437;19505;11359;7834;68757;15035;15476;18914;10288;4658;64371;2005;201
2B;Haute-Corse;33419;39904;44056;24086;14499;155964;16279;19938;22141;12457;9073;79888;17140;19966;21915;11629;5426;76076;2005;202
971;Guadeloupe;124155;104562;106609;41740;22112;399178;60667;56963;57339;22746;13305;211020;63488;47599;49270;18994;8807;188158;2005;971
972;Martinique;115247;102449;108876;46061;23349;395982;57179;55649;58835;24911;14567;211141;58068;46800;50041;21150;8782;184841;2005;972
973;Guyane;89056;58770;39614;8353;3413;199206;43962;30742;19265;4034;1980;99983;45094;28028;20349;4319;1433;99223;2005;973
974;La Réunion;275410;229240;184544;59941;23772;772907;135050;120048;94670;32185;14945;396898;140360;109192;89874;27756;8827;376009;2005;974
01;Ain;149676;146231;153657;64494;36881;550939;72956;72593;76216;33268;23286;278319;76720;73638;77441;31226;13595;272620;2004;1
02;Aisne;143713;135672;148122;67118;41839;536464;70495;67578;73921;36626;26705;275325;73218;68094;74201;30492;15134;261139;2004;2
03;Allier;72122;78053;96508;56728;40136;343547;35083;38600;48753;30994;25173;178603;37039;39453;47755;25734;14963;164944;2004;3
04;Alpes-de-Haute-Provence;34993;33423;42620;24332;14683;150051;16970;16954;21495;12688;8973;77080;18023;16469;21125;11644;5710;72971;2004;4
05;Hautes-Alpes;30753;30425;36470;18554;11865;128067;14952;15169;18239;9658;7355;65373;15801;15256;18231;8896;4510;62694;2004;5
06;Alpes-Maritimes;232855;257725;280288;165632;116682;1053182;113155;132731;146798;90494;74601;557779;119700;124994;133490;75138;42081;495403;2004;6
07;Ardèche;70520;70037;84058;45750;29656;300021;34135;34727;41735;23982;18576;153155;36385;35310;42323;21768;11080;146866;2004;7
08;Ardennes;74975;73130;79173;37744;22114;287136;36572;36058;39380;20419;14197;146626;38403;37072;39793;17325;7917;140510;2004;8
09;Ariège;31016;31569;40666;23437;16683;143371;14992;15658;20178;12257;10177;73262;16024;15911;20488;11180;6506;70109;2004;9
10;Aube;74325;75726;82133;39488;25482;297154;36359;37587;41281;21299;16182;152708;37966;38139;40852;18189;9300;144446;2004;10
11;Aude;74496;76252;91014;53817;35688;331267;36412;38394;46409;28420;21759;171394;38084;37858;44605;25397;13929;159873;2004;11
12;Aveyron;56329;60779;74384;46255;32528;270275;27098;29622;36530;24370;20101;137721;29231;31157;37854;21885;12427;132554;2004;12
13;Bouches-du-Rhône;474831;511794;515431;251451;152182;1905689;231517;263242;267978;135378;97090;995205;243314;248552;247453;116073;55092;910484;2004;13
14;Calvados;172700;177030;179723;84239;51077;664769;85387;89190;91508;46569;33095;345749;87313;87840;88215;37670;17982;319020;2004;14
15;Cantal;29937;34332;43148;25083;17444;149944;14622;16794;21168;13317;10927;76828;15315;17538;21980;11766;6517;73116;2004;15
16;Charente;76689;81135;98387;53108;35389;344708;37377;40580;49631;28118;22205;177911;39312;40555;48756;24990;13184;166797;2004;16
17;Charente-Maritime;130071;135526;162258;95733;62494;586082;63267;67588;83238;50988;38593;303674;66804;67938;79020;44745;23901;282408;2004;17
18;Cher;72068;73851;88857;48814;30900;314490;35299;36681;44468;25795;19433;161676;36769;37170;44389;23019;11467;152814;2004;18
19;Corrèze;47320;53869;66773;40238;29623;237823;22667;25847;33352;21538;18777;122181;24653;28022;33421;18700;10846;115642;2004;19
21;Côte-d'Or;127953;140935;140287;64073;40774;514022;63095;71357;71026;34230;26048;265756;64858;69578;69261;29843;14726;248266;2004;21
22;Côtes-d'Armor;130971;127456;153880;91368;58551;562226;63636;62500;77097;49702;37557;290492;67335;64956;76783;41666;20994;271734;2004;22
23;Creuse;23336;25433;34570;22548;17674;123561;11349;12310;16989;11963;10785;63396;11987;13123;17581;10585;6889;60165;2004;23
24;Dordogne;82278;85404;113493;69904;47915;398994;40238;42870;57553;36829;29791;207281;42040;42534;55940;33075;18124;191713;2004;24
25;Doubs;132199;143184;136829;63699;34883;510794;64509;70658;69082;34255;22011;260515;67690;72526;67747;29444;12872;250279;2004;25
26;Drôme;117164;113037;126491;64278;38106;459076;56740;56734;64460;34159;23825;235918;60424;56303;62031;30119;14281;223158;2004;26
27;Eure;152760;144838;157064;66644;38087;559393;74583;72655;78655;35448;24154;285495;78177;72183;78409;31196;13933;273898;2004;27
28;Eure-et-Loir;109687;107271;115392;51234;33224;416808;53481;53244;57630;26890;20370;211615;56206;54027;57762;24344;12854;205193;2004;28
29;Finistère;210242;218311;237237;125898;81880;873568;102210;106244;118244;70267;54006;450971;108032;112067;118993;55631;27874;422597;2004;29
30;Gard;163866;160872;186296;95979;57609;664622;80116;81633;95317;50908;35891;343865;83750;79239;90979;45071;21718;320757;2004;30
31;Haute-Garonne;279851;352406;303388;129761;78300;1143706;137498;175739;154518;69487;49762;587004;142353;176667;148870;60274;28538;556702;2004;31
32;Gers;36938;37523;51274;31290;21490;178515;18057;18619;25625;16159;12842;91302;18881;18904;25649;15131;8648;87213;2004;32
33;Gironde;326702;380550;374980;168182;110811;1361225;160568;193329;192997;90879;71881;709654;166134;187221;181983;77303;38930;651571;2004;33
34;Hérault;234901;261290;254210;135014;83061;968476;115280;134872;133329;71932;51620;507033;119621;126418;120881;63082;31441;461443;2004;34
35;Ille-et-Vilaine;242483;267557;236705;109009;66157;921911;118965;132768;119452;58820;42556;472561;123518;134789;117253;50189;23601;449350;2004;35
36;Indre;49029;52777;64534;39031;26840;232211;24124;25952;31994;20723;16667;119460;24905;26825;32540;18308;10173;112751;2004;36
37;Indre-et-Loire;140806;151146;154285;76039;49979;572255;69154;76763;78855;40777;31453;297002;71652;74383;75430;35262;18526;275253;2004;37
38;Isère;306385;323486;305929;136469;73628;1145897;148744;159975;154695;72045;46755;582214;157641;163511;151234;64424;26873;563683;2004;38
39;Jura;63286;62164;70020;36304;23762;255536;30776;30785;34867;19127;14949;130504;32510;31379;35153;17177;8813;125032;2004;39
40;Landes;77909;81569;99837;56807;35705;351827;37540;40244;50513;29981;22580;180858;40369;41325;49324;26826;13125;170969;2004;40
41;Loir-et-Cher;75200;76403;88250;48623;33332;321808;36913;37933;44112;25948;20275;165181;38287;38470;44138;22675;13057;156627;2004;41
42;Loire;181733;186156;198560;104531;66317;737297;88295;92766;101024;56643;42962;381690;93438;93390;97536;47888;23355;355607;2004;42
43;Haute-Loire;50818;51528;59830;32987;21002;216165;24503;25270;29070;17559;13581;109983;26315;26258;30760;15428;7421;106182;2004;43
44;Loire-Atlantique;315981;331897;323914;144487;87195;1203474;154506;165113;164338;79361;56789;620107;161475;166784;159576;65126;30406;583367;2004;44
45;Loiret;164309;169415;172423;79765;50795;636707;80128;84462;87128;42044;31416;325178;84181;84953;85295;37721;19379;311529;2004;45
46;Lot;34330;35233;47269;29848;20193;166873;16661;17499;23610;15641;12455;85866;17669;17734;23659;14207;7738;81007;2004;46
47;Lot-et-Garonne;70167;71570;87966;51918;35251;316872;34103;35885;44887;27470;21782;164127;36064;35685;43079;24448;13469;152745;2004;47
48;Lozère;16527;18313;21156;11665;8123;75784;7796;8908;10154;5924;4879;37661;8731;9405;11002;5741;3244;38123;2004;48
49;Maine-et-Loire;202546;203823;197417;92126;60341;756253;99531;101788;99773;49944;37670;388706;103015;102035;97644;42182;22671;367547;2004;49
50;Manche;121036;116189;132338;73074;46971;489608;59104;57295;65259;39182;30042;250882;61932;58894;67079;33892;16929;238726;2004;50
51;Marne;145135;160367;153964;65643;40403;565512;70822;79532;78230;35732;26321;290637;74313;80835;75734;29911;14082;274875;2004;51
52;Haute-Marne;45700;45749;53317;27566;17463;189795;22145;22290;26371;14763;11046;96615;23555;23459;26946;12803;6417;93180;2004;52
53;Mayenne;76440;74516;77573;39764;26520;294813;37132;36124;38591;21278;16507;149632;39308;38392;38982;18486;10013;145181;2004;53
54;Meurthe-et-Moselle;182970;202507;193557;90293;52407;721734;89185;100621;98290;49338;34204;371638;93785;101886;95267;40955;18203;350096;2004;54
55;Meuse;48815;48432;53772;25967;16390;193376;23490;23418;26258;13880;10590;97636;25325;25014;27514;12087;5800;95740;2004;55
56;Morbihan;164331;165914;186801;102093;60233;679372;79343;80703;94139;55821;38822;348828;84988;85211;92662;46272;21411;330544;2004;56
57;Moselle;257240;281618;290467;136134;67175;1032634;125370;138850;145363;72577;43673;525833;131870;142768;145104;63557;23502;506801;2004;57
58;Nièvre;46969;48150;63030;38473;26428;223050;22956;23771;31712;20622;16713;115774;24013;24379;31318;17851;9715;107276;2004;58
59;Nord;725701;727365;664292;278455;165225;2561038;354177;365654;339414;156742;109522;1325509;371524;361711;324878;121713;55703;1235529;2004;59
60;Oise;220878;215707;220103;83504;44815;785007;107529;107640;109742;44259;28732;397902;113349;108067;110361;39245;16083;387105;2004;60
61;Orne;71351;68887;80119;44137;28558;293052;34602;33815;39968;23498;18031;149914;36749;35072;40151;20639;10527;143138;2004;61
62;Pas-de-Calais;401299;384079;388402;170437;105293;1449510;195441;192108;195547;96782;69971;749849;205858;191971;192855;73655;35322;699661;2004;62
63;Puy-de-Dôme;139962;165282;174963;85033;52208;617448;68407;82229;88289;45793;33952;318670;71555;83053;86674;39240;18256;298778;2004;63
64;Pyrénées-Atlantiques;140231;154563;173608;95080;62187;625669;68119;76362;88884;51241;39885;324491;72112;78201;84724;43839;22302;301178;2004;64
65;Hautes-Pyrénées;47541;50785;65085;37850;24871;226132;22966;25191;33027;20199;15853;117236;24575;25594;32058;17651;9018;108896;2004;65
66;Pyrénées-Orientales;95065;98049;111165;70239;45302;419820;46632;50386;58196;37765;27961;220940;48433;47663;52969;32474;17341;198880;2004;66
67;Bas-Rhin;268402;310146;289038;129088;66600;1063274;131845;155333;144201;68879;45088;545346;136557;154813;144837;60209;21512;517928;2004;67
68;Haut-Rhin;184996;198345;202992;93769;47769;727871;90412;98267;100675;49455;31699;370508;94584;100078;102317;44314;16070;357363;2004;68
69;Rhône;428999;487139;418485;193763;112490;1640876;211353;247913;215940;104334;73682;853222;217646;239226;202545;89429;38808;787654;2004;69
70;Haute-Saône;58085;57884;66011;32217;19794;233991;28084;28364;32539;16783;12517;118287;30001;29520;33472;15434;7277;115704;2004;70
71;Saône-et-Loire;124971;127151;154481;84609;56448;547660;60426;62949;77459;45538;35321;281693;64545;64202;77022;39071;21127;265967;2004;71
72;Sarthe;138782;139474;145701;73916;48397;546270;67875;68787;73024;39812;30036;279534;70907;70687;72677;34104;18361;266736;2004;72
73;Savoie;98158;105373;109249;51108;29980;393868;47019;51989;54548;27362;19383;200301;51139;53384;54701;23746;10597;193567;2004;73
74;Haute-Savoie;177621;189647;190521;78046;40920;676755;85591;93797;96063;41422;26174;343047;92030;95850;94458;36624;14746;333708;2004;74
75;Paris;425154;774514;562437;239200;160627;2161932;210974;397740;294431;133654;106937;1143736;214180;376774;268006;105546;53690;1018196;2004;75
76;Seine-Maritime;329189;333592;336389;151035;92193;1242398;161768;168036;171930;83384;59571;644689;167421;165556;164459;67651;32622;597709;2004;76
77;Seine-et-Marne;362946;355437;352019;117438;61025;1248865;177734;180389;176932;61531;39744;636330;185212;175048;175087;55907;21281;612535;2004;77
78;Yvelines;388266;384498;388988;148651;72742;1383145;189204;193130;199097;77724;46573;705728;199062;191368;189891;70927;26169;677417;2004;78
79;Deux-Sèvres;83388;86432;97966;51935;35193;354914;40235;42676;48951;27060;21066;179988;43153;43756;49015;24875;14127;174926;2004;79
80;Somme;145989;153400;150194;68863;43492;561938;71547;76905;75794;37726;27470;289442;74442;76495;74400;31137;16022;272496;2004;80
81;Tarn;80180;81758;99096;57345;40016;358395;39059;40897;50440;30505;24710;185611;41121;40861;48656;26840;15306;172784;2004;81
82;Tarn-et-Garonne;52255;52585;60916;32705;21855;220316;25477;26252;30421;17315;13416;112881;26778;26333;30495;15390;8439;107435;2004;82
83;Var;220702;223204;261210;158026;95603;958745;107679;112116;135505;83785;59273;498358;113023;111088;125705;74241;36330;460387;2004;83
84;Vaucluse;133447;130606;143060;73338;42947;523398;64809;66174;73485;39150;26928;270546;68638;64432;69575;34188;16019;252852;2004;84
85;Vendée;138464;142383;157108;88273;52746;578974;67527;69504;78376;46572;32987;294966;70937;72879;78732;41701;19759;284008;2004;85
86;Vienne;97675;111275;109337;56099;37930;412316;48211;56251;55037;29347;23356;212202;49464;55024;54300;26752;14574;200114;2004;86
87;Haute-Vienne;76360;91570;100877;54490;39225;362522;37371;46085;51107;29154;24796;188513;38989;45485;49770;25336;14429;174009;2004;87
88;Vosges;94476;93391;106624;52945;32956;380392;45754;45677;53356;28752;21722;195261;48722;47714;53268;24193;11234;185131;2004;88
89;Yonne;81280;79757;93641;49043;34003;337724;39749;39594;46881;26062;21193;173479;41531;40163;46760;22981;12810;164245;2004;89
90;Territoire de Belfort;35804;38957;38195;17122;10079;140157;17215;18341;19131;9250;6598;70535;18589;20616;19064;7872;3481;69622;2004;90
91;Essonne;329952;339030;325717;124497;59018;1178214;161487;169484;165153;65545;38246;599915;168465;169546;160564;58952;20772;578299;2004;91
92;Hauts-de-Seine;374371;480531;390511;157696;100459;1503568;183991;245915;203650;86421;66191;786168;190380;234616;186861;71275;34268;717400;2004;92
93;Seine-Saint-Denis;423538;445687;382755;137770;68331;1458081;208302;227565;192942;72100;44486;745395;215236;218122;189813;65670;23845;712686;2004;93
94;Val-de-Marne;330222;386990;344177;135513;79255;1276157;162009;197702;176211;74060;51964;661946;168213;189288;167966;61453;27291;614211;2004;94
95;Val-d'Oise;336520;327161;317238;105609;53800;1140328;164447;167521;162067;55793;35426;585254;172073;159640;155171;49816;18374;555074;2004;95
2A;Corse-du-Sud;28582;31806;37208;21128;11889;130613;13647;16357;18841;11073;7510;67428;14935;15449;18367;10055;4379;63185;2004;201
2B;Haute-Corse;33155;39805;42786;23699;13914;153359;16128;19946;21429;12229;8758;78490;17027;19859;21357;11470;5156;74869;2004;202
971;Guadeloupe;124310;107600;103377;40302;21403;396992;60826;58339;55345;21968;12911;209389;63484;49261;48032;18334;8492;187603;2004;971
972;Martinique;116061;104798;105488;44899;22606;393852;57634;56757;56740;24342;14076;209549;58427;48041;48748;20557;8530;184303;2004;972
973;Guyane;86674;57302;38022;7951;3218;193167;42834;29864;18425;3872;1872;96867;43840;27438;19597;4079;1346;96300;2004;973
974;La Réunion;274589;230017;176332;57948;22744;761630;134832;119883;90337;31159;14364;390575;139757;110134;85995;26789;8380;371055;2004;974
01;Ain;147793;146212;149722;63598;35811;543136;72098;72502;74080;32932;22616;274228;75695;73710;75642;30666;13195;268908;2003;1
02;Aisne;144481;137507;145834;68038;40791;536651;70943;68276;72610;37268;26086;275183;73538;69231;73224;30770;14705;261468;2003;2
03;Allier;72268;79277;95675;57415;39370;344005;35145;39174;48352;31361;24761;178793;37123;40103;47323;26054;14609;165212;2003;3
04;Alpes-de-Haute-Provence;34680;33509;41594;23913;14274;147970;16875;16932;20940;12486;8713;75946;17805;16577;20654;11427;5561;72024;2003;4
05;Hautes-Alpes;30599;30658;35604;18318;11542;126721;14880;15304;17753;9563;7128;64628;15719;15354;17851;8755;4414;62093;2003;5
06;Alpes-Maritimes;230731;258401;276196;164039;115062;1044429;112266;133204;144544;89696;73828;553538;118465;125197;131652;74343;41234;490891;2003;6
07;Ardèche;69817;70618;82226;45482;28817;296960;33824;34964;40874;23846;18050;151558;35993;35654;41352;21636;10767;145402;2003;7
08;Ardennes;75757;74470;77812;38437;21344;287820;36876;36704;38624;20842;13773;146819;38881;37766;39188;17595;7571;141001;2003;8
09;Ariège;30602;31801;39848;23488;16304;142043;14763;15758;19733;12326;9952;72532;15839;16043;20115;11162;6352;69511;2003;9
10;Aube;74399;76576;80822;39617;24880;296294;36376;38052;40474;21423;15832;152157;38023;38524;40348;18194;9048;144137;2003;10
11;Aude;73332;76226;88796;53321;34816;326491;35773;38228;45248;28189;21248;168686;37559;37998;43548;25132;13568;157805;2003;11
12;Aveyron;56084;61395;73071;46666;31898;269114;27047;29831;35891;24643;19708;137120;29037;31564;37180;22023;12190;131994;2003;12
13;Bouches-du-Rhône;471297;514168;508542;249014;148323;1891344;229899;264115;263757;134105;94764;986640;241398;250053;244785;114909;53559;904704;2003;13
14;Calvados;172455;179159;176608;83814;49462;661498;85267;90078;89831;46498;32074;343748;87188;89081;86777;37316;17388;317750;2003;14
15;Cantal;30144;35032;42512;25471;16959;150118;14716;17079;20815;13540;10609;76759;15428;17953;21697;11931;6350;73359;2003;15
16;Charente;77092;82198;96779;53086;34739;343894;37561;40979;48827;28098;21827;177292;39531;41219;47952;24988;12912;166602;2003;16
17;Charente-Maritime;129184;135839;159185;95084;60585;579877;62772;67781;81521;50733;37409;300216;66412;68058;77664;44351;23176;279661;2003;17
18;Cher;72339;74842;87982;49106;30512;314781;35416;37134;43883;26001;19271;161705;36923;37708;44099;23105;11241;153076;2003;18
19;Corrèze;47328;54223;65721;40651;28882;236805;22699;26086;32768;21926;18249;121728;24629;28137;32953;18725;10633;115077;2003;19
21;Côte-d'Or;127726;142828;138240;63885;39912;512591;63002;72389;69882;34318;25515;265106;64724;70439;68358;29567;14397;247485;2003;21
22;Côtes-d'Armor;129964;128531;150834;91765;56737;557831;63193;62932;75447;50091;36606;288269;66771;65599;75387;41674;20131;269562;2003;22
23;Creuse;23375;25937;33993;23103;17389;123797;11358;12510;16652;12267;10693;63480;12017;13427;17341;10836;6696;60317;2003;23
24;Dordogne;81914;86526;111355;70146;46964;396905;40024;43327;56376;36999;29181;205907;41890;43199;54979;33147;17783;190998;2003;24
25;Doubs;132202;144055;134833;63548;33894;508532;64537;71195;67941;34170;21538;259381;67665;72860;66892;29378;12356;249151;2003;25
26;Drôme;116554;113548;124082;63515;37003;454702;56460;56884;63152;33799;23164;233459;60094;56664;60930;29716;13839;221243;2003;26
27;Eure;152474;145877;154145;66161;37165;555822;74470;72960;77077;35188;23665;283360;78004;72917;77068;30973;13500;272462;2003;27
28;Eure-et-Loir;109834;107885;113556;51404;32353;415032;53638;53493;56564;27128;19857;210680;56196;54392;56992;24276;12496;204352;2003;28
29;Finistère;209465;220709;232676;126975;79380;869205;101981;107198;115816;71069;52524;448588;107484;113511;116860;55906;26856;420617;2003;29
30;Gard;161980;161126;182186;94502;56098;655892;79297;81635;92982;50177;34967;339058;82683;79491;89204;44325;21131;316834;2003;30
31;Haute-Garonne;273340;350120;295453;127508;76357;1122778;134164;175050;150514;68402;48400;576530;139176;175070;144939;59106;27957;546248;2003;31
32;Gers;36607;37996;50251;31395;20936;177185;17889;18800;25102;16178;12595;90564;18718;19196;25149;15217;8341;86621;2003;32
33;Gironde;322640;380833;367678;166820;107797;1345768;158485;193525;188967;90366;69929;701272;164155;187308;178711;76454;37868;644496;2003;33
34;Hérault;230518;260772;248575;132418;80582;952865;113008;134703;130021;70787;50149;498668;117510;126069;118554;61631;30433;454197;2003;34
35;Ille-et-Vilaine;238965;267285;231198;108769;64150;910367;117188;132786;116702;58715;41510;466901;121777;134499;114496;50054;22640;443466;2003;35
36;Indre;49026;53780;63606;39395;26348;232155;24108;26377;31432;20976;16386;119279;24918;27403;32174;18419;9962;112876;2003;36
37;Indre-et-Loire;140031;152409;151982;75569;48774;568765;68832;77511;77507;40593;30709;295152;71199;74898;74475;34976;18065;273613;2003;37
38;Isère;303263;324776;300862;134690;71489;1135080;147281;160799;151721;71277;45482;576560;155982;163977;149141;63413;26007;558520;2003;38
39;Jura;63292;63003;68935;36334;23127;254691;30703;31171;34290;19242;14558;129964;32589;31832;34645;17092;8569;124727;2003;39
40;Landes;76746;81885;97085;56379;34525;346620;36978;40284;49098;29862;21855;178077;39768;41601;47987;26517;12670;168543;2003;40
41;Loir-et-Cher;75016;77313;86666;48955;32586;320536;36807;38363;43286;26125;19846;164427;38209;38950;43380;22830;12740;156109;2003;41
42;Loire;182022;187869;196322;104772;64795;735780;88644;93554;99651;57169;41963;380981;93378;94315;96671;47603;22832;354799;2003;42
43;Haute-Loire;50440;51997;58425;33325;20408;214595;24320;25387;28382;17799;13236;109124;26120;26610;30043;15526;7172;105471;2003;43
44;Loire-Atlantique;312602;331424;317124;143554;84453;1189157;152809;164981;160946;79065;55106;612907;159793;166443;156178;64489;29347;576250;2003;44
45;Loiret;163580;170342;169841;79594;49662;633019;79760;85072;85542;42176;30761;323311;83820;85270;84299;37418;18901;309708;2003;45
46;Lot;34094;35616;46192;29826;19765;165493;16531;17668;23091;15617;12196;85103;17563;17948;23101;14209;7569;80390;2003;46
47;Lot-et-Garonne;70029;71853;86422;51978;34139;314421;34080;36008;44058;27542;21100;162788;35949;35845;42364;24436;13039;151633;2003;47
48;Lozère;16411;18496;20716;11685;8006;75314;7808;8937;9893;5975;4818;37431;8603;9559;10823;5710;3188;37883;2003;48
49;Maine-et-Loire;201628;205357;193648;92248;58827;751708;99114;102596;97733;50063;36954;386460;102514;102761;95915;42185;21873;365248;2003;49
50;Manche;121686;118029;129459;73890;45196;488260;59510;58002;63793;39815;28917;250037;62176;60027;65666;34075;16279;238223;2003;50
51;Marne;145884;162557;151992;65884;39513;565830;71147;80708;77057;35874;25800;290586;74737;81849;74935;30010;13713;275244;2003;51
52;Haute-Marne;46529;46856;52581;27896;17045;190907;22536;22793;25997;14964;10790;97080;23993;24063;26584;12932;6255;93827;2003;52
53;Mayenne;76203;75064;75958;40099;25798;293122;36959;36476;37714;21503;16109;148761;39244;38588;38244;18596;9689;144361;2003;53
54;Meurthe-et-Moselle;183151;204494;190615;91510;50868;720638;89393;101797;96632;50105;33290;371217;93758;102697;93983;41405;17578;349421;2003;54
55;Meuse;49183;48905;52617;26567;16049;193321;23671;23587;25763;14238;10365;97624;25512;25318;26854;12329;5684;95697;2003;55
56;Morbihan;163287;166641;181977;101869;58072;671846;78846;81154;91564;55771;37585;344920;84441;85487;90413;46098;20487;326926;2003;56
57;Moselle;259218;285216;284398;137727;64862;1031421;126348;140672;142201;73450;42376;525047;132870;144544;142197;64277;22486;506374;2003;57
58;Nièvre;47434;49146;62271;38954;25800;223605;23177;24243;31255;20922;16367;115964;24257;24903;31016;18032;9433;107641;2003;58
59;Nord;729134;733976;654214;282437;160110;2559871;356079;368831;333447;159335;106575;1324267;373055;365145;320767;123102;53535;1235604;2003;59
60;Oise;221122;217267;216542;82819;43712;781462;107591;108349;107571;44017;28070;395598;113531;108918;108971;38802;15642;385864;2003;60
61;Orne;71965;69983;78895;44584;27731;293158;34917;34313;39252;23771;17636;149889;37048;35670;39643;20813;10095;143269;2003;61
62;Pas-de-Calais;404319;387638;381118;173484;102198;1448757;197181;193383;191701;98637;68143;749045;207138;194255;189417;74847;34055;699712;2003;62
63;Puy-de-Dôme;139370;166598;173134;84759;50827;614688;68217;82987;87131;45886;33012;317233;71153;83611;86003;38873;17815;297455;2003;63
64;Pyrénées-Atlantiques;139411;155362;169962;95139;60334;620208;67743;76894;86979;51292;38818;321726;71668;78468;82983;43847;21516;298482;2003;64
65;Hautes-Pyrénées;47472;51820;64102;37698;24319;225411;22936;25654;32516;20213;15520;116839;24536;26166;31586;17485;8799;108572;2003;65
66;Pyrénées-Orientales;93479;98029;108273;69868;44307;413956;45846;50251;56593;37596;27364;217650;47633;47778;51680;32272;16943;196306;2003;66
67;Bas-Rhin;267045;312644;282832;128541;64828;1055890;131091;156518;140812;68824;44149;541394;135954;156126;142020;59717;20679;514496;2003;67
68;Haut-Rhin;184908;199933;199154;93713;45977;723685;90448;99012;98635;49632;30737;368464;94460;100921;100519;44081;15240;355221;2003;68
69;Rhône;425834;487209;413278;192478;109352;1628151;209901;247890;212926;103964;71965;846646;215933;239319;200352;88514;37387;781505;2003;69
70;Haute-Saône;58229;58392;64842;32392;19354;233209;28146;28561;31974;16900;12250;117831;30083;29831;32868;15492;7104;115378;2003;70
71;Saône-et-Loire;125604;129146;152256;85249;55277;547532;60815;63739;76223;45932;34779;281488;64789;65407;76033;39317;20498;266044;2003;71
72;Sarthe;137792;140770;143100;74182;47193;543037;67344;69393;71693;39968;29321;277719;70448;71377;71407;34214;17872;265318;2003;72
73;Savoie;97337;105706;106857;50695;28949;389544;46793;52188;53305;27154;18768;198208;50544;53518;53552;23541;10181;191336;2003;73
74;Haute-Savoie;175857;189470;185809;76352;39672;667160;84861;93712;93495;40634;25429;338131;90996;95758;92314;35718;14243;329029;2003;74
75;Paris;421482;775126;559029;238077;160807;2154521;209199;398145;292511;133528;107301;1140684;212283;376981;266518;104549;53506;1013837;2003;75
76;Seine-Maritime;331079;337704;332321;151106;89892;1242102;162525;170129;169361;83692;58303;644010;168554;167575;162960;67414;31589;598092;2003;76
77;Seine-et-Marne;361293;355631;345591;115289;59711;1237515;176879;180230;173322;60627;38914;629972;184414;175401;172269;54662;20797;607543;2003;77
78;Yvelines;387528;387169;385860;146114;70589;1377260;188831;194594;196897;76584;45397;702303;198697;192575;188963;69530;25192;674957;2003;78
79;Deux-Sèvres;83202;87017;96115;52101;34535;352970;40211;42853;47969;27175;20711;178919;42991;44164;48146;24926;13824;174051;2003;79
80;Somme;145964;155418;147868;69365;42351;560966;71527;77938;74446;38036;26818;288765;74437;77480;73422;31329;15533;272201;2003;80
81;Tarn;79384;82380;97123;57540;38816;355243;38621;41168;49367;30708;23913;183777;40763;41212;47756;26832;14903;171466;2003;81
82;Tarn-et-Garonne;51398;52562;59377;32666;21289;217292;25064;26173;29657;17266;13108;111268;26334;26389;29720;15400;8181;106024;2003;82
83;Var;219020;223518;255462;155572;92700;946272;106890;112345;132203;82697;57517;491652;112130;111173;123259;72875;35183;454620;2003;83
84;Vaucluse;132551;131128;140586;72244;41811;518320;64467;66366;72126;38572;26307;267838;68084;64762;68460;33672;15504;250482;2003;84
85;Vendée;136991;142263;152566;87669;51162;570651;66822;69280;76118;46300;32050;290570;70169;72983;76448;41369;19112;280081;2003;85
86;Vienne;96856;112071;107470;56141;37193;409731;47865;56687;54017;29469;22941;210979;48991;55384;53453;26672;14252;198752;2003;86
87;Haute-Vienne;75828;92427;99563;54755;38176;360749;37094;46620;50387;29411;24134;187646;38734;45807;49176;25344;14042;173103;2003;87
88;Vosges;95208;94993;104771;53612;32055;380639;46131;46445;52297;29221;21191;195285;49077;48548;52474;24391;10864;185354;2003;88
89;Yonne;81627;80766;91953;49393;33290;337029;39864;39980;45879;26300;20777;172800;41763;40786;46074;23093;12513;164229;2003;89
90;Territoire de Belfort;35767;39235;37607;17203;9738;139550;17256;18480;18807;9321;6400;70264;18511;20755;18800;7882;3338;69286;2003;90
91;Essonne;327713;340363;321759;122449;57256;1169540;160503;170074;162787;64520;37314;595198;167210;170289;158972;57929;19942;574342;2003;91
92;Hauts-de-Seine;369246;479197;384062;157655;98445;1488605;181496;245331;199753;86654;64924;778158;187750;233866;184309;71001;33521;710447;2003;92
93;Seine-Saint-Denis;418759;442888;376521;137957;66804;1442929;205872;226086;189096;72677;43677;737408;212887;216802;187425;65280;23127;705521;2003;93
94;Val-de-Marne;327087;387536;338967;135318;77782;1266690;160550;197645;173304;74247;51100;656846;166537;189891;165663;61071;26682;609844;2003;94
95;Val-d'Oise;335448;327771;312731;104858;52206;1133014;164025;167718;159063;55676;34499;580981;171423;160053;153668;49182;17707;552033;2003;95
2A;Corse-du-Sud;28517;31548;36007;20741;11285;128098;13626;16273;18152;10877;7169;66097;14891;15275;17855;9864;4116;62001;2003;201
2B;Haute-Corse;32995;39485;41644;23305;13500;150929;16037;19832;20743;12075;8496;77183;16958;19653;20901;11230;5004;73746;2003;202
971;Guadeloupe;124827;110318;99649;39550;20537;394881;61065;59440;53203;21639;12383;207730;63762;50878;46446;17911;8154;187151;2003;971
972;Martinique;116619;107397;101527;44169;21964;391676;57928;57933;54406;24051;13623;207941;58691;49464;47121;20118;8341;183735;2003;972
973;Guyane;82791;55435;36028;7497;3041;184792;40920;28828;17333;3654;1784;92519;41871;26607;18695;3843;1257;92273;2003;973
974;La Réunion;273105;231657;168327;56076;21675;750840;134196;120167;86162;30167;13774;384466;138909;111490;82165;25909;7901;366374;2003;974
01;Ain;146640;145248;146194;62718;34816;535616;71556;71896;72296;32544;22019;270311;75084;73352;73898;30174;12797;265305;2002;1
02;Aisne;145835;138617;143369;69349;39614;536784;71580;68782;71213;37942;25425;274942;74255;69835;72156;31407;14189;261842;2002;2
03;Allier;72876;80217;94450;58224;38588;344355;35514;39644;47695;31858;24309;179020;37362;40573;46755;26366;14279;165335;2002;3
04;Alpes-de-Haute-Provence;34434;33536;40312;23687;13781;145750;16693;16952;20207;12323;8472;74647;17741;16584;20105;11364;5309;71103;2002;4
05;Hautes-Alpes;30512;30821;34593;18193;11168;125287;14837;15361;17240;9531;6892;63861;15675;15460;17353;8662;4276;61426;2002;5
06;Alpes-Maritimes;228456;258535;271996;163015;113269;1035271;111310;133299;142317;89415;72786;549127;117146;125236;129679;73600;40483;486144;2002;6
07;Ardèche;69532;70727;80333;45377;27953;293922;33736;34903;39889;23870;17599;149997;35796;35824;40444;21507;10354;143925;2002;7
08;Ardennes;76907;75282;76507;39230;20594;288520;37421;37038;37910;21308;13324;147001;39486;38244;38597;17922;7270;141519;2002;8
09;Ariège;30437;31910;38731;23662;15941;140681;14681;15794;19108;12459;9726;71768;15756;16116;19623;11203;6215;68913;2002;9
10;Aube;74831;77082;79478;39798;24230;295419;36681;38226;39710;21601;15461;151679;38150;38856;39768;18197;8769;143740;2002;10
11;Aude;72474;75956;86233;53232;34077;321972;35430;37911;43861;28259;20723;166184;37044;38045;42372;24973;13354;155788;2002;11
12;Aveyron;56147;61762;71448;47178;31231;267766;27121;29883;35143;24863;19332;136342;29026;31879;36305;22315;11899;131424;2002;12
13;Bouches-du-Rhône;468318;514714;502316;246704;144258;1876310;228477;263911;259799;133095;92218;977500;239841;250803;242517;113609;52040;898810;2002;13
14;Calvados;172549;180520;173396;84001;47723;658189;85343;90700;87965;46623;31091;341722;87206;89820;85431;37378;16632;316467;2002;14
15;Cantal;30462;35497;41727;25922;16573;150181;14837;17317;20347;13808;10365;76674;15625;18180;21380;12114;6208;73507;2002;15
16;Charente;77747;82942;94904;53465;33954;343012;37882;41266;47828;28318;21396;176690;39865;41676;47076;25147;12558;166322;2002;16
17;Charente-Maritime;128884;135663;155569;95081;58620;573817;62708;67590;79520;50873;36162;296853;66176;68073;76049;44208;22458;276964;2002;17
18;Cher;72858;75714;86767;49498;30050;314887;35580;37494;43186;26268;19008;161536;37278;38220;43581;23230;11042;153351;2002;18
19;Corrèze;47382;54390;64536;41146;28321;235775;22794;26172;32138;22281;17846;121231;24588;28218;32398;18865;10475;114544;2002;19
21;Côte-d'Or;127683;144366;136277;64014;38857;511197;62999;73371;68703;34404;24917;264394;64684;70995;67574;29610;13940;246803;2002;21
22;Côtes-d'Armor;129699;128691;147567;92596;55003;553556;63138;62871;73725;50683;35701;286118;66561;65820;73842;41913;19302;267438;2002;22
23;Creuse;23559;26276;33345;23684;17089;123953;11420;12700;16249;12575;10561;63505;12139;13576;17096;11109;6528;60448;2002;23
24;Dordogne;81905;87190;109029;70740;45883;394747;39982;43581;55133;37317;28538;204551;41923;43609;53896;33423;17345;190196;2002;24
25;Doubs;132757;144212;133078;63404;32790;506241;64857;71418;66959;34089;20952;258275;67900;72794;66119;29315;11838;247966;2002;25
26;Drôme;116353;113382;121595;62807;36077;450214;56464;56822;61713;33416;22642;231057;59889;56560;59882;29391;13435;219157;2002;26
27;Eure;152816;146123;151118;66165;35989;552211;74727;72931;75333;35263;22983;281237;78089;73192;75785;30902;13006;270974;2002;27
28;Eure-et-Loir;110670;107738;111688;51635;31394;413125;54146;53302;55562;27266;19350;209626;56524;54436;56126;24369;12044;203499;2002;28
29;Finistère;209649;222327;227343;128604;77083;865006;102135;107719;113141;72053;51150;446198;107514;114608;114202;56551;25933;418808;2002;29
30;Gard;160426;160410;177998;93627;54515;646976;78588;81121;90656;49809;34024;334198;81838;79289;87342;43818;20491;312778;2002;30
31;Haute-Garonne;266946;347598;287191;126138;74541;1102414;130865;174254;146383;67732;47145;566379;136081;173344;140808;58406;27396;536035;2002;31
32;Gers;36445;38413;49119;31553;20519;176049;17752;18945;24550;16274;12282;89803;18693;19468;24569;15279;8237;86246;2002;32
33;Gironde;319508;379542;359538;166651;104856;1330095;156943;192992;184523;90535;68079;693072;162565;186550;175015;76116;36777;637023;2002;33
34;Hérault;226354;259290;242606;130406;78331;936987;110821;134038;126585;69875;48756;490075;115533;125252;116021;60531;29575;446912;2002;34
35;Ille-et-Vilaine;236272;265985;225454;109295;61903;898909;115702;132331;113795;59055;40337;461220;120570;133654;111659;50240;21566;437689;2002;35
36;Indre;49181;54387;62687;39825;25786;231866;24133;26604;30984;21238;16060;119019;25048;27783;31703;18587;9726;112847;2002;36
37;Indre-et-Loire;139333;153323;149281;75409;47540;564886;68459;78140;76014;40531;29922;293066;70874;75183;73267;34878;17618;271820;2002;37
38;Isère;300995;324375;295951;133497;69367;1124185;146280;160616;149005;70847;44247;570995;154715;163759;146946;62650;25120;553190;2002;38
39;Jura;63541;63421;67822;36416;22675;253875;30819;31271;33683;19346;14283;129402;32722;32150;34139;17070;8392;124473;2002;39
40;Landes;75924;81692;94205;56219;33416;341456;36655;40090;47582;29884;21184;175395;39269;41602;46623;26335;12232;166061;2002;40
41;Loir-et-Cher;75144;77785;84896;49499;31820;319144;36791;38492;42400;26424;19457;163564;38353;39293;42496;23075;12363;155580;2002;41
42;Loire;182980;188666;194092;105464;63065;734267;89276;93905;98379;57725;40876;380161;93704;94761;95713;47739;22189;354106;2002;42
43;Haute-Loire;50324;52105;57257;33534;20026;213246;24327;25356;27812;17956;12938;108389;25997;26749;29445;15578;7088;104857;2002;43
44;Loire-Atlantique;310188;329687;309733;143753;81131;1174492;151801;164129;157166;79346;53168;605610;158387;165558;152567;64407;27963;568882;2002;44
45;Loiret;163640;170266;167014;79841;48309;629070;79837;85185;83885;42364;30018;321289;83803;85081;83129;37477;18291;307781;2002;45
46;Lot;34103;35791;44984;29983;19215;164076;16582;17759;22471;15691;11852;84355;17521;18032;22513;14292;7363;79721;2002;46
47;Lot-et-Garonne;69970;72072;84620;52114;33208;311984;34114;36097;43138;27576;20573;161498;35856;35975;41482;24538;12635;150486;2002;47
48;Lozère;16428;18511;20253;11757;7908;74857;7861;8888;9672;6010;4795;37226;8567;9623;10581;5747;3113;37631;2002;48
49;Maine-et-Loire;201883;205851;189624;92508;57223;747089;99137;102844;95629;50150;36159;383919;102746;103007;93995;42358;21064;363170;2002;49
50;Manche;122696;119359;126204;74870;43415;486544;60026;58513;62115;40480;27828;248962;62670;60846;64089;34390;15587;237582;2002;50
51;Marne;146962;164089;150085;66237;38409;565782;71724;81541;75965;36111;25055;290396;75238;82548;74120;30126;13354;275386;2002;51
52;Haute-Marne;47595;47545;51895;28265;16614;191914;23042;23151;25565;15208;10527;97493;24553;24394;26330;13057;6087;94421;2002;52
53;Mayenne;76179;75308;74162;40609;24868;291126;36926;36507;36843;21716;15706;147698;39253;38801;37319;18893;9162;143428;2002;53
54;Meurthe-et-Moselle;183943;205699;187698;92708;49151;719199;89766;102503;95014;50886;32352;370521;94177;103196;92684;41822;16799;348678;2002;54
55;Meuse;49654;49235;51489;27235;15699;193312;23949;23715;25213;14598;10180;97655;25705;25520;26276;12637;5519;95657;2002;55
56;Morbihan;163052;166365;176666;102231;55980;664294;78796;80999;88783;56018;36409;341005;84256;85366;87883;46213;19571;323289;2002;56
57;Moselle;262144;287268;279555;138358;62311;1029636;127894;141572;139649;73966;40805;523886;134250;145696;139906;64392;21506;505750;2002;57
58;Nièvre;48033;49910;61467;39572;25157;224139;23423;24581;30786;21327;16008;116125;24610;25329;30681;18245;9149;108014;2002;58
59;Nord;734623;737249;643109;288037;155195;2558213;358883;370432;326819;162833;103660;1322627;375740;366817;316290;125204;51535;1235586;2002;59
60;Oise;222118;217793;212607;82583;42511;777612;107961;108498;105354;44042;27241;393096;114157;109295;107253;38541;15270;384516;2002;60
61;Orne;72837;70715;77555;45158;26803;293068;35361;34606;38559;24127;17084;149737;37476;36109;38996;21031;9719;143331;2002;61
62;Pas-de-Calais;408584;388861;373530;177682;98707;1447364;199390;193543;187667;101143;66104;747847;209194;195318;185863;76539;32603;699517;2002;62
63;Puy-de-Dôme;139383;167395;170970;85107;49163;612018;68175;83399;85968;46255;31929;315726;71208;83996;85002;38852;17234;296292;2002;63
64;Pyrénées-Atlantiques;138979;155907;166058;95318;58588;614850;67463;77311;84917;51498;37771;318960;71516;78596;81141;43820;20817;295890;2002;64
65;Hautes-Pyrénées;47576;52405;63088;37957;23631;224657;23033;25914;31925;20446;15058;116376;24543;26491;31163;17511;8573;108281;2002;65
66;Pyrénées-Orientales;92119;97595;105272;69755;43190;407931;45155;49892;54937;37563;26702;214249;46964;47703;50335;32192;16488;193682;2002;66
67;Bas-Rhin;266593;313814;277534;127586;62778;1048305;130823;157108;137831;68569;43050;537381;135770;156706;139703;59017;19728;510924;2002;67
68;Haut-Rhin;185594;200585;196012;93215;44343;719749;90772;99297;96853;49612;29875;366409;94822;101288;99159;43603;14468;353340;2002;68
69;Rhône;423434;485671;408345;191631;106035;1615116;208408;247137;210088;104135;69759;839527;215026;238534;198257;87496;36276;775589;2002;69
70;Haute-Saône;58614;58538;63764;32562;18827;232305;28300;28588;31368;17110;11939;117305;30314;29950;32396;15452;6888;115000;2002;70
71;Saône-et-Loire;126902;130459;149862;86127;53788;547138;61481;64216;74916;46489;33984;281086;65421;66243;74946;39638;19804;266052;2002;71
72;Sarthe;137588;141224;140292;74689;45927;539720;67236;69576;70296;40147;28667;275922;70352;71648;69996;34542;17260;263798;2002;72
73;Savoie;96723;105612;104622;50282;27860;385099;46563;52206;52117;26893;18184;195963;50160;53406;52505;23389;9676;189136;2002;73
74;Haute-Savoie;174620;188356;181605;74820;38324;657725;84480;93122;91184;39936;24603;333325;90140;95234;90421;34884;13721;324400;2002;74
75;Paris;416549;774937;556427;237629;159930;2145472;206594;398501;290942;133706;107080;1136823;209955;376436;265485;103923;52850;1008649;2002;75
76;Seine-Maritime;334601;340057;327578;152363;87289;1241888;164160;171321;166331;84432;56941;643185;170441;168736;161247;67931;30348;598703;2002;76
77;Seine-et-Marne;360434;354155;338990;113866;58335;1225780;176432;179299;169503;60146;38039;623419;184002;174856;169487;53720;20296;602361;2002;77
78;Yvelines;387996;388551;382279;144083;68198;1371107;189116;195403;194427;75743;44187;698876;198880;193148;187852;68340;24011;672231;2002;78
79;Deux-Sèvres;83445;87198;94067;52559;33530;350799;40378;42816;46922;27470;20161;177747;43067;44382;47145;25089;13369;173052;2002;79
80;Somme;146707;156451;145361;70210;41191;559920;71852;78378;73070;38570;26094;287964;74855;78073;72291;31640;15097;271956;2002;80
81;Tarn;79074;82264;95179;57948;37657;352122;38423;41095;48306;30925;23179;181928;40651;41169;46873;27023;14478;170194;2002;81
82;Tarn-et-Garonne;50690;52305;57724;32752;20744;214215;24706;26046;28817;17372;12684;109625;25984;26259;28907;15380;8060;104590;2002;82
83;Var;217737;222638;249885;153585;89757;933602;106259;111867;129213;81563;55881;484783;111478;110771;120672;72022;33876;448819;2002;83
84;Vaucluse;132062;131200;138095;71340;40579;513276;64223;66517;70557;38196;25582;265075;67839;64683;67538;33144;14997;248201;2002;84
85;Vendée;136390;141332;147803;87432;49265;562222;66494;68773;73651;46277;30857;286052;69896;72559;74152;41155;18408;276170;2002;85
86;Vienne;96100;112717;105567;56328;36120;406832;47389;57042;53024;29680;22319;209454;48711;55675;52543;26648;13801;197378;2002;86
87;Haute-Vienne;75122;93020;98080;55316;37450;358988;36640;47004;49626;29749;23711;186730;38482;46016;48454;25567;13739;172258;2002;87
88;Vosges;96466;95819;103036;54334;31224;380879;46857;46733;51351;29698;20727;195366;49609;49086;51685;24636;10497;185513;2002;88
89;Yonne;82262;81124;90277;49969;32331;335963;40165;39990;44941;26594;20271;171961;42097;41134;45336;23375;12060;164002;2002;89
90;Territoire de Belfort;35896;39290;37105;17333;9410;139034;17352;18520;18509;9401;6193;69975;18544;20770;18596;7932;3217;69059;2002;90
91;Essonne;326113;340575;317794;120858;55325;1160665;159784;170167;160422;63709;36169;590251;166329;170408;157372;57149;19156;570414;2002;91
92;Hauts-de-Seine;364496;476636;377918;158274;95756;1473080;179260;243904;196045;87294;63366;769869;185236;232732;181873;70980;32390;703211;2002;92
93;Seine-Saint-Denis;414427;439638;369923;138165;65051;1427204;203663;224539;184951;73331;42625;729109;210764;215099;184972;64834;22426;698095;2002;93
94;Val-de-Marne;324496;387075;333774;135598;75572;1256515;159407;197303;170095;74763;49825;651393;165089;189772;163679;60835;25747;605122;2002;94
95;Val-d'Oise;335267;327875;307772;104379;50447;1125740;164146;167612;155853;55677;33419;576707;171121;160263;151919;48702;17028;549033;2002;95
2A;Corse-du-Sud;28464;31155;34891;20156;10996;125662;13661;16055;17535;10580;6984;64815;14803;15100;17356;9576;4012;60847;2002;201
2B;Haute-Corse;32780;39079;40640;22900;13032;148431;15916;19663;20090;11860;8301;75830;16864;19416;20550;11040;4731;72601;2002;202
971;Guadeloupe;125611;113075;95994;38679;19665;393024;61608;60446;51107;21180;11856;206197;64003;52629;44887;17499;7809;186827;2002;971
972;Martinique;117015;109998;97552;43404;21333;389302;58079;59058;52198;23648;13170;206153;58936;50940;45354;19756;8163;183149;2002;972
973;Guyane;79348;53199;34062;7143;2886;176638;39173;27572;16338;3496;1687;88266;40175;25627;17724;3647;1199;88372;2002;973
974;La Réunion;271555;232868;161116;54021;20647;740207;133424;120372;82078;29128;13224;378226;138131;112496;79038;24893;7423;361981;2002;974
01;Ain;145856;144025;142275;62270;33769;528195;71207;71228;70199;32386;21433;266453;74649;72797;72076;29884;12336;261742;2001;1
02;Aisne;147477;139639;139882;71521;38107;536626;72325;69162;69375;39100;24588;274550;75152;70477;70507;32421;13519;262076;2001;2
03;Allier;73360;81293;92804;59461;37633;344551;35785;40120;46842;32556;23825;179128;37575;41173;45962;26905;13808;165423;2001;3
04;Alpes-de-Haute-Provence;34136;33588;39043;23526;13281;143574;16577;16942;19528;12242;8137;73426;17559;16646;19515;11284;5144;70148;2001;4
05;Hautes-Alpes;30379;30909;33639;18124;10822;123873;14792;15403;16752;9501;6658;63106;15587;15506;16887;8623;4164;60767;2001;5
06;Alpes-Maritimes;226407;258351;267308;163079;111310;1026455;110199;133409;139695;89726;71605;544634;116208;124942;127613;73353;39705;481821;2001;6
07;Ardèche;69324;70794;78373;45423;27165;291079;33573;34914;38892;23870;17179;148428;35751;35880;39481;21553;9986;142651;2001;7
08;Ardennes;78106;76017;74817;40225;19876;289041;37994;37346;36971;21868;12902;147081;40112;38671;37846;18357;6974;141960;2001;8
09;Ariège;30302;31967;37566;24037;15516;139388;14641;15795;18519;12711;9450;71116;15661;16172;19047;11326;6066;68272;2001;9
10;Aube;75253;77517;77819;40303;23418;294310;36917;38259;38928;21922;14959;150985;38336;39258;38891;18381;8459;143325;2001;10
11;Aude;71769;75452;83536;53469;33323;317549;35083;37535;42381;28457;20332;163788;36686;37917;41155;25012;12991;153761;2001;11
12;Aveyron;56361;61914;69853;47789;30452;266369;27269;29779;34397;25195;18853;135493;29092;32135;35456;22594;11599;130876;2001;12
13;Bouches-du-Rhône;465133;515917;493981;246375;139542;1860948;227000;264047;254956;133072;89186;968261;238133;251870;239025;113303;50356;892687;2001;13
14;Calvados;172786;182289;169180;84556;45873;654684;85243;91668;85686;46922;30032;339551;87543;90621;83494;37634;15841;315133;2001;14
15;Cantal;30922;35960;40845;26529;16201;150457;15082;17452;19870;14128;10131;76663;15840;18508;20975;12401;6070;73794;2001;15
16;Charente;78285;83560;92963;54031;33120;341959;38134;41442;46871;28624;20881;175952;40151;42118;46092;25407;12239;166007;2001;16
17;Charente-Maritime;128498;135443;151269;95764;56643;567617;62536;67424;77240;51228;34979;293407;65962;68019;74029;44536;21664;274210;2001;17
18;Cher;73279;76698;85071;50190;29398;314636;35786;37951;42198;26720;18643;161298;37493;38747;42873;23470;10755;153338;2001;18
19;Corrèze;47446;54654;63102;41820;27545;234567;22932;26299;31427;22624;17418;120700;24514;28355;31675;19196;10127;113867;2001;19
21;Côte-d'Or;127572;146223;133417;64646;37856;509714;62910;74459;67064;34877;24298;263608;64662;71764;66353;29769;13558;246106;2001;21
22;Côtes-d'Armor;130012;128656;143574;94201;53060;549503;63458;62699;71632;51656;34566;284011;66554;65957;71942;42545;18494;265492;2001;22
23;Creuse;23708;26628;32563;24404;16792;124095;11503;12801;15826;13002;10420;63552;12205;13827;16737;11402;6372;60543;2001;23
24;Dordogne;82106;87768;106271;71651;44697;392493;40003;43799;53668;37917;27794;203181;42103;43969;52603;33734;16903;189312;2001;24
25;Doubs;133269;144708;130352;63941;31659;503929;65100;71849;65431;34318;20340;257038;68169;72859;64921;29623;11319;246891;2001;25
26;Drôme;116242;113195;118961;62412;35052;445862;56470;56627;60186;33242;22017;228542;59772;56568;58775;29170;13035;217320;2001;26
27;Eure;153229;146282;147482;66657;34852;548502;74863;72865;73375;35631;22301;279035;78366;73417;74107;31026;12551;269467;2001;27
28;Eure-et-Loir;111420;107729;109499;52223;30421;411292;54523;53291;54314;27619;18799;208546;56897;54438;55185;24604;11622;202746;2001;28
29;Finistère;209909;223662;220946;131258;74765;860540;102193;108181;109877;73571;49744;443566;107716;115481;111069;57687;25021;416974;2001;29
30;Gard;158919;159877;173188;93514;52668;638166;77806;80585;88144;49871;32829;329235;81113;79292;85044;43643;19839;308931;2001;30
31;Haute-Garonne;260282;345252;278458;125670;72478;1082140;127448;173408;141906;67639;45832;556233;132834;171844;136552;58031;26646;525907;2001;31
32;Gers;36285;38682;47774;31992;19948;174681;17675;19047;23836;16498;11952;89008;18610;19635;23938;15494;7996;85673;2001;32
33;Gironde;316191;378587;350176;167738;101975;1314667;155086;192687;179492;91245;66245;684755;161105;185900;170684;76493;35730;629912;2001;33
34;Hérault;222026;258276;235720;129788;75711;921521;108591;133722;122615;69639;47282;481849;113435;124554;113105;60149;28429;439672;2001;34
35;Ille-et-Vilaine;233329;265003;218779;110337;59975;887423;114051;132176;110300;59711;39219;455457;119278;132827;108479;50626;20756;431966;2001;35
36;Indre;49430;54961;61532;40500;25258;231681;24216;26835;30355;21603;15810;118819;25214;28126;31177;18897;9448;112862;2001;36
37;Indre-et-Loire;138593;154513;145926;75887;46232;561151;68103;78858;74118;40770;29113;290962;70490;75655;71808;35117;17119;270189;2001;37
38;Isère;298546;324137;290415;132868;67051;1113017;145168;160492;145926;70718;42864;565168;153378;163645;144489;62150;24187;547849;2001;38
39;Jura;63918;63872;66297;36812;21941;252840;31003;31496;32853;19637;13804;128793;32915;32376;33444;17175;8137;124047;2001;39
40;Landes;75284;81346;91056;56508;32276;336470;36363;39817;46024;30068;20479;172751;38921;41529;45032;26440;11797;163719;2001;40
41;Loir-et-Cher;75536;78012;83051;50228;30956;317783;37002;38457;41486;26695;19025;162665;38534;39555;41565;23533;11931;155118;2001;41
42;Loire;183908;189529;191323;106597;61171;732528;89905;94186;96861;58588;39734;379274;94003;95343;94462;48009;21437;353254;2001;42
43;Haute-Loire;50463;52125;55816;33932;19438;211774;24451;25333;27060;18272;12501;107617;26012;26792;28756;15660;6937;104157;2001;43
44;Loire-Atlantique;308080;328313;300876;144746;78224;1160239;150830;163479;152536;80079;51375;598299;157250;164834;148340;64667;26849;561940;2001;44
45;Loiret;163648;170520;163557;80700;46810;625235;79900;85230;82064;42889;29177;319260;83748;85290;81493;37811;17633;305975;2001;45
46;Lot;34039;35997;43690;30270;18684;162680;16527;17760;21901;15827;11534;83549;17512;18237;21789;14443;7150;79131;2001;46
47;Lot-et-Garonne;70167;71986;82905;52483;32138;309679;34208;36087;42218;27772;19906;160191;35959;35899;40687;24711;12232;149488;2001;47
48;Lozère;16478;18524;19732;11913;7701;74348;7920;8867;9388;6102;4677;36954;8558;9657;10344;5811;3024;37394;2001;48
49;Maine-et-Loire;202170;206295;184587;93653;55367;742072;99219;103080;92962;50854;35092;381207;102951;103215;91625;42799;20275;360865;2001;49
50;Manche;123967;120339;122604;76205;41733;484848;60442;58850;60310;41352;26872;247826;63525;61489;62294;34853;14861;237022;2001;50
51;Marne;147802;166002;147122;67369;37240;565535;72150;82609;74321;36726;24377;290183;75652;83393;72801;30643;12863;275352;2001;51
52;Haute-Marne;48768;48295;50907;28884;16138;192992;23583;23501;25085;15561;10243;97973;25185;24794;25822;13323;5895;95019;2001;52
53;Mayenne;76381;75340;72058;41165;24180;289124;37030;36387;35816;21998;15365;146596;39351;38953;36242;19167;8815;142528;2001;53
54;Meurthe-et-Moselle;184263;207683;183313;94662;47437;717358;89800;103718;92719;51953;31384;369574;94463;103965;90594;42709;16053;347784;2001;54
55;Meuse;50178;49430;50135;28067;15209;193019;24266;23839;24543;15076;9824;97548;25912;25591;25592;12991;5385;95471;2001;55
56;Morbihan;163103;165911;170649;103305;53890;656858;78981;80606;85738;56645;35175;337145;84122;85305;84911;46660;18715;319713;2001;56
57;Moselle;265309;289619;273409;139559;59562;1027458;129458;142575;136587;74613;39242;522475;135851;147044;136822;64946;20320;504983;2001;57
58;Nièvre;48768;50696;60326;40302;24477;224569;23799;24895;30178;21725;15607;116204;24969;25801;30148;18577;8870;108365;2001;58
59;Nord;740797;741239;627028;297280;149615;2555959;362078;372314;317864;168024;100422;1320702;378719;368925;309164;129256;49193;1235257;2001;59
60;Oise;223259;218084;207881;83297;41192;773713;108634;108421;102669;44479;26465;390668;114625;109663;105212;38818;14727;383045;2001;60
61;Orne;73755;71328;76017;45878;25890;292868;35803;34871;37730;24548;16618;149570;37952;36457;38287;21330;9272;143298;2001;61
62;Pas-de-Calais;412559;390763;362873;183981;95007;1445183;201404;194182;182083;104701;63965;746335;211155;196581;180790;79280;31042;698848;2001;62
63;Puy-de-Dôme;139095;168694;167860;86016;47497;609162;67971;84244;84197;46895;30833;314140;71124;84450;83663;39121;16664;295022;2001;63
64;Pyrénées-Atlantiques;138979;155980;161866;95863;56917;609605;67462;77523;82660;51839;36706;316190;71517;78457;79206;44024;20211;293415;2001;64
65;Hautes-Pyrénées;47611;53171;61923;38184;23041;223930;23092;26295;31274;20630;14655;115946;24519;26876;30649;17554;8386;107984;2001;65
66;Pyrénées-Orientales;90845;97073;102119;70078;41930;402045;44508;49599;53169;37794;25889;210959;46337;47474;48950;32284;16041;191086;2001;66
67;Bas-Rhin;265680;315391;271638;126913;60899;1040521;130336;157737;134739;68484;41981;533277;135344;157654;136899;58429;18918;507244;2001;67
68;Haut-Rhin;186036;201515;192145;93247;42614;715557;90992;99772;94699;49964;28875;364302;95044;101743;97446;43283;13739;351255;2001;68
69;Rhône;420939;485195;401872;191656;102310;1601972;206998;247226;206337;104528;67429;832518;213941;237969;195535;87128;34881;769454;2001;69
70;Haute-Saône;59066;58698;62233;33100;18316;231413;28581;28579;30554;17484;11628;116826;30485;30119;31679;15616;6688;114587;2001;70
71;Saône-et-Loire;128168;131573;146979;87436;52156;546312;62264;64500;73410;47240;33069;280483;65904;67073;73569;40196;19087;265829;2001;71
72;Sarthe;137263;141804;137007;75486;44596;536156;67174;69766;68624;40548;27973;274085;70089;72038;68383;34938;16623;262071;2001;72
73;Savoie;96022;105714;101919;50252;26824;380731;46244;52340;50715;26986;17481;193766;49778;53374;51204;23266;9343;186965;2001;73
74;Haute-Savoie;173721;186989;177017;73653;37113;648493;84168;92474;88690;39316;23910;328558;89553;94515;88327;34337;13203;319935;2001;74
75;Paris;411657;774605;552188;240084;158908;2137442;204032;398568;288503;135713;106649;1133465;207625;376037;263685;104371;52259;1003977;2001;75
76;Seine-Maritime;336986;343643;321149;154583;84543;1240904;165186;173132;162533;85661;55465;641977;171800;170511;158616;68922;29078;598927;2001;76
77;Seine-et-Marne;359829;352634;331421;113387;57023;1214294;175952;178509;165239;60030;37202;616932;183877;174125;166182;53357;19821;597362;2001;77
78;Yvelines;388894;389731;377164;143438;65788;1365015;189854;196063;191312;75494;42908;695631;199040;193668;185852;67944;22880;669384;2001;78
79;Deux-Sèvres;83901;87096;91779;53445;32378;348599;40613;42632;45709;28029;19580;176563;43288;44464;46070;25416;12798;172036;2001;79
80;Somme;147094;157775;141900;71813;39838;558420;72066;78866;71230;39402;25306;286870;75028;78909;70670;32411;14532;271550;2001;80
81;Tarn;78842;82305;92824;58626;36303;348900;38271;41009;47107;31254;22338;179979;40571;41296;45717;27372;13965;168921;2001;81
82;Tarn-et-Garonne;50065;51904;56046;32964;20155;211134;24364;25803;27982;17507;12327;107983;25701;26101;28064;15457;7828;103151;2001;82
83;Var;216385;221849;243463;152714;86621;921032;105692;111531;125588;81190;54017;478018;110693;110318;117875;71524;32604;443014;2001;83
84;Vaucluse;131766;131191;135148;71155;39237;508497;64106;66449;68946;38091;24819;262411;67660;64742;66202;33064;14418;246086;2001;84
85;Vendée;136217;140208;142628;87673;47362;554088;66525;68079;70974;46510;29663;281751;69692;72129;71654;41163;17699;272337;2001;85
86;Vienne;95195;113794;102900;56812;35257;403958;46847;57634;51693;30012;21786;207972;48348;56160;51207;26800;13471;195986;2001;86
87;Haute-Vienne;74657;93648;96019;56208;36602;357134;36386;47369;48601;30293;23166;185815;38271;46279;47418;25915;13436;171319;2001;87
88;Vosges;97878;96745;100267;55765;30301;380956;47592;47140;49886;30499;20198;195315;50286;49605;50381;25266;10103;185641;2001;88
89;Yonne;83008;81422;88207;50932;31487;335056;40498;40075;43740;27082;19824;171219;42510;41347;44467;23850;11663;163837;2001;89
90;Territoire de Belfort;36045;39475;36399;17599;8995;138513;17444;18625;18133;9585;5919;69706;18601;20850;18266;8014;3076;68807;2001;90
91;Essonne;324221;341390;312201;120352;53357;1151521;158775;170644;157260;63473;35046;585198;165446;170746;154941;56879;18311;566323;2001;91
92;Hauts-de-Seine;359269;474273;371312;159631;93253;1457738;176639;243059;191768;88396;61915;761777;182630;231214;179544;71235;31338;695961;2001;92
93;Seine-Saint-Denis;410396;435551;363762;139063;63017;1411789;201587;222599;180907;74441;41430;720964;208809;212952;182855;64622;21587;690825;2001;93
94;Val-de-Marne;322024;386754;327596;136773;73577;1246724;158122;197099;166388;75611;48790;646010;163902;189655;161208;61162;24787;600714;2001;94
95;Val-d'Oise;335087;327873;302169;104362;48810;1118301;163970;167446;152401;55920;32403;572140;171117;160427;149768;48442;16407;546161;2001;95
2A;Corse-du-Sud;28471;30675;33796;19746;10497;123185;13672;15805;16972;10364;6731;63544;14799;14870;16824;9382;3766;59641;2001;201
2B;Haute-Corse;32634;38789;39354;22757;12554;146088;15844;19513;19335;11826;8014;74532;16790;19276;20019;10931;4540;71556;2001;202
971;Guadeloupe;125970;115200;92549;37970;18983;390672;62015;61066;49224;20788;11415;204508;63955;54134;43325;17182;7568;186164;2001;971
972;Martinique;117064;112332;93700;42675;20771;386542;57988;59976;50143;23276;12825;204208;59076;52356;43557;19399;7946;182334;2001;972
973;Guyane;75723;51236;32058;6887;2710;168614;37349;26445;15311;3366;1601;84072;38374;24791;16747;3521;1109;84542;2001;973
974;La Réunion;269609;233311;153858;52585;19647;729010;132441;120072;78298;28378;12650;371839;137168;113239;75560;24207;6997;357171;2001;974
01;Ain;144423;143269;138484;62161;32766;521103;70457;70947;68095;32431;20828;262758;73966;72322;70389;29730;11938;258345;2000;1
02;Aisne;148412;141149;137021;72933;36745;536260;72616;69883;67875;39932;23714;274020;75796;71266;69146;33001;13031;262240;2000;2
03;Allier;73522;82572;91361;60546;36709;344710;35814;40781;46034;33197;23350;179176;37708;41791;45327;27349;13359;165534;2000;3
04;Alpes-de-Haute-Provence;33705;33705;37858;23394;12792;141454;16357;16988;18853;12217;7865;72280;17348;16717;19005;11177;4927;69174;2000;4
05;Hautes-Alpes;30169;31213;32647;18047;10466;122542;14694;15537;16279;9433;6450;62393;15475;15676;16368;8614;4016;60149;2000;5
06;Alpes-Maritimes;224566;258122;262843;163374;109051;1017956;109324;133355;137347;90117;70119;540262;115242;124767;125496;73257;38932;477694;2000;6
07;Ardèche;68840;71065;76478;45618;26385;288386;33367;34912;38003;23956;16800;147038;35473;36153;38475;21662;9585;141348;2000;7
08;Ardennes;78878;77292;73480;40718;19241;289609;38310;37976;36261;22148;12569;147264;40568;39316;37219;18570;6672;142345;2000;8
09;Ariège;29938;32235;36386;24381;15259;138199;14424;15910;17875;12919;9278;70406;15514;16325;18511;11462;5981;67793;2000;9
10;Aube;75523;78075;76241;40499;22847;293185;36990;38521;38040;22081;14602;150234;38533;39554;38201;18418;8245;142951;2000;10
11;Aude;70777;75355;80842;53961;32406;313341;34526;37442;40880;28783;19819;161450;36251;37913;39962;25178;12587;151891;2000;11
12;Aveyron;56200;62453;68187;48525;29700;265065;27125;30021;33632;25574;18377;134729;29075;32432;34555;22951;11323;130336;2000;12
13;Bouches-du-Rhône;464043;515726;485691;246121;135297;1846878;226472;263547;249788;133274;86413;959494;237571;252179;235903;112847;48884;887384;2000;13
14;Calvados;173939;182660;165492;84902;44200;651193;85836;91690;83776;47028;29114;337444;88103;90970;81716;37874;15086;313749;2000;14
15;Cantal;31216;36568;40104;27048;15704;150640;15185;17711;19510;14389;9843;76638;16031;18857;20594;12659;5861;74002;2000;15
16;Charente;78641;84427;90896;54653;32144;340761;38253;41795;45791;28989;20325;175153;40388;42632;45105;25664;11819;165608;2000;16
17;Charente-Maritime;127938;135480;147385;96073;54866;561742;62183;67506;75141;51343;33954;290127;65755;67974;72244;44730;20912;271615;2000;17
18;Cher;73405;77927;83725;50667;28860;314584;35765;38536;41394;27007;18402;161104;37640;39391;42331;23660;10458;153480;2000;18
19;Corrèze;47264;55225;61620;42576;26946;233631;22864;26575;30712;23066;17029;120246;24400;28650;30908;19510;9917;113385;2000;19
21;Côte-d'Or;128845;146583;130900;64878;36809;508015;63678;74466;65635;35174;23655;262608;65167;72117;65265;29704;13154;245407;2000;21
22;Côtes-d'Armor;129699;129118;140446;95167;51226;545656;63242;62896;70042;52254;33578;282012;66457;66222;70404;42913;17648;263644;2000;22
23;Creuse;23630;27283;31851;25115;16424;124303;11451;13126;15425;13403;10240;63645;12179;14157;16426;11712;6184;60658;2000;23
24;Dordogne;81706;88737;103890;72608;43331;390272;39720;44234;52387;38481;26953;201775;41986;44503;51503;34127;16378;188497;2000;24
25;Doubs;133902;144888;128180;63737;30716;501423;65465;72023;64203;34253;19851;255795;68437;72865;63977;29484;10865;245628;2000;25
26;Drôme;115762;113222;116180;62394;33922;441480;56200;56697;58689;33221;21349;226156;59562;56525;57491;29173;12573;215324;2000;26
27;Eure;153239;146951;143885;66899;33661;544635;74721;73219;71327;35812;21653;276732;78518;73732;72558;31087;12008;267903;2000;27
28;Eure-et-Loir;111672;108262;107426;52592;29390;409342;54607;53564;53164;27863;18270;207468;57065;54698;54262;24729;11120;201874;2000;28
29;Finistère;210056;225276;215732;132474;72386;855924;102198;108801;107271;74319;48334;440923;107858;116475;108461;58155;24052;415001;2000;29
30;Gard;157438;159729;168233;93553;51098;630051;76983;80423;85472;49829;31935;324642;80455;79306;82761;43724;19163;305409;2000;30
31;Haute-Garonne;256885;339757;269714;125826;70332;1062514;126115;170719;137380;67842;44480;546536;130770;169038;132334;57984;25852;515978;2000;31
32;Gers;35909;39274;46532;32369;19438;173522;17450;19274;23249;16640;11712;88325;18459;20000;23283;15729;7726;85197;2000;32
33;Gironde;314898;376182;340762;169074;98861;1299777;154345;191471;174505;92062;64364;676747;160553;184711;166257;77012;34497;623030;2000;33
34;Hérault;220086;256162;228899;129337;73263;907747;107733;132471;118754;69654;45678;474290;112353;123691;110145;59683;27585;433457;2000;34
35;Ille-et-Vilaine;232093;262614;212705;111092;57697;876201;113781;130832;107180;60279;37911;449983;118312;131782;105525;50813;19786;426218;2000;35
36;Indre;49394;55804;60351;41153;24739;231441;24133;27296;29716;21935;15557;118637;25261;28508;30635;19218;9182;112804;2000;36
37;Indre-et-Loire;138677;154770;142720;76091;44912;557170;68447;78744;72406;40904;28264;288765;70230;76026;70314;35187;16648;268405;2000;37
38;Isère;297166;323383;284378;132624;64780;1102331;144795;159991;142701;70707;41626;559820;152371;163392;141677;61917;23154;542511;2000;38
39;Jura;63867;64619;64898;37226;21201;251811;30971;31905;32086;19874;13346;128182;32896;32714;32812;17352;7855;123629;2000;39
40;Landes;74116;81376;88045;56845;31128;331510;35729;39873;44479;30258;19824;170163;38387;41503;43566;26587;11304;161347;2000;40
41;Loir-et-Cher;75451;78906;81121;50721;30155;316354;36873;38913;40498;26900;18643;161827;38578;39993;40623;23821;11512;154527;2000;41
42;Loire;184596;190618;188550;107670;59180;730614;90204;94775;95252;59276;38682;378189;94392;95843;93298;48394;20498;352425;2000;42
43;Haute-Loire;50078;52563;54491;34291;18987;210410;24235;25490;26392;18470;12273;106860;25843;27073;28099;15821;6714;103550;2000;43
44;Loire-Atlantique;306669;325923;292964;145348;75154;1146058;150167;162252;148492;80524;49622;591057;156502;163671;144472;64824;25532;555001;2000;44
45;Loiret;163272;171419;160237;81176;45126;621230;79810;85645;80291;43219;28147;317112;83462;85774;79946;37957;16979;304118;2000;45
46;Lot;33840;36287;42487;30727;18034;161375;16408;17895;21302;16083;11137;82825;17432;18392;21185;14644;6897;78550;2000;46
47;Lot-et-Garonne;70073;72252;81014;52777;31299;307415;34153;36295;41175;27981;19375;158979;35920;35957;39839;24796;11924;148436;2000;47
48;Lozère;16300;18690;19257;12112;7492;73851;7854;8925;9128;6205;4585;36697;8446;9765;10129;5907;2907;37154;2000;48
49;Maine-et-Loire;202851;205890;180221;94353;53552;736867;99656;102793;90684;51224;34094;378451;103195;103097;89537;43129;19458;358416;2000;49
50;Manche;124561;121945;119421;77172;40079;483178;60720;59485;58757;41925;25933;246820;63841;62460;60664;35247;14146;236358;2000;50
51;Marne;149182;167550;144493;67981;35983;565189;72893;83452;72793;37040;23591;289769;76289;84098;71700;30941;12392;275420;2000;51
52;Haute-Marne;49395;49423;50168;29243;15795;194024;23871;24067;24660;15770;10076;98444;25524;25356;25508;13473;5719;95580;2000;52
53;Mayenne;76077;75741;70130;41675;23347;286970;36839;36562;34885;22246;14902;145434;39238;39179;35245;19429;8445;141536;2000;53
54;Meurthe-et-Moselle;185603;208368;180435;95639;45639;715684;90528;104108;91144;52576;30321;368677;95075;104260;89291;43063;15318;347007;2000;54
55;Meuse;50179;50071;49067;28636;14729;192682;24248;24126;24080;15352;9552;97358;25931;25945;24987;13284;5177;95324;2000;55
56;Morbihan;162703;166115;165595;103703;51715;649831;78874;80661;83102;56976;33882;333495;83829;85454;82493;46727;17833;316336;2000;56
57;Moselle;267655;292446;267881;140317;57217;1025516;130507;144218;133556;75135;37890;521306;137148;148228;134325;65182;19327;504210;2000;57
58;Nièvre;49216;51822;59413;40786;23817;225054;23908;25475;29643;22027;15251;116304;25308;26347;29770;18759;8566;108750;2000;58
59;Nord;747351;745004;616434;301978;143871;2554638;365517;373983;311678;170722;97028;1318928;381834;371021;304756;131256;46843;1235710;2000;59
60;Oise;223557;219321;203701;83491;39778;769848;108580;109027;100249;44664;25651;388171;114977;110294;103452;38827;14127;381677;2000;60
61;Orne;74187;72475;74471;46455;24969;292557;35959;35370;36936;24849;16120;149234;38228;37105;37535;21606;8849;143323;2000;61
62;Pas-de-Calais;415294;393978;355237;187341;91376;1443226;202555;195719;178102;106694;61898;744968;212739;198259;177135;80647;29478;698258;2000;62
63;Puy-de-Dôme;139913;168884;164977;86793;45900;606467;68669;84211;82550;47465;29797;312692;71244;84673;82427;39328;16103;293775;2000;63
64;Pyrénées-Atlantiques;138553;156437;157877;96229;55153;604249;67248;77884;80654;52020;35630;313436;71305;78553;77223;44209;19523;290813;2000;64
65;Hautes-Pyrénées;47647;53981;60597;38637;22437;223299;23103;26670;30615;20936;14262;115586;24544;27311;29982;17701;8175;107713;2000;65
66;Pyrénées-Orientales;90240;96550;99199;70380;40713;397082;44196;49254;51607;37995;25056;208108;46044;47296;47592;32385;15657;188974;2000;66
67;Bas-Rhin;265267;316086;264844;127223;59078;1032498;130129;158062;131049;69060;40723;529023;135138;158024;133795;58163;18355;503475;2000;67
68;Haut-Rhin;186119;202691;188126;93242;41279;711457;90936;100369;92505;50372;28100;362282;95183;102322;95621;42870;13179;349175;2000;68
69;Rhône;420759;482320;395392;191399;99040;1588910;207127;245534;202621;104700;65439;825421;213632;236786;192771;86699;33601;763489;2000;69
70;Haute-Saône;59225;59159;60835;33364;17797;230380;28655;28759;29801;17678;11384;116277;30570;30400;31034;15686;6413;114103;2000;70
71;Saône-et-Loire;128651;133469;144422;88555;50626;545723;62449;65333;72027;47846;32217;279872;66202;68136;72395;40709;18409;265851;2000;71
72;Sarthe;136694;142742;133849;76305;43175;532765;66797;70219;67049;41063;27111;272239;69897;72523;66800;35242;16064;260526;2000;72
73;Savoie;95386;105635;99437;50118;25940;376516;46128;52259;49414;26978;16923;191702;49258;53376;50023;23140;9017;184814;2000;73
74;Haute-Savoie;171838;186156;172727;72777;35686;639184;83251;92118;86337;38989;23043;323738;88587;94038;86390;33788;12643;315446;2000;74
75;Paris;410964;771095;548164;242061;157447;2129731;204160;396653;286141;137533;105820;1130307;206804;374442;262023;104528;51627;999424;2000;75
76;Seine-Maritime;339398;347129;315903;155613;81897;1239940;166257;174930;159430;86351;53947;640915;173141;172199;156473;69262;27950;599025;2000;76
77;Seine-et-Marne;358435;351983;323961;112556;55634;1202569;175079;178067;161090;59782;36304;610322;183356;173916;162871;52774;19330;592247;2000;77
78;Yvelines;389275;391680;372130;141923;63808;1358816;189893;197300;188332;74826;41836;692187;199382;194380;183798;67097;21972;666629;2000;78
79;Deux-Sèvres;83699;87710;89468;54179;31376;346432;40426;42983;44491;28388;19131;175419;43273;44727;44977;25791;12245;171013;2000;79
80;Somme;147969;158583;138967;72875;38436;556830;72627;79004;69753;39913;24492;285789;75342;79579;69214;32962;13944;271041;2000;80
81;Tarn;78292;82550;90349;59596;35072;345859;37994;40943;45890;31760;21600;178187;40298;41607;44459;27836;13472;167672;2000;81
82;Tarn-et-Garonne;49299;51740;54422;33253;19707;208421;23981;25691;27158;17701;12041;106572;25318;26049;27264;15552;7666;101849;2000;82
83;Var;214744;221526;237724;151598;83303;908895;104812;111619;122233;80833;51933;471430;109932;109907;115491;70765;31370;437465;2000;83
84;Vaucluse;131489;131281;132151;70929;37933;503783;64031;66470;67222;38007;24016;259746;67458;64811;64929;32922;13917;244037;2000;84
85;Vendée;135463;139660;138141;87501;45569;546334;66038;67927;68590;46463;28620;277638;69425;71733;69551;41038;16949;268696;2000;85
86;Vienne;95772;113678;100410;57213;34370;401443;47184;57507;50379;30237;21319;206626;48588;56171;50031;26976;13051;194817;2000;86
87;Haute-Vienne;74621;94010;93915;57254;35515;355315;36458;47442;47510;30979;22412;184801;38163;46568;46405;26275;13103;170514;2000;87
88;Vosges;98601;98151;98373;56274;29628;381027;47853;47884;48813;30922;19744;195216;50748;50267;49560;25352;9884;185811;2000;88
89;Yonne;83262;82166;86414;51606;30578;334026;40489;40516;42581;27508;19332;170426;42773;41650;43833;24098;11246;163600;2000;89
90;Territoire de Belfort;36244;39495;35827;17652;8680;137898;17496;18763;17797;9629;5737;69422;18748;20732;18030;8023;2943;68476;2000;90
91;Essonne;322366;342737;306774;118991;51463;1142331;157830;171094;154347;62797;34021;580089;164536;171643;152427;56194;17442;562242;2000;91
92;Hauts-de-Seine;354340;471518;364892;160956;90381;1442087;174067;241789;187896;89393;60268;753413;180273;229729;176996;71563;30113;688674;2000;92
93;Seine-Saint-Denis;406542;432871;357260;139219;61050;1396942;199595;221589;176816;74986;40294;713280;206947;211282;180444;64233;20756;683662;2000;93
94;Val-de-Marne;319170;386819;321812;137034;71608;1236443;156568;197128;163110;76054;47598;640458;162602;189691;158702;60980;24010;595985;2000;94
95;Val-d'Oise;334840;328494;296499;104032;47207;1111072;163739;167657;149004;55849;31442;567691;171101;160837;147495;48183;15765;543381;2000;95
2A;Corse-du-Sud;28196;30475;32779;19170;10133;120753;13533;15783;16322;10133;6520;62291;14663;14692;16457;9037;3613;58462;2000;201
2B;Haute-Corse;32290;38628;38341;22333;12194;143786;15644;19442;18770;11632;7803;73291;16646;19186;19571;10701;4391;70495;2000;202
971;Guadeloupe;126197;117534;88926;37307;18081;388045;62228;61764;47289;20410;10958;202649;63969;55770;41637;16897;7123;185396;2000;971
972;Martinique;116810;114742;89953;41956;20114;383575;57788;60935;48063;22940;12374;202100;59022;53807;41890;19016;7740;181475;2000;972
973;Guyane;72442;49994;30420;6630;2532;162018;35748;25638;14496;3254;1489;80625;36694;24356;15924;3376;1043;81393;2000;973
974;La Réunion;267099;232747;147294;50588;18586;716314;131337;119283;74609;27509;12021;364759;135762;113464;72685;23079;6565;351555;2000;974
01;Ain;142732;143334;134761;61727;31777;514331;69530;70980;66127;32342;20222;259201;73202;72354;68634;29385;11555;255130;1999;1
02;Aisne;148660;143757;134542;73929;35293;536181;72559;71176;66507;40555;22841;273638;76101;72581;68035;33374;12452;262543;1999;2
03;Allier;73728;84220;90173;61283;35668;345072;35893;41613;45418;33620;22775;179319;37835;42607;44755;27663;12893;165753;1999;3
04;Alpes-de-Haute-Provence;33148;34127;36710;23120;12410;139515;16018;17172;18267;12076;7657;71190;17130;16955;18443;11044;4753;68325;1999;4
05;Hautes-Alpes;29865;31669;31668;18072;10064;121338;14523;15768;15806;9469;6182;61748;15342;15901;15862;8603;3882;59590;1999;5
06;Alpes-Maritimes;222865;258647;258299;163391;107442;1010644;108595;133656;134926;90378;69130;536685;114270;124991;123373;73013;38312;473959;1999;6
07;Ardèche;68296;71736;74762;45575;25520;285889;33040;35140;37139;24012;16281;145612;35256;36596;37623;21563;9239;140277;1999;7
08;Ardennes;79480;78902;72306;41119;18645;290452;38516;38769;35614;22391;12183;147473;40964;40133;36692;18728;6462;142979;1999;8
09;Ariège;29578;32606;35359;24666;14992;137201;14239;16068;17387;13035;9120;69849;15339;16538;17972;11631;5872;67352;1999;9
10;Aube;75573;78913;75075;40522;22234;292317;36913;38884;37407;22109;14271;149584;38660;40029;37668;18413;7963;142733;1999;10
11;Aude;69661;75342;78595;54167;31698;309463;33847;37420;39670;28909;19481;159327;35814;37922;38925;25258;12217;150136;1999;11
12;Aveyron;55967;63208;67080;48832;28961;264048;26908;30382;33164;25726;17912;134092;29059;32826;33916;23106;11049;129956;1999;12
13;Bouches-du-Rhône;462439;516980;477183;245917;131463;1833982;225740;263711;244551;133436;83990;951428;236699;253269;232632;112481;47473;882554;1999;13
14;Calvados;175042;183814;161938;84668;42489;647951;86435;92100;81927;46900;28079;335441;88607;91714;80011;37768;14410;312510;1999;14
15;Cantal;31497;37352;39539;27296;15293;150977;15234;18080;19172;14541;9606;76633;16263;19272;20367;12755;5687;74344;1999;15
16;Charente;78726;85772;89152;54775;31403;339828;38211;42423;44854;29134;19890;174512;40515;43349;44298;25641;11513;165316;1999;16
17;Charente-Maritime;127174;136146;144028;95910;53161;556419;61653;67817;73462;51159;32923;287014;65521;68329;70566;44751;20238;269405;1999;17
18;Cher;73165;79636;82583;50907;28312;314603;35600;39341;40755;27136;18137;160969;37565;40295;41828;23771;10175;153634;1999;18
19;Corrèze;47082;55952;60703;42913;26169;232819;22745;27021;30270;23276;16605;119917;24337;28931;30433;19637;9564;112902;1999;19
21;Côte-d'Or;130027;147444;128420;64789;36019;506699;64451;74801;64327;35175;23176;261930;65576;72643;64093;29614;12843;244769;1999;21
22;Côtes-d'Armor;129467;130074;137736;95498;49623;542398;62902;63364;68757;52477;32744;280244;66565;66710;68979;43021;16879;262154;1999;22
23;Creuse;23587;27961;31327;25539;16183;124597;11419;13439;15131;13633;10169;63791;12168;14522;16196;11906;6014;60806;1999;23
24;Dordogne;81310;90179;101762;73004;42152;388407;39460;44869;51267;38841;26180;200617;41850;45310;50495;34163;15972;187790;1999;24
25;Doubs;134698;145228;126123;63367;29807;499223;65896;72293;63140;33943;19328;254600;68802;72935;62983;29424;10479;244623;1999;25
26;Drôme;115260;113907;113645;62039;32803;437654;55907;56994;57185;33139;20693;223918;59353;56913;56460;28900;12110;213736;1999;26
27;Eure;152484;148647;140546;66681;32560;540918;74166;73955;69572;35701;21054;274448;78318;74692;70974;30980;11506;266470;1999;27
28;Eure-et-Loir;111610;109491;105332;52735;28539;407707;54476;54312;51929;28012;17806;206535;57134;55179;53403;24723;10733;201172;1999;28
29;Finistère;210108;227685;211804;132683;69993;852273;102118;109644;105454;74541;46928;438685;107990;118041;106350;58142;23065;413588;1999;29
30;Gard;155906;160060;163582;93332;49629;622509;76210;80537;82911;49776;31142;320576;79696;79523;80671;43556;18487;301933;1999;30
31;Haute-Garonne;254103;334626;261775;125314;68390;1044208;124815;168367;133211;67663;43242;537298;129288;166259;128564;57651;25148;506910;1999;31
32;Gers;35541;39924;45597;32573;18849;172484;17174;19665;22728;16721;11378;87666;18367;20259;22869;15852;7471;84818;1999;32
33;Gironde;313783;374758;332241;169395;95895;1286072;153758;190682;170071;92329;62459;669299;160025;184076;162170;77066;33436;616773;1999;33
34;Hérault;217996;254458;222396;128659;71028;894537;106875;131401;115057;69431;44313;467077;111121;123057;107339;59228;26715;427460;1999;34
35;Ille-et-Vilaine;231285;260718;207846;111018;55244;866111;113512;129925;104671;60440;36462;445010;117773;130793;103175;50578;18782;421101;1999;35
36;Indre;49336;56953;59436;41346;24294;231365;24082;27816;29210;22096;15279;118483;25254;29137;30226;19250;9015;112882;1999;36
37;Indre-et-Loire;138850;155643;139596;75915;43686;553690;68764;78948;70796;40759;27566;286833;70086;76695;68800;35156;16120;266857;1999;37
38;Isère;296337;323280;278362;131787;63012;1092778;144488;159763;139551;70321;40737;554860;151849;163517;138811;61466;22275;537918;1999;38
39;Jura;63595;65597;63725;37379;20609;250905;30843;32367;31475;20025;12970;127680;32752;33230;32250;17354;7639;123225;1999;39
40;Landes;72865;81860;85676;56647;30192;327240;35066;40083;43268;30188;19245;167850;37799;41777;42408;26459;10947;159390;1999;40
41;Loir-et-Cher;75283;80019;79498;50932;29263;314995;36754;39475;39638;27025;18105;160997;38529;40544;39860;23907;11158;153998;1999;41
42;Loire;185439;192205;186290;107661;57486;729081;90717;95443;94045;59423;37739;377367;94722;96762;92245;48238;19747;351714;1999;42
43;Haute-Loire;49605;53343;53404;34293;18441;209086;23941;25862;25831;18501;11963;106098;25664;27481;27573;15792;6478;102988;1999;43
44;Loire-Atlantique;306003;324446;285900;144611;72287;1133247;149826;161673;144966;80240;47857;584562;156177;162773;140934;64371;24430;548685;1999;44
45;Loiret;163382;172310;157226;81356;43661;617935;79851;86157;78682;43360;27285;315335;83531;86153;78544;37996;16376;302600;1999;45
46;Lot;33567;36837;41460;30821;17545;160230;16284;18145;20808;16177;10828;82242;17283;18692;20652;14644;6717;77988;1999;46
47;Lot-et-Garonne;69748;72885;79384;53004;30461;305482;33953;36643;40327;28118;18848;157889;35795;36242;39057;24886;11613;147593;1999;47
48;Lozère;16235;18863;18881;12141;7393;73513;7809;8990;8938;6233;4572;36542;8426;9873;9943;5908;2821;36971;1999;48
49;Maine-et-Loire;204002;206400;175982;94482;51758;732624;100162;102898;88549;51284;33196;376089;103840;103502;87433;43198;18562;356535;1999;49
50;Manche;124814;124124;116789;77462;38277;481466;60535;60579;57515;42089;24901;245619;64279;63545;59274;35373;13376;235847;1999;50
51;Marne;150620;169577;142134;68092;34943;565366;73672;84600;71320;37114;22970;289676;76948;84977;70814;30978;11973;275690;1999;51
52;Haute-Marne;49937;50787;49658;29407;15342;195131;24095;24780;24378;15808;9891;98952;25842;26007;25280;13599;5451;96179;1999;52
53;Mayenne;75918;76402;68444;41907;22547;285218;36637;36885;34099;22292;14534;144447;39281;39517;34345;19615;8013;140771;1999;53
54;Meurthe-et-Moselle;187141;209445;177776;95848;44085;714295;91335;104789;89653;52822;29374;367973;95806;104656;88123;43026;14711;346322;1999;54
55;Meuse;50145;50924;48086;29024;14264;192443;24231;24578;23582;15659;9265;97315;25914;26346;24504;13365;4999;95128;1999;55
56;Morbihan;162117;167077;161235;103208;49656;643293;78669;81263;80719;56721;32751;330123;83448;85814;80516;46487;16905;313170;1999;56
57;Moselle;269423;296674;263012;139781;54873;1023763;131225;146335;131023;75106;36488;520177;138198;150339;131989;64675;18385;503586;1999;57
58;Nièvre;49452;53248;58616;41013;23156;225485;23979;26171;29233;22128;14882;116393;25473;27077;29383;18885;8274;109092;1999;58
59;Nord;753688;751576;606955;304859;138393;2555471;368684;376954;306552;172300;93928;1318418;385004;374622;300403;132559;44465;1237053;1999;59
60;Oise;223006;221843;199618;82996;38790;766253;108142;110397;97894;44390;25069;385892;114864;111446;101724;38606;13721;380361;1999;60
61;Orne;74606;73970;73094;46888;23972;292530;36090;36097;36311;25075;15554;149127;38516;37873;36783;21813;8418;143403;1999;61
62;Pas-de-Calais;417664;398813;348188;189581;87750;1441996;203512;197759;174788;107916;59709;743684;214152;201054;173400;81665;28041;698312;1999;62
63;Puy-de-Dôme;140724;169644;162582;86847;44442;604239;69142;84521;81246;47638;28864;311411;71582;85123;81336;39209;15578;292828;1999;63
64;Pyrénées-Atlantiques;138016;157505;154367;96143;53516;599547;66938;78468;78821;52052;34703;310982;71078;79037;75546;44091;18813;288565;1999;64
65;Hautes-Pyrénées;47617;54992;59484;38751;21787;222631;23056;27168;30067;21041;13866;115198;24561;27824;29417;17710;7921;107433;1999;65
66;Pyrénées-Orientales;89212;96540;96336;70472;39823;392383;43591;49205;50051;37998;24511;205356;45621;47335;46285;32474;15312;187027;1999;66
67;Bas-Rhin;264903;317319;258911;126308;57592;1025033;129939;158607;127831;68989;39649;525015;134964;158712;131080;57319;17943;500018;1999;67
68;Haut-Rhin;185532;204766;184272;92930;40055;707555;90600;101524;90471;50435;27389;360419;94932;103242;93801;42495;12666;347136;1999;68
69;Rhône;420435;480779;389092;190702;96087;1577095;207176;244499;198918;104696;63685;818974;213259;236280;190174;86006;32402;758121;1999;69
70;Haute-Saône;59314;59896;59704;33343;17471;229728;28649;29080;29214;17785;11206;115934;30665;30816;30490;15558;6265;113794;1999;70
71;Saône-et-Loire;129092;135709;142573;88876;49193;545443;62496;66476;71017;47947;31499;279435;66596;69233;71556;40929;17694;266008;1999;71
72;Sarthe;136344;143879;131143;76437;41979;529782;66637;70832;65600;41098;26516;270683;69707;73047;65543;35339;15463;259099;1999;72
73;Savoie;94928;105931;96881;49792;25220;372752;46005;52358;48121;26887;16405;189776;48923;53573;48760;22905;8815;182976;1999;73
74;Haute-Savoie;170153;185849;168166;71975;34511;630654;82333;92152;83766;38694;22250;319195;87820;93697;84400;33281;12261;311459;1999;74
75;Paris;410023;768749;544064;244350;156500;2123686;203933;395773;283620;139299;105359;1127984;206090;372976;260444;105051;51141;995702;1999;75
76;Seine-Maritime;341566;352277;310570;155773;79398;1239584;167230;177504;156483;86402;52527;640146;174336;174773;154087;69371;26871;599438;1999;76
77;Seine-et-Marne;356741;352826;316426;111416;54366;1191775;174053;178537;156853;59339;35507;604289;182688;174289;159573;52077;18859;587486;1999;77
78;Yvelines;389493;394973;367561;139960;61958;1353945;189818;199386;185355;73946;40766;689271;199675;195587;182206;66014;21192;664674;1999;78
79;Deux-Sèvres;83215;88904;87507;54512;30348;344486;40132;43540;43505;28616;18585;174378;43083;45364;44002;25896;11763;170108;1999;79
80;Somme;148672;159969;136447;73346;37113;555547;73027;79667;68312;40063;23760;284829;75645;80302;68135;33283;13353;270718;1999;80
81;Tarn;78089;83032;88375;59872;34076;343444;37832;41088;44884;31836;21012;176652;40257;41944;43491;28036;13064;166792;1999;81
82;Tarn-et-Garonne;48559;51768;53021;33410;19271;206029;23578;25689;26511;17706;11789;105273;24981;26079;26510;15704;7482;100756;1999;82
83;Var;212188;222578;231596;150582;80641;897585;103431;112223;118894;80422;50332;465302;108757;110355;112702;70160;30309;432283;1999;83
84;Vaucluse;130689;131956;129228;70497;36951;499321;63593;66906;65437;37816;23429;257181;67096;65050;63791;32681;13522;242140;1999;84
85;Vendée;134793;139768;133870;86921;43737;539089;65549;67980;66480;46191;27621;273821;69244;71788;67390;40730;16116;265268;1999;85
86;Vienne;96279;113748;98283;57266;33426;399002;47610;57344;49279;30326;20811;205370;48669;56404;49004;26940;12615;193632;1999;86
87;Haute-Vienne;74935;94413;92298;57747;34662;354055;36749;47521;46633;31348;21879;184130;38186;46892;45665;26399;12783;169925;1999;87
88;Vosges;98875;100138;97026;56285;28830;381154;47948;48909;47983;31032;19277;195149;50927;51229;49043;25253;9553;186005;1999;88
89;Yonne;83212;83485;84703;52003;29803;333206;40339;41146;41562;27770;18953;169770;42873;42339;43141;24233;10850;163436;1999;89
90;Territoire de Belfort;36351;39838;35162;17572;8474;137397;17522;19061;17410;9582;5622;69197;18829;20777;17752;7990;2852;68200;1999;90
91;Essonne;320278;344560;302227;116714;50057;1133836;156624;171947;151850;61652;33223;575296;163654;172613;150377;55062;16834;558540;1999;91
92;Hauts-de-Seine;350111;469194;358530;162130;87923;1427888;172074;240800;183764;90476;58742;745856;178037;228394;174766;71654;29181;682032;1999;92
93;Seine-Saint-Denis;402436;431195;351039;139284;59365;1383319;197435;220933;172899;75479;39269;706015;205001;210262;178140;63805;20096;677304;1999;93
94;Val-de-Marne;316261;387606;316252;137272;69639;1227030;155312;197299;160012;76333;46452;635408;160949;190307;156240;60939;23187;591622;1999;94
95;Val-d'Oise;334367;330363;290677;103461;45665;1104533;163472;168502;145464;55722;30423;563583;170895;161861;145213;47739;15242;540950;1999;95
2A;Corse-du-Sud;27842;30341;31731;18782;9770;118466;13392;15707;15747;9946;6321;61113;14450;14634;15984;8836;3449;57353;1999;201
2B;Haute-Corse;32042;38492;37297;22052;11803;141686;15512;19341;18161;11562;7552;72128;16530;19151;19136;10490;4251;69558;1999;202
971;Guadeloupe;126024;120063;85774;36494;17254;385609;62021;62662;45572;19930;10463;200648;64003;57401;40202;16564;6791;184961;1999;971
972;Martinique;116634;117212;86321;41423;19273;380863;57710;61765;46184;22623;11889;200171;58924;55447;40137;18800;7384;180692;1999;972
973;Guyane;69234;48923;28834;6400;2369;155760;34122;24924;13758;3127;1386;77317;35112;23999;15076;3273;983;78443;1999;973
974;La Réunion;265370;230999;140720;49229;17502;703820;130407;117949;71117;26774;11402;357649;134963;113050;69603;22455;6100;346171;1999;974
01;Ain;141876;143604;131683;61484;30873;509520;69156;71092;64425;32227;19753;256653;72720;72512;67258;29257;11120;252867;1998;1
02;Aisne;149465;146111;132305;74862;33886;536629;73046;72278;65307;41038;22045;273714;76419;73833;66998;33824;11841;262915;1998;2
03;Allier;74521;85707;89502;62214;34696;346640;36337;42302;45030;34130;22285;180084;38184;43405;44472;28084;12411;166556;1998;3
04;Alpes-de-Haute-Provence;33157;34864;36254;23166;12013;139454;16046;17516;18000;12148;7402;71112;17111;17348;18254;11018;4611;68342;1998;4
05;Hautes-Alpes;29966;32031;31117;18094;9764;120972;14530;15954;15489;9470;6025;61468;15436;16077;15628;8624;3739;59504;1998;5
06;Alpes-Maritimes;221683;259341;254532;164928;105798;1006282;108137;133863;132782;91575;68108;534465;113546;125478;121750;73353;37690;471817;1998;6
07;Ardèche;68374;72432;73624;45845;24906;285181;33197;35420;36546;24133;15968;145264;35177;37012;37078;21712;8938;139917;1998;7
08;Ardennes;80256;80051;71569;41381;18072;291329;38851;39388;35257;22511;11882;147889;41405;40663;36312;18870;6190;143440;1998;8
09;Ariège;29460;33006;34611;25042;14613;136732;14228;16263;16983;13262;8924;69660;15232;16743;17628;11780;5689;67072;1998;9
10;Aube;76090;79947;74196;40774;21669;292676;37132;39460;36879;22252;13972;149695;38958;40487;37317;18522;7697;142981;1998;10
11;Aude;69427;76102;76775;54862;30959;308125;33666;37659;38774;29272;19061;158432;35761;38443;38001;25590;11898;149693;1998;11
12;Aveyron;56375;64050;66250;49532;28212;264419;27154;30882;32719;26132;17475;134362;29221;33168;33531;23400;10737;130057;1998;12
13;Bouches-du-Rhône;461031;518834;470184;246692;127649;1824390;224913;264936;240204;134178;81736;945967;236118;253898;229980;112514;45913;878423;1998;13
14;Calvados;175280;184910;158782;84835;40706;644513;86464;92743;80306;46918;27107;333538;88816;92167;78476;37917;13599;310975;1998;14
15;Cantal;32052;38164;39254;27585;14786;151841;15518;18442;19089;14651;9340;77040;16534;19722;20165;12934;5446;74801;1998;15
16;Charente;79002;87363;87554;55494;30519;339932;38443;43219;44015;29484;19343;174504;40559;44144;43539;26010;11176;165428;1998;16
17;Charente-Maritime;127131;137066;141090;96629;50725;552641;61744;68251;71898;51537;31581;285011;65387;68815;69192;45092;19144;267630;1998;17
18;Cher;73516;81289;81440;51390;27620;315255;35812;40122;40137;27398;17767;161236;37704;41167;41303;23992;9853;154019;1998;18
19;Corrèze;47443;56871;60028;43662;25343;233347;22924;27568;29964;23703;16053;120212;24519;29303;30064;19959;9290;113135;1998;19
21;Côte-d'Or;130579;149120;126469;65075;34969;506212;64619;75643;63256;35378;22528;261424;65960;73477;63213;29697;12441;244788;1998;21
22;Côtes-d'Armor;130021;131730;135742;96505;47393;541391;63257;64147;67725;53092;31402;279623;66764;67583;68017;43413;15991;261768;1998;22
23;Creuse;23765;28580;30834;26258;15877;125314;11484;13752;14896;13983;10073;64188;12281;14828;15938;12275;5804;61126;1998;23
24;Dordogne;81681;91511;99999;74008;40851;388050;39651;45527;50364;39385;25449;200376;42030;45984;49635;34623;15402;187674;1998;24
25;Doubs;135391;146724;124760;63089;28649;498613;66224;73071;62303;33986;18636;254220;69167;73653;62457;29103;10013;244393;1998;25
26;Drôme;115021;114786;111637;62065;31747;435256;55861;57446;56060;33235;20135;222737;59160;57340;55577;28830;11612;212519;1998;26
27;Eure;153120;150479;137694;66761;31554;539608;74547;74859;67956;35783;20528;273673;78573;75620;69738;30978;11026;265935;1998;27
28;Eure-et-Loir;112828;110796;103669;53057;27862;408212;55073;55130;50929;28228;17433;206793;57755;55666;52740;24829;10429;201419;1998;28
29;Finistère;210474;229862;208220;133944;67279;849779;102307;110762;103887;75391;45260;437607;108167;119100;104333;58553;22019;412172;1998;29
30;Gard;155026;161129;160135;93690;48171;618151;75799;81062;80882;50181;30274;318198;79227;80067;79253;43509;17897;299953;1998;30
31;Haute-Garonne;249902;332943;254978;125416;66227;1029466;122563;167513;129759;67956;41871;529662;127339;165430;125219;57460;24356;499804;1998;31
32;Gers;35538;40734;44962;32925;18421;172580;17151;20024;22435;16894;11165;87669;18387;20710;22527;16031;7256;84911;1998;32
33;Gironde;312195;376063;325094;170322;92779;1276453;153050;191330;166091;93171;60566;664208;159145;184733;159003;77151;32213;612245;1998;33
34;Hérault;215973;253706;217425;129196;68590;884890;106024;130846;112222;69840;42929;461861;109949;122860;105203;59356;25661;423029;1998;34
35;Ille-et-Vilaine;230053;260353;203277;110939;52673;857295;112868;129813;102370;60612;34939;440602;117185;130540;100907;50327;17734;416693;1998;35
36;Indre;49749;57969;58945;41816;23773;232252;24256;28360;28972;22359;14977;118924;25493;29609;29973;19457;8796;113328;1998;36
37;Indre-et-Loire;138818;156768;137259;76237;42416;551498;68697;79568;69552;40872;26927;285616;70121;77200;67707;35365;15489;265882;1998;37
38;Isère;295495;323646;273978;131190;60894;1085203;144058;160061;137071;70274;39513;550977;151437;163585;136907;60916;21381;534226;1998;38
39;Jura;63941;66406;62898;37711;19961;250917;31078;32710;31087;20204;12602;127681;32863;33696;31811;17507;7359;123236;1998;39
40;Landes;72660;82379;83998;56927;29113;325077;34996;40327;42410;30354;18598;166685;37664;42052;41588;26573;10515;158392;1998;40
41;Loir-et-Cher;75578;80949;78452;51138;28499;314616;36841;39944;39080;27148;17701;160714;38737;41005;39372;23990;10798;153902;1998;41
42;Loire;187273;194959;185160;108609;55656;731657;91603;96913;93329;60080;36656;378581;95670;98046;91831;48529;19000;353076;1998;42
43;Haute-Loire;49655;53658;52485;34566;17921;208285;24046;25981;25371;18701;11655;105754;25609;27677;27114;15865;6266;102531;1998;43
44;Loire-Atlantique;305888;324307;280033;144886;68892;1124006;149837;161731;141894;80545;45902;579909;156051;162576;138139;64341;22990;544097;1998;44
45;Loiret;163608;173988;154764;81712;42300;616372;80068;86938;77223;43711;26540;314480;83540;87050;77541;38001;15760;301892;1998;45
46;Lot;33516;37283;40758;31177;16923;159657;16279;18351;20462;16411;10484;81987;17237;18932;20296;14766;6439;77670;1998;46
47;Lot-et-Garonne;69957;73808;78115;53667;29421;304968;34039;37073;39583;28594;18242;157531;35918;36735;38532;25073;11179;147437;1998;47
48;Lozère;16354;19015;18598;12307;7233;73507;7865;9116;8755;6309;4508;36553;8489;9899;9843;5998;2725;36954;1998;48
49;Maine-et-Loire;205000;207308;172749;95015;49479;729551;100420;103565;86905;51551;31937;374378;104580;103743;85844;43464;17542;355173;1998;49
50;Manche;125684;126269;114678;78102;36616;481349;60851;61618;56572;42368;24012;245421;64833;64651;58106;35734;12604;235928;1998;50
51;Marne;151832;171500;140379;68241;33983;565935;74400;85525;70286;37277;22377;289865;77432;85975;70093;30964;11606;276070;1998;51
52;Haute-Marne;50799;51895;49230;29647;14807;196378;24516;25340;24193;15948;9523;99520;26283;26555;25037;13699;5284;96858;1998;52
53;Mayenne;76082;76751;67354;42173;21533;283893;36662;37060;33731;22385;13982;143820;39420;39691;33623;19788;7551;140073;1998;53
54;Meurthe-et-Moselle;188218;211942;176103;96356;42443;715062;91904;106084;88636;53154;28397;368175;96314;105858;87467;43202;14046;346887;1998;54
55;Meuse;50591;51691;47427;29293;13795;192797;24467;24924;23279;15827;8994;97491;26124;26767;24148;13466;4801;95306;1998;55
56;Morbihan;162827;169061;157354;103280;47250;639772;79096;82224;78792;56822;31381;328315;83731;86837;78562;46458;15869;311457;1998;56
57;Moselle;271186;300739;259259;139158;52574;1022916;132119;148426;128909;74993;35082;519529;139067;152313;130350;64165;17492;503387;1998;57
58;Nièvre;50107;54272;58171;41532;22694;226776;24353;26630;28998;22414;14656;117051;25754;27642;29173;19118;8038;109725;1998;58
59;Nord;757585;756941;598804;308003;133609;2554942;370644;379711;302117;174138;91242;1317852;386941;377230;296687;133865;42367;1237090;1998;59
60;Oise;224165;223841;196445;82969;37691;765111;108773;111515;95966;44401;24528;385183;115392;112326;100479;38568;13163;379928;1998;60
61;Orne;75165;75190;72164;47323;23070;292912;36403;36697;35901;25320;15005;149326;38762;38493;36263;22003;8065;143586;1998;61
62;Pas-de-Calais;420076;402835;341816;191493;84275;1440495;204909;199723;171766;108867;57581;742846;215167;203112;170050;82626;26694;697649;1998;62
63;Puy-de-Dôme;141210;171074;160264;87410;42895;602853;69402;85237;79927;48026;27989;310581;71808;85837;80337;39384;14906;292272;1998;63
64;Pyrénées-Atlantiques;137369;158090;150875;95986;51925;594245;66638;78729;77120;52085;33714;308286;70731;79361;73755;43901;18211;285959;1998;64
65;Hautes-Pyrénées;47714;55916;58707;39127;21300;222764;23114;27587;29712;21210;13620;115243;24600;28329;28995;17917;7680;107521;1998;65
66;Pyrénées-Orientales;88433;96770;94334;70944;38570;389051;43190;49313;49034;38273;23726;203536;45243;47457;45300;32671;14844;185515;1998;66
67;Bas-Rhin;263295;318861;253183;125447;55805;1016591;129106;159408;124768;69101;38483;520866;134189;159453;128415;56346;17322;495725;1998;67
68;Haut-Rhin;185021;206582;180756;92441;38594;703394;90291;102388;88625;50491;26505;358300;94730;104194;92131;41950;12089;345094;1998;68
69;Rhône;418163;481055;383384;190458;93155;1566215;206028;244565;195597;104836;62133;813159;212135;236490;187787;85622;31022;753056;1998;69
70;Haute-Saône;59554;60421;58744;33448;16983;229150;28790;29336;28707;17937;10908;115678;30764;31085;30037;15511;6075;113472;1998;70
71;Saône-et-Loire;130454;138385;141258;89773;47602;547472;63210;67876;70237;48512;30664;280499;67244;70509;71021;41261;16938;266973;1998;71
72;Sarthe;136431;145162;128980;76720;40394;527687;66647;71553;64468;41267;25634;269569;69784;73609;64512;35453;14760;258118;1998;72
73;Savoie;94527;106491;94865;49769;24245;369897;45885;52623;47076;26865;15820;188269;48642;53868;47789;22904;8425;181628;1998;73
74;Haute-Savoie;169444;187078;164524;71560;33248;625854;82011;92790;81679;38622;21528;316630;87433;94288;82845;32938;11720;309224;1998;74
75;Paris;407304;765258;536524;246059;156170;2111315;202660;394147;279394;141018;105550;1122769;204644;371111;257130;105041;50620;988546;1998;75
76;Seine-Maritime;343207;356839;306105;156493;77140;1239784;168018;179777;154002;86923;51258;639978;175189;177062;152103;69570;25882;599806;1998;76
77;Seine-et-Marne;355680;353291;310238;110254;53080;1182543;173483;178752;153362;58954;34794;599345;182197;174539;156876;51300;18286;583198;1998;77
78;Yvelines;391616;398616;365116;138329;60046;1353723;190913;201346;183541;73384;39721;688905;200703;197270;181575;64945;20325;664818;1998;78
79;Deux-Sèvres;83835;90196;86197;54983;29363;344574;40477;44144;42884;28823;18068;174396;43358;46052;43313;26160;11295;170178;1998;79
80;Somme;149161;161403;134197;74101;35733;554595;73281;80498;67017;40515;23064;284375;75880;80905;67180;33586;12669;270220;1998;80
81;Tarn;78193;83934;86962;60577;32963;342629;37861;41588;44058;32247;20447;176201;40332;42346;42904;28330;12516;166428;1998;81
82;Tarn-et-Garonne;48527;52304;52163;33847;18678;205519;23596;25913;26039;18012;11453;105013;24931;26391;26124;15835;7225;100506;1998;82
83;Var;211504;224309;227039;150819;77927;891598;103159;113043;116319;80701;48774;461996;108345;111266;110720;70118;29153;429602;1998;83
84;Vaucluse;130393;132754;127173;70931;35697;496948;63587;67179;64318;38072;22680;255836;66806;65575;62855;32859;13017;241112;1998;84
85;Vendée;135639;140330;130822;87082;41449;535322;65947;68324;64938;46325;26227;271761;69692;72006;65884;40757;15222;263561;1998;85
86;Vienne;96394;114271;96850;58024;32402;397941;47568;57526;48603;30648;20231;204576;48826;56745;48247;27376;12171;193365;1998;86
87;Haute-Vienne;75112;95119;91280;58554;33876;353941;36760;47943;46028;31841;21448;184020;38352;47176;45252;26713;12428;169921;1998;87
88;Vosges;99780;101642;95834;56519;28016;381791;48477;49699;47352;31218;18738;195484;51303;51943;48482;25301;9278;186307;1998;88
89;Yonne;83533;84370;83355;52440;29075;332773;40446;41698;40669;28136;18534;169483;43087;42672;42686;24304;10541;163290;1998;89
90;Territoire de Belfort;36432;40314;34643;17655;8190;137234;17551;19315;17091;9620;5503;69080;18881;20999;17552;8035;2687;68154;1998;90
91;Essonne;320668;349237;299925;115130;48693;1133653;156880;174041;150525;60981;32447;574874;163788;175196;149400;54149;16246;558779;1998;91
92;Hauts-de-Seine;346798;469396;353524;163417;85975;1419110;170480;240766;180777;91379;57808;741210;176318;228630;172747;72038;28167;677900;1998;92
93;Seine-Saint-Denis;402490;437812;347532;139888;58301;1386023;197405;224225;170418;76186;38795;707029;205085;213587;177114;63702;19506;678994;1998;93
94;Val-de-Marne;315071;391721;312974;137993;67714;1225473;154683;199224;158114;76911;45353;634285;160388;192497;154860;61082;22361;591188;1998;94
95;Val-d'Oise;334550;333218;285747;102990;44277;1100782;163529;170100;142630;55594;29687;561540;171021;163118;143117;47396;14590;539242;1998;95
2A;Corse-du-Sud;28002;30905;31228;18844;9484;118463;13497;15939;15460;9988;6135;61019;14505;14966;15768;8856;3349;57444;1998;201
2B;Haute-Corse;31937;38726;36793;22078;11469;141003;15507;19420;17759;11637;7356;71679;16430;19306;19034;10441;4113;69324;1998;202
971;Guadeloupe;126692;121010;83131;34172;15733;380738;62382;62910;43800;18583;9552;197227;64310;58100;39331;15589;6181;183511;1998;971
972;Martinique;117345;116858;84003;40449;18566;377221;58010;61437;44886;22086;11485;197904;59335;55421;39117;18363;7081;179317;1998;972
973;Guyane;66762;47755;27292;6178;2255;150242;32912;24125;12950;3023;1322;74332;33850;23630;14342;3155;933;75910;1998;973
974;La Réunion;263183;228359;136181;47942;16519;692184;129554;116510;68766;26089;10829;351748;133629;111849;67415;21853;5690;340436;1998;974
01;Ain;140999;143846;128419;61294;29643;504201;68735;71122;62693;32263;19027;253840;72264;72724;65726;29031;10616;250361;1997;1
02;Aisne;150713;148508;130143;75769;32618;537751;73670;73429;64202;41544;21374;274219;77043;75079;65941;34225;11244;263532;1997;2
03;Allier;75330;87333;88689;63312;33536;348200;36721;43112;44604;34700;21670;180807;38609;44221;44085;28612;11866;167393;1997;3
04;Alpes-de-Haute-Provence;32988;35310;35410;23081;11584;138373;15941;17715;17554;12092;7168;70470;17047;17595;17856;10989;4416;67903;1997;4
05;Hautes-Alpes;29697;32160;30178;18046;9352;119433;14380;16001;15007;9431;5826;60645;15317;16159;15171;8615;3526;58788;1997;5
06;Alpes-Maritimes;220480;260726;250775;167079;103300;1002360;107500;134495;130745;92934;66702;532376;112980;126231;120030;74145;36598;469984;1997;6
07;Ardèche;68299;73281;72113;46218;23900;283811;33197;35853;35732;24347;15525;144654;35102;37428;36381;21871;8375;139157;1997;7
08;Ardennes;81186;81179;70752;41733;17325;292175;39369;39980;34803;22734;11412;148298;41817;41199;35949;18999;5913;143877;1997;8
09;Ariège;29498;33412;33961;25481;14192;136544;14232;16494;16646;13460;8695;69527;15266;16918;17315;12021;5497;67017;1997;9
10;Aube;76304;81160;73167;41093;20988;292712;37187;40041;36382;22441;13552;149603;39117;41119;36785;18652;7436;143109;1997;10
11;Aude;68909;76644;74866;55289;29896;305604;33393;37758;37843;29476;18468;156938;35516;38886;37023;25813;11428;148666;1997;11
12;Aveyron;56889;64998;65570;50340;27230;265027;27441;31342;32418;26528;16971;134700;29448;33656;33152;23812;10259;130327;1997;12
13;Bouches-du-Rhône;459882;521386;462583;248187;123233;1815271;224431;266248;235695;135237;79219;940830;235451;255138;226888;112950;44014;874441;1997;13
14;Calvados;176008;186510;155331;85085;38934;641868;86739;93677;78480;47074;26135;332105;89269;92833;76851;38011;12799;309763;1997;14
15;Cantal;32704;39089;38797;27853;14297;152740;15857;18883;18881;14794;9114;77529;16847;20206;19916;13059;5183;75211;1997;15
16;Charente;79757;88953;86008;56123;29590;340431;38808;44049;43204;29901;18829;174791;40949;44904;42804;26222;10761;165640;1997;16
17;Charente-Maritime;126797;137641;137305;96712;48586;547041;61604;68532;69948;51608;30422;282114;65193;69109;67357;45104;18164;264927;1997;17
18;Cher;74129;82901;80432;51771;26888;316121;36069;40972;39566;27613;17384;161604;38060;41929;40866;24158;9504;154517;1997;18
19;Corrèze;47797;57800;59095;44479;24596;233767;23114;28042;29475;24170;15644;120445;24683;29758;29620;20309;8952;113322;1997;19
21;Côte-d'Or;131520;150462;124210;65650;33874;505716;65098;76194;62064;35685;21936;260977;66422;74268;62146;29965;11938;244739;1997;21
22;Côtes-d'Armor;130409;133182;133556;96754;45423;539324;63494;64760;66683;53281;30363;278581;66915;68422;66873;43473;15060;260743;1997;22
23;Creuse;23932;29192;30434;26854;15444;125856;11580;14023;14714;14286;9855;64458;12352;15169;15720;12568;5589;61398;1997;23
24;Dordogne;81934;93108;97872;74988;39491;387393;39803;46253;49339;39908;24724;200027;42131;46855;48533;35080;14767;187366;1997;24
25;Doubs;136245;147949;123117;62758;27650;497719;66597;73698;61390;33887;18076;253648;69648;74251;61727;28871;9574;244071;1997;25
26;Drôme;114621;115589;109524;62010;30507;432251;55668;57783;55007;33248;19428;221134;58953;57806;54517;28762;11079;211117;1997;26
27;Eure;153493;152207;134401;66565;30520;537186;74703;75745;66113;35716;19972;272249;78790;76462;68288;30849;10548;264937;1997;27
28;Eure-et-Loir;113940;112024;101676;53132;27021;407793;55644;55793;49871;28295;16947;206550;58296;56231;51805;24837;10074;201243;1997;28
29;Finistère;211256;231855;204208;135032;64724;847075;102734;111787;102051;75989;43786;436347;108522;120068;102157;59043;20938;410728;1997;29
30;Gard;153905;162349;156107;94118;46502;612981;75293;81598;78797;50445;29288;315421;78612;80751;77310;43673;17214;297560;1997;30
31;Haute-Garonne;246391;331941;248934;125718;63862;1016846;120943;166874;126642;68276;40478;523213;125448;165067;122292;57442;23384;493633;1997;31
32;Gers;35555;41428;44217;33371;17830;172401;17145;20375;22022;17135;10825;87502;18410;21053;22195;16236;7005;84899;1997;32
33;Gironde;312307;377795;318432;172058;89567;1270159;153200;192189;162309;94394;58611;660703;159107;185606;156123;77664;30956;609456;1997;33
34;Hérault;213409;252090;211531;129490;65750;872270;104685;129854;109113;70110;41238;455000;108724;122236;102418;59380;24512;417270;1997;34
35;Ille-et-Vilaine;229169;259650;199053;110446;50408;848726;112399;129485;100132;60647;33628;436291;116770;130165;98921;49799;16780;412435;1997;35
36;Indre;50237;58885;58131;42370;23206;232829;24506;28831;28617;22616;14668;119238;25731;30054;29514;19754;8538;113591;1997;36
37;Indre-et-Loire;138994;157817;134974;76377;41100;549262;68819;80015;68334;40951;26238;284357;70175;77802;66640;35426;14862;264905;1997;37
38;Isère;294505;324512;268854;130644;58372;1076887;143500;160439;134305;70207;38041;546492;151005;164073;134549;60437;20331;530395;1997;38
39;Jura;64122;67243;61887;38077;19330;250659;31181;33106;30532;20442;12215;127476;32941;34137;31355;17635;7115;123183;1997;39
40;Landes;72592;83198;82086;57261;28013;323150;35004;40662;41477;30499;17969;165611;37588;42536;40609;26762;10044;157539;1997;40
41;Loir-et-Cher;75622;81978;76940;51531;27589;313660;36898;40476;38304;27278;17261;160217;38724;41502;38636;24253;10328;153443;1997;41
42;Loire;189688;197860;184168;109854;53717;735287;92754;98352;92679;60891;35650;380326;96934;99508;91489;48963;18067;354961;1997;42
43;Haute-Loire;49851;54137;51533;34876;17158;207555;24129;26222;24912;18888;11246;105397;25722;27915;26621;15988;5912;102158;1997;43
44;Loire-Atlantique;305503;324183;274087;144655;65660;1114088;149548;161718;138863;80511;44055;574695;155955;162465;135224;64144;21605;539393;1997;44
45;Loiret;163500;174777;151465;81737;40890;612369;80156;87150;75485;43787;25709;312287;83344;87627;75980;37950;15181;300082;1997;45
46;Lot;33590;37766;40035;31435;16248;159074;16322;18598;20065;16564;10121;81670;17268;19168;19970;14871;6127;77404;1997;46
47;Lot-et-Garonne;70166;74872;76951;54293;28309;304591;34098;37659;38918;28979;17605;157259;36068;37213;38033;25314;10704;147332;1997;47
48;Lozère;16369;19130;18278;12422;7020;73219;7894;9153;8602;6372;4401;36422;8475;9977;9676;6050;2619;36797;1997;48
49;Maine-et-Loire;206685;208271;169281;95317;47589;727143;101225;104017;85242;51757;30884;373125;105460;104254;84039;43560;16705;354018;1997;49
50;Manche;126681;128225;112723;78026;35203;480858;61371;62420;55742;42293;23312;245138;65310;65805;56981;35733;11891;235720;1997;50
51;Marne;153005;173296;138180;68472;32845;565798;75019;86517;69019;37510;21649;289714;77986;86779;69161;30962;11196;276084;1997;51
52;Haute-Marne;51450;52848;48781;29817;14346;197242;24812;25818;23882;16108;9242;99862;26638;27030;24899;13709;5104;97380;1997;52
53;Mayenne;76632;77346;66159;42330;20659;283126;36938;37384;33181;22514;13501;143518;39694;39962;32978;19816;7158;139608;1997;53
54;Meurthe-et-Moselle;189767;214746;174175;96890;40870;716448;92703;107496;87478;53626;27548;368851;97064;107250;86697;43264;13322;347597;1997;54
55;Meuse;51269;52915;46950;29749;13455;194338;24807;25522;23083;16118;8830;98360;26462;27393;23867;13631;4625;95978;1997;55
56;Morbihan;163038;170654;153728;102890;44919;635229;79249;82852;77139;56577;29980;325797;83789;87802;76589;46313;14939;309432;1997;56
57;Moselle;273318;305102;255244;138596;50249;1022509;133094;150808;126636;74924;33547;519009;140224;154294;128608;63672;16702;503500;1997;57
58;Nièvre;50732;55335;57404;42068;22084;227623;24688;27172;28552;22675;14362;117449;26044;28163;28852;19393;7722;110174;1997;58
59;Nord;762011;762486;589477;310747;128787;2553508;372652;382587;297066;175795;88422;1316522;389359;379899;292411;134952;40365;1236986;1997;59
60;Oise;225482;225763;193449;82784;36513;763991;109615;112433;94241;44343;23838;384470;115867;113330;99208;38441;12675;379521;1997;60
61;Orne;75984;76459;71303;47506;22162;293414;36788;37341;35496;25444;14501;149570;39196;39118;35807;22062;7661;143844;1997;61
62;Pas-de-Calais;423461;407231;335988;193467;80880;1441027;206447;201853;169052;110033;55509;742894;217014;205378;166936;83434;25371;698133;1997;62
63;Puy-de-Dôme;141922;172915;157709;88197;40993;601736;69771;86130;78603;48534;26890;309928;72151;86785;79106;39663;14103;291808;1997;63
64;Pyrénées-Atlantiques;137442;159287;148171;96389;50240;591529;66671;79429;75708;52365;32740;306913;70771;79858;72463;44024;17500;284616;1997;64
65;Hautes-Pyrénées;47842;57082;57955;39591;20639;223109;23194;28186;29324;21462;13249;115415;24648;28896;28631;18129;7390;107694;1997;65
66;Pyrénées-Orientales;87678;96785;92348;71183;37119;385113;42812;49262;48093;38329;22916;201412;44866;47523;44255;32854;14203;183701;1997;66
67;Bas-Rhin;262189;320930;247941;124907;53882;1009849;128667;160363;121954;69423;37108;517515;133522;160567;125987;55484;16774;492334;1997;67
68;Haut-Rhin;185105;209115;177089;92492;37129;700930;90244;103626;86665;50844;25624;357003;94861;105489;90424;41648;11505;343927;1997;68
69;Rhône;417358;483659;379544;190680;90068;1561309;205585;245883;193141;105157;60500;810266;211773;237776;186403;85523;29568;751043;1997;69
70;Haute-Saône;60182;61194;57732;33675;16403;229186;29112;29683;28195;18091;10594;115675;31070;31511;29537;15584;5809;113511;1997;70
71;Saône-et-Loire;131956;140976;139728;90816;45889;549365;63983;69106;69507;49038;29764;281398;67973;71870;70221;41778;16125;267967;1997;71
72;Sarthe;136889;146873;126917;76869;38903;526451;66899;72414;63432;41287;24861;268893;69990;74459;63485;35582;14042;257558;1997;72
73;Savoie;94284;106874;92887;49623;23241;366909;45797;52751;46013;26846;15143;186550;48487;54123;46874;22777;8098;180359;1997;73
74;Haute-Savoie;168840;187727;160582;71128;31686;619963;81823;93038;79548;38506;20634;313549;87017;94689;81034;32622;11052;306414;1997;74
75;Paris;407830;765871;532263;249644;155261;2110869;202805;394785;276527;144066;105338;1123521;205025;371086;255736;105578;49923;987348;1997;75
76;Seine-Maritime;344713;361556;301220;157064;74593;1239146;168819;182100;151404;87360;49723;639406;175894;179456;149816;69704;24870;599740;1997;76
77;Seine-et-Marne;356497;354429;304511;109231;51621;1176289;173749;179391;150187;58531;33987;595845;182748;175038;154324;50700;17634;580444;1997;77
78;Yvelines;393831;402438;362235;136630;58046;1353180;191981;203377;181550;72758;38524;688190;201850;199061;180685;63872;19522;664990;1997;78
79;Deux-Sèvres;84787;91371;84767;55446;28389;344760;40989;44777;42113;29076;17490;174445;43798;46594;42654;26370;10899;170315;1997;79
80;Somme;150099;162750;131825;74593;34403;553670;73682;81301;65767;40740;22366;283856;76417;81449;66058;33853;12037;269814;1997;80
81;Tarn;78492;85028;85622;61202;31772;342116;37946;42188;43367;32549;19880;175930;40546;42840;42255;28653;11892;166186;1997;81
82;Tarn-et-Garonne;48548;53019;51246;34323;18072;205208;23605;26241;25597;18207;11167;104817;24943;26778;25649;16116;6905;100391;1997;82
83;Var;209984;225234;221598;150803;74968;882587;102250;113511;113353;80719;47129;456962;107734;111723;108245;70084;27839;425625;1997;83
84;Vaucluse;129434;133530;124624;71036;34356;492980;63026;67697;62780;38217;21920;253640;66408;65833;61844;32819;12436;239340;1997;84
85;Vendée;136207;141123;127508;87049;39610;531497;66300;68666;63253;46335;25262;269816;69907;72457;64255;40714;14348;261681;1997;85
86;Vienne;96430;114566;95092;58376;31382;395846;47525;57668;47675;30846;19654;203368;48905;56898;47417;27530;11728;192478;1997;86
87;Haute-Vienne;75691;95946;90283;59561;32943;354424;37014;48365;45449;32426;20995;184249;38677;47581;44834;27135;11948;170175;1997;87
88;Vosges;100866;103218;94977;56625;27263;382949;48959;50549;46921;31326;18307;196062;51907;52669;48056;25299;8956;186887;1997;88
89;Yonne;83939;85030;81546;52931;28251;331697;40589;42097;39680;28425;18141;168932;43350;42933;41866;24506;10110;162765;1997;89
90;Territoire de Belfort;36719;40657;34160;17800;7819;137155;17656;19497;16869;9743;5248;69013;19063;21160;17291;8057;2571;68142;1997;90
91;Essonne;320822;352878;297179;113526;47109;1131514;156890;175692;148873;60340;31575;573370;163932;177186;148306;53186;15534;558144;1997;91
92;Hauts-de-Seine;344140;469905;349638;164964;83645;1412292;169180;241014;178211;92636;56441;737482;174960;228891;171427;72328;27204;674810;1997;92
93;Seine-Saint-Denis;403934;443667;344015;140484;56704;1388804;198084;227045;168176;76829;37900;708034;205850;216622;175839;63655;18804;680770;1997;93
94;Val-de-Marne;314201;394876;309197;138739;65416;1222429;154283;200575;156013;77480;44046;632397;159918;194301;153184;61259;21370;590032;1997;94
95;Val-d'Oise;336031;337011;281395;102666;42947;1100050;164171;172018;140097;55627;28886;560799;171860;164993;141298;47039;14061;539251;1997;95
2A;Corse-du-Sud;28237;31448;30881;18941;9205;118712;13607;16210;15176;10085;5940;61018;14630;15238;15705;8856;3265;57694;1997;201
2B;Haute-Corse;31917;39024;36185;22212;11047;140385;15544;19531;17314;11818;7073;71280;16373;19493;18871;10394;3974;69105;1997;202
971;Guadeloupe;127220;120237;80321;33346;15040;376164;62660;62353;42238;18128;9156;194535;64560;57884;38083;15218;5884;181629;1997;971
972;Martinique;118107;116620;81756;39502;17888;373873;58339;61167;43631;21559;11090;195786;59768;55453;38125;17943;6798;178087;1997;972
973;Guyane;64380;46615;25837;5962;2143;144937;31740;23346;12191;2924;1251;71452;32640;23269;13646;3038;892;73485;1997;973
974;La Réunion;261298;225403;131611;46241;15632;680185;128734;114997;66429;25218;10337;345715;132564;110406;65182;21023;5295;334470;1997;974
01;Ain;140095;144245;125299;61208;28463;499310;68357;71210;61009;32315;18358;251249;71738;73035;64290;28893;10105;248061;1996;1
02;Aisne;151540;151033;127658;76725;31061;538017;73941;74735;62944;42027;20570;274217;77599;76298;64714;34698;10491;263800;1996;2
03;Allier;75992;89074;87762;64302;32246;349376;37016;43982;44152;35214;20920;181284;38976;45092;43610;29088;11326;168092;1996;3
04;Alpes-de-Haute-Provence;32618;35833;34802;23191;11009;137453;15804;17903;17264;12127;6849;69947;16814;17930;17538;11064;4160;67506;1996;4
05;Hautes-Alpes;29530;32522;29427;18116;8931;118526;14275;16135;14601;9461;5620;60092;15255;16387;14826;8655;3311;58434;1996;5
06;Alpes-Maritimes;219343;262644;248048;169788;100331;1000154;107068;135204;129234;94547;65023;531076;112275;127440;118814;75241;35308;469078;1996;6
07;Ardèche;68330;74130;70796;46717;22865;282838;33212;36337;35014;24701;14912;144176;35118;37793;35782;22016;7953;138662;1996;7
08;Ardennes;81984;82415;69855;42050;16518;292822;39826;40599;34395;22909;10951;148680;42158;41816;35460;19141;5567;144142;1996;8
09;Ariège;29462;33831;33302;25895;13729;136219;14229;16691;16341;13663;8430;69354;15233;17140;16961;12232;5299;66865;1996;9
10;Aube;76436;82116;72121;41289;20419;292381;37214;40539;35796;22574;13172;149295;39222;41577;36325;18715;7247;143086;1996;10
11;Aude;68516;77693;73386;56372;28563;304530;33178;38121;37085;30071;17719;156174;35338;39572;36301;26301;10844;148356;1996;11
12;Aveyron;57368;65889;65178;50694;26363;265492;27704;31796;32201;26766;16582;135049;29664;34093;32977;23928;9781;130443;1996;12
13;Bouches-du-Rhône;458545;525159;457394;250100;118028;1809226;223643;268128;232484;136494;76204;936953;234902;257031;224910;113606;41824;872273;1996;13
14;Calvados;175865;187880;151785;85222;36917;637669;86630;94532;76601;47202;25020;329985;89235;93348;75184;38020;11897;307684;1996;14
15;Cantal;33341;40037;38356;28282;13761;153777;16181;19368;18638;15072;8795;78054;17160;20669;19718;13210;4966;75723;1996;15
16;Charente;80391;90575;84641;56731;28448;340786;39157;44859;42422;30293;18217;174948;41234;45716;42219;26438;10231;165838;1996;16
17;Charente-Maritime;126620;139189;134432;97275;46319;543835;61612;69343;68390;51964;29171;280480;65008;69846;66042;45311;17148;263355;1996;17
18;Cher;74585;84707;79497;52087;26037;316913;36401;41712;39177;27821;16898;162009;38184;42995;40320;24266;9139;154904;1996;18
19;Corrèze;48326;58884;58338;45472;23521;234541;23409;28551;29124;24761;15008;120853;24917;30333;29214;20711;8513;113688;1996;19
21;Côte-d'Or;131540;151953;122027;65967;32535;504022;65091;76836;60923;35932;21115;259897;66449;75117;61104;30035;11420;244125;1996;21
22;Côtes-d'Armor;130513;134540;131389;97281;43133;536856;63593;65384;65730;53595;29003;277305;66920;69156;65659;43686;14130;259551;1996;22
23;Creuse;24063;29812;30170;27400;14914;126359;11654;14349;14567;14554;9589;64713;12409;15463;15603;12846;5325;61646;1996;23
24;Dordogne;82266;94544;96286;75907;37682;386685;39968;46902;48565;40431;23693;199559;42298;47642;47721;35476;13989;187126;1996;24
25;Doubs;136873;149379;121454;62546;26596;496848;67033;74331;60432;33841;17449;253086;69840;75048;61022;28705;9147;243762;1996;25
26;Drôme;113793;116757;107114;62313;29234;429211;55334;58182;53840;33407;18740;219503;58459;58575;53274;28906;10494;209708;1996;26
27;Eure;153611;153948;131151;66472;29331;534513;74708;76632;64373;35688;19299;270700;78903;77316;66778;30784;10032;263813;1996;27
28;Eure-et-Loir;114577;113344;99515;53549;25976;406961;55917;56518;48706;28552;16412;206105;58660;56826;50809;24997;9564;200856;1996;28
29;Finistère;211282;234293;200457;135871;62213;844116;102741;113092;100180;76602;42284;434899;108541;121201;100277;59269;19929;409217;1996;29
30;Gard;152756;164142;152839;94864;44371;608972;74654;82439;77053;50944;28094;313184;78102;81703;75786;43920;16277;295788;1996;30
31;Haute-Garonne;242538;331514;243135;125956;61023;1004166;118993;166654;123594;68654;38847;516742;123545;164860;119541;57302;22176;487424;1996;31
32;Gers;35566;42341;43811;33646;17196;172560;17150;20841;21762;17238;10511;87502;18416;21500;22049;16408;6685;85058;1996;32
33;Gironde;311754;380110;312133;174050;85380;1263427;152931;193220;158879;95759;56243;657032;158823;186890;153254;78291;29137;606395;1996;33
34;Hérault;211027;251193;206474;130540;62447;861681;103577;129201;106455;70704;39333;449270;107450;121992;100019;59836;23114;412411;1996;34
35;Ille-et-Vilaine;227902;259506;194910;110447;47885;840650;111843;129368;98109;60839;32140;432299;116059;130138;96801;49608;15745;408351;1996;35
36;Indre;50730;59769;57445;42924;22507;233375;24824;29259;28290;22963;14222;119558;25906;30510;29155;19961;8285;113817;1996;36
37;Indre-et-Loire;138846;159062;132304;76505;39439;546156;68739;80587;66989;41106;25300;282721;70107;78475;65315;35399;14139;263435;1996;37
38;Isère;293043;325416;263505;130313;55561;1067838;142849;161021;131301;70117;36600;541888;150194;164395;132204;60196;18961;525950;1996;38
39;Jura;64562;68162;60963;38583;18599;250869;31424;33526;30044;20780;11823;127597;33138;34636;30919;17803;6776;123272;1996;39
40;Landes;72517;83935;80694;57424;26670;321240;34948;41036;40725;30583;17318;164610;37569;42899;39969;26841;9352;156630;1996;40
41;Loir-et-Cher;75754;82904;75588;51706;26638;312590;36986;40907;37604;27320;16858;159675;38768;41997;37984;24386;9780;152915;1996;41
42;Loire;191659;200953;183086;111103;51869;738670;93739;99964;92101;61515;34630;381949;97920;100989;90985;49588;17239;356721;1996;42
43;Haute-Loire;49843;54745;50602;35182;16523;206895;24125;26477;24558;19050;10915;105125;25718;28268;26044;16132;5608;101770;1996;43
44;Loire-Atlantique;305389;324316;268535;144464;62316;1105020;149508;161790;136058;80571;42119;570046;155881;162526;132477;63893;20197;534974;1996;44
45;Loiret;163125;175725;148475;81839;39167;608331;79965;87666;73820;43901;24677;310029;83160;88059;74655;37938;14490;298302;1996;45
46;Lot;33516;38291;39286;31745;15525;158363;16284;18903;19633;16776;9736;81332;17232;19388;19653;14969;5789;77031;1996;46
47;Lot-et-Garonne;70283;76087;75851;54755;27088;304064;34164;38194;38374;29324;16868;156924;36119;37893;37477;25431;10220;147140;1996;47
48;Lozère;16404;19344;17985;12600;6700;73033;7929;9231;8501;6463;4214;36338;8475;10113;9484;6137;2486;36695;1996;48
49;Maine-et-Loire;207538;209802;165756;95563;45665;724324;101556;104926;83504;51910;29784;371680;105982;104876;82252;43653;15881;352644;1996;49
50;Manche;127374;130241;110979;78221;33452;480267;61801;63300;54968;42470;22365;244904;65573;66941;56011;35751;11087;235363;1996;50
51;Marne;153899;175262;136087;68665;31631;565544;75476;87449;67884;37659;20960;289428;78423;87813;68203;31006;10671;276116;1996;51
52;Haute-Marne;52105;54135;48146;30024;13865;198275;25143;26411;23566;16236;8975;100331;26962;27724;24580;13788;4890;97944;1996;52
53;Mayenne;77029;78012;64987;42402;19946;282376;37170;37674;32705;22604;13121;143274;39859;40338;32282;19798;6825;139102;1996;53
54;Meurthe-et-Moselle;190567;217861;172153;97476;39144;717201;93156;109047;86407;54011;26556;369177;97411;108814;85746;43465;12588;348024;1996;54
55;Meuse;51809;53732;46067;30117;12897;194622;25054;25923;22622;16331;8556;98486;26755;27809;23445;13786;4341;96136;1996;55
56;Morbihan;163669;172581;150668;102574;42550;632042;79631;83744;75705;56458;28600;324138;84038;88837;74963;46116;13950;307904;1996;56
57;Moselle;274391;309504;250956;137965;47442;1020258;133449;153231;124209;74771;31857;517517;140942;156273;126747;63194;15585;502741;1996;57
58;Nièvre;51308;56571;56656;42780;21253;228568;24996;27757;28158;23081;13909;117901;26312;28814;28498;19699;7344;110667;1996;58
59;Nord;765609;769796;579926;315248;122152;2552731;374392;386343;291931;178439;84486;1315591;391217;383453;287995;136809;37666;1237140;1996;59
60;Oise;225932;227623;189581;82569;35209;760914;109767;113480;92066;44295;23105;382713;116165;114143;97515;38274;12104;378201;1996;60
61;Orne;76575;77770;70244;47779;21148;293516;37105;37998;35030;25597;14002;149732;39470;39772;35214;22182;7146;143784;1996;61
62;Pas-de-Calais;425283;411585;329555;194970;77407;1438800;207564;204022;165863;110813;53487;741749;217719;207563;163692;84157;23920;697051;1996;62
63;Puy-de-Dôme;142596;174997;155047;89231;38969;600840;70144;87214;77109;49164;25754;309385;72452;87783;77938;40067;13215;291455;1996;63
64;Pyrénées-Atlantiques;137357;160732;145983;96485;48502;589059;66634;80096;74644;52445;31700;305519;70723;80636;71339;44040;16802;283540;1996;64
65;Hautes-Pyrénées;48011;58320;57335;39920;19974;223560;23318;28748;29016;21620;12860;115562;24693;29572;28319;18300;7114;107998;1996;65
66;Pyrénées-Orientales;86672;96916;90547;71508;35546;381189;42331;49333;47095;38566;21970;199295;44341;47583;43452;32942;13576;181894;1996;66
67;Bas-Rhin;260551;323196;242298;124934;51576;1002555;127940;161468;118950;69963;35715;514036;132611;161728;123348;54971;15861;488519;1996;67
68;Haut-Rhin;184347;211224;173584;92194;35435;696784;89818;104669;84767;51059;24613;354926;94529;106555;88817;41135;10822;341858;1996;68
69;Rhône;416116;486148;376187;191566;86420;1556437;204979;247054;191072;105865;58388;807358;211137;239094;185115;85701;28032;749079;1996;69
70;Haute-Saône;60571;62048;56788;33889;15808;229104;29299;30152;27611;18256;10263;115581;31272;31896;29177;15633;5545;113523;1996;70
71;Saône-et-Loire;133446;143745;138167;91901;44296;551555;64798;70543;68666;49669;28858;282534;68648;73202;69501;42232;15438;269021;1996;71
72;Sarthe;136976;147987;124478;77067;37467;523975;66834;73034;62268;41389;24008;267533;70142;74953;62210;35678;13459;256442;1996;72
73;Savoie;93648;107806;90771;49581;22181;363987;45581;53099;44970;26939;14484;185073;48067;54707;45801;22642;7697;178914;1996;73
74;Haute-Savoie;167522;188364;156976;70546;30059;613467;81273;93286;77552;38369;19668;310148;86249;95078;79424;32177;10391;303319;1996;74
75;Paris;408506;769263;530103;254569;154071;2116512;203172;396658;274846;147851;104970;1127497;205334;372605;255257;106718;49101;989015;1996;75
76;Seine-Maritime;346446;366963;296662;157809;72057;1239937;169703;184719;149013;87802;48358;639595;176743;182244;147649;70007;23699;600342;1996;76
77;Seine-et-Marne;356112;356477;298681;108500;50057;1169827;173522;180640;146744;58284;33007;592197;182590;175837;151937;50216;17050;577630;1996;77
78;Yvelines;394621;406286;358956;135094;55582;1350539;192473;205391;179307;72171;37063;686405;202148;200895;179649;62923;18519;664134;1996;78
79;Deux-Sèvres;85535;92834;83773;55667;27446;345255;41436;45509;41599;29214;16985;174743;44099;47325;42174;26453;10461;170512;1996;79
80;Somme;150949;164199;129511;75178;33201;553038;74198;82002;64598;40982;21738;283518;76751;82197;64913;34196;11463;269520;1996;80
81;Tarn;78774;86239;84554;61852;30521;341940;38084;42786;42848;32903;19185;175806;40690;43453;41706;28949;11336;166134;1996;81
82;Tarn-et-Garonne;48416;53678;50493;34864;17191;204642;23594;26510;25227;18498;10671;104500;24822;27168;25266;16366;6520;100142;1996;82
83;Var;207573;225883;216259;150558;71232;871505;100950;113776;110483;80622;45122;450953;106623;112107;105776;69936;26110;420552;1996;83
84;Vaucluse;128336;134630;122483;71122;32759;489330;62415;68243;61513;38426;20964;251561;65921;66387;60970;32696;11795;237769;1996;84
85;Vendée;136996;142156;124661;86753;37778;528344;66633;69202;61863;46197;24232;268127;70363;72954;62798;40556;13546;260217;1996;85
86;Vienne;96234;115348;93279;58843;30141;393845;47365;58025;46753;31032;18994;202169;48869;57323;46526;27811;11147;191676;1996;86
87;Haute-Vienne;75961;96929;89134;60547;31844;354415;37128;48812;44778;33021;20410;184149;38833;48117;44356;27526;11434;170266;1996;87
88;Vosges;101722;104926;93594;57050;26409;383701;49499;51352;46215;31566;17843;196475;52223;53574;47379;25484;8566;187226;1996;88
89;Yonne;84049;85922;80029;53276;27454;330730;40659;42444;38984;28597;17698;168382;43390;43478;41045;24679;9756;162348;1996;89
90;Territoire de Belfort;36808;41106;33694;17783;7584;136975;17760;19679;16629;9756;5136;68960;19048;21427;17065;8027;2448;68015;1996;90
91;Essonne;321147;357258;295496;112024;45474;1131399;157121;177767;147773;59777;30563;573001;164026;179491;147723;52247;14911;558398;1996;91
92;Hauts-de-Seine;341177;471371;346780;166828;80793;1406949;167901;241712;175998;94058;54848;734517;173276;229659;170782;72770;25945;672432;1996;92
93;Seine-Saint-Denis;403631;450315;340132;140672;54918;1389668;197865;230237;165857;77341;36868;708168;205766;220078;174275;63331;18050;681500;1996;93
94;Val-de-Marne;313126;398923;306579;139364;63153;1221145;153741;202380;154353;78118;42713;631305;159385;196543;152226;61246;20440;589840;1996;94
95;Val-d'Oise;336255;341086;276898;102178;41392;1097809;164255;174218;137355;55590;27958;559376;172000;166868;139543;46588;13434;538433;1996;95
2A;Corse-du-Sud;28420;32170;30521;19184;8870;119165;13676;16509;14922;10248;5734;61089;14744;15661;15599;8936;3136;58076;1996;201
2B;Haute-Corse;31913;39462;35774;22130;10724;140003;15600;19678;16979;11852;6872;70981;16313;19784;18795;10278;3852;69022;1996;202
971;Guadeloupe;127813;119533;77613;32538;14376;371873;62970;61833;40743;17685;8772;192003;64843;57700;36870;14853;5604;179870;1996;971
972;Martinique;118918;116498;79583;38582;17237;370818;58691;60955;42419;21047;10708;193820;60227;55543;37164;17535;6529;176998;1996;972
973;Guyane;62084;45508;24461;5757;2038;139848;30611;22589;11475;2831;1185;68691;31473;22919;12986;2926;853;71157;1996;973
974;La Réunion;259835;222506;127120;44470;14984;668915;128117;113431;64159;24272;9978;339957;131718;109075;62961;20198;5006;328958;1996;974
01;Ain;139266;144996;122405;61197;27263;495127;67969;71551;59422;32365;17725;249032;71297;73445;62983;28832;9538;246095;1995;1
02;Aisne;152767;153222;125346;77602;29387;538324;74544;75733;61827;42419;19621;274144;78223;77489;63519;35183;9766;264180;1995;2
03;Allier;76970;90782;87056;65145;31105;351058;37530;44824;43699;35686;20269;182008;39440;45958;43357;29459;10836;169050;1995;3
04;Alpes-de-Haute-Provence;32295;36287;34114;23259;10437;136392;15687;18062;16914;12174;6533;69370;16608;18225;17200;11085;3904;67022;1995;4
05;Hautes-Alpes;29321;32833;28682;18207;8487;117530;14206;16219;14242;9512;5363;59542;15115;16614;14440;8695;3124;57988;1995;5
06;Alpes-Maritimes;218558;264742;245410;173257;96735;998702;106631;136225;127663;96614;62944;530077;111927;128517;117747;76643;33791;468625;1995;6
07;Ardèche;68314;74763;69543;47122;21745;281487;33180;36641;34364;24958;14326;143469;35134;38122;35179;22164;7419;138018;1995;7
08;Ardennes;82817;83770;68844;42159;15778;293368;40309;41197;33860;22994;10594;148954;42508;42573;34984;19165;5184;144414;1995;8
09;Ariège;29566;34533;32742;26459;13196;136496;14252;17024;16091;13914;8135;69416;15314;17509;16651;12545;5061;67080;1995;9
10;Aube;76916;83204;71101;41672;19682;292575;37484;41024;35250;22761;12775;149294;39432;42180;35851;18911;6907;143281;1995;10
11;Aude;68234;78582;72170;57261;27157;303404;33029;38359;36528;30501;16940;155357;35205;40223;35642;26760;10217;148047;1995;11
12;Aveyron;58013;66987;64717;51129;25627;266473;28118;32293;32007;27033;16154;135605;29895;34694;32710;24096;9473;130868;1995;12
13;Bouches-du-Rhône;457907;528538;451543;252033;112181;1802202;223351;269626;228960;137758;72957;932652;234556;258912;222583;114275;39224;869550;1995;13
14;Calvados;176014;189665;148045;85332;34682;633738;86572;95442;74816;47333;23655;327818;89442;94223;73229;37999;11027;305920;1995;14
15;Cantal;34134;40910;37859;28523;13204;154630;16563;19805;18418;15203;8513;78502;17571;21105;19441;13320;4691;76128;1995;15
16;Charente;81190;92240;83492;57150;27299;341371;39552;45713;41884;30545;17540;175234;41638;46527;41608;26605;9759;166137;1995;16
17;Charente-Maritime;126840;140592;131809;97832;43706;540779;61675;70080;67002;52285;27691;278733;65165;70512;64807;45547;16015;262046;1995;17
18;Cher;75454;86351;78716;52471;25258;318250;36818;42450;38771;28083;16496;162618;38636;43901;39945;24388;8762;155632;1995;18
19;Corrèze;48875;59970;57746;46245;22586;235422;23644;29205;28828;25131;14507;121315;25231;30765;28918;21114;8079;114107;1995;19
21;Côte-d'Or;131910;153422;119884;66392;31159;502767;65253;77565;59790;36149;20354;259111;66657;75857;60094;30243;10805;243656;1995;21
22;Côtes-d'Armor;131553;136610;129616;98424;40806;537009;64134;66335;64901;54307;27650;277327;67419;70275;64715;44117;13156;259682;1995;22
23;Creuse;24369;30378;29907;27881;14467;127002;11813;14553;14530;14727;9382;65005;12556;15825;15377;13154;5085;61997;1995;23
24;Dordogne;82838;96169;94872;76946;36116;386941;40297;47591;47841;41054;22870;199653;42541;48578;47031;35892;13246;187288;1995;24
25;Doubs;137444;150491;119581;62215;25332;495063;67265;74835;59397;33745;16710;251952;70179;75656;60184;28470;8622;243111;1995;25
26;Drôme;113619;118132;105277;62612;27868;427508;55246;58763;52895;33685;17972;218561;58373;59369;52382;28927;9896;208947;1995;26
27;Eure;153932;155410;127903;66583;27849;531677;74905;77292;62680;35751;18502;269130;79027;78118;65223;30832;9347;262547;1995;27
28;Eure-et-Loir;115393;114792;97444;53859;24880;406368;56334;57279;47535;28771;15775;205694;59059;57513;49909;25088;9105;200674;1995;28
29;Finistère;211611;236433;196981;137201;59072;841298;102928;114091;98562;77433;40347;433361;108683;122342;98419;59768;18725;407937;1995;29
30;Gard;152072;165641;149870;95829;42001;605413;74289;83039;75351;51561;26816;311056;77783;82602;74519;44268;15185;294357;1995;30
31;Haute-Garonne;239441;329948;237646;125956;58142;991133;117533;165687;120859;68798;37235;510112;121908;164261;116787;57158;20907;481021;1995;31
32;Gers;35713;43143;43239;34066;16489;172650;17239;21206;21430;17500;10100;87475;18474;21937;21809;16566;6389;85175;1995;32
33;Gironde;311657;381964;305608;176174;81062;1256465;152803;194008;155401;97076;53929;653217;158854;187956;150207;79098;27133;603248;1995;33
34;Hérault;208322;250132;201490;131478;58615;850037;102177;128512;103818;71241;37135;442883;106145;121620;97672;60237;21480;407154;1995;34
35;Ille-et-Vilaine;227781;258500;190739;110849;44986;832855;111837;128786;96221;61109;30476;428429;115944;129714;94518;49740;14510;404426;1995;35
36;Indre;51162;60896;56813;43337;21848;234056;25010;29761;28026;23151;13859;119807;26152;31135;28787;20186;7989;114249;1995;36
37;Indre-et-Loire;139007;160244;129635;76895;37701;543482;68868;81094;65598;41420;24320;281300;70139;79150;64037;35475;13381;262182;1995;37
38;Isère;292227;326290;258287;129956;53008;1059768;142418;161478;128386;70110;35176;537568;149809;164812;129901;59846;17832;522200;1995;38
39;Jura;64905;68847;59963;39060;17734;250509;31622;33855;29540;21036;11360;127413;33283;34992;30423;18024;6374;123096;1995;39
40;Landes;72467;84898;79324;57475;25614;319778;34993;41481;39970;30528;16822;163794;37474;43417;39354;26947;8792;155984;1995;40
41;Loir-et-Cher;76039;83686;74383;51980;25502;311590;37067;41270;36974;27532;16227;159070;38972;42416;37409;24448;9275;152520;1995;41
42;Loire;193568;203482;181616;111700;49825;740191;94581;101298;91373;61687;33565;382504;98987;102184;90243;50013;16260;357687;1995;42
43;Haute-Loire;50018;55387;49682;35470;15954;206511;24190;26784;24079;19264;10574;104891;25828;28603;25603;16206;5380;101620;1995;43
44;Loire-Atlantique;305451;324335;262597;144697;58953;1096033;149483;161726;133187;80859;40117;565372;155968;162609;129410;63838;18836;530661;1995;44
45;Loiret;163102;176488;145600;82081;37298;604569;79910;88110;72270;44090;23635;308015;83192;88378;73330;37991;13663;296554;1995;45
46;Lot;33564;38770;38692;32109;14842;157977;16332;19061;19379;16954;9393;81119;17232;19709;19313;15155;5449;76858;1995;46
47;Lot-et-Garonne;70704;77468;75026;55296;25816;304310;34375;38848;37942;29596;16158;156919;36329;38620;37084;25700;9658;147391;1995;47
48;Lozère;16550;19449;17679;12719;6487;72884;7981;9286;8379;6512;4119;36277;8569;10163;9300;6207;2368;36607;1995;48
49;Maine-et-Loire;208713;210520;162170;95671;43495;720569;102125;105203;81757;52116;28493;369694;106588;105317;80413;43555;15002;350875;1995;49
50;Manche;128454;132164;109262;78958;31472;480310;62346;63994;54349;42862;21316;244867;66108;68170;54913;36096;10156;235443;1995;50
51;Marne;154946;176918;133813;69022;30209;564908;75924;88298;66661;37874;20152;288909;79022;88620;67152;31148;10057;275999;1995;51
52;Haute-Marne;52823;55271;47562;30218;13389;199263;25488;26973;23269;16315;8760;100805;27335;28298;24293;13903;4629;98458;1995;52
53;Mayenne;77643;78305;64085;42461;18949;281443;37534;37868;32215;22706;12555;142878;40109;40437;31870;19755;6394;138565;1995;53
54;Meurthe-et-Moselle;191725;220686;169705;97715;37442;717273;93726;110453;85118;54197;25566;369060;97999;110233;84587;43518;11876;348213;1995;54
55;Meuse;52352;54492;45228;30409;12406;194887;25329;26359;22195;16449;8296;98628;27023;28133;23033;13960;4110;96259;1995;55
56;Morbihan;164604;174251;147942;102650;40071;629518;80014;84438;74515;56472;27164;322603;84590;89813;73427;46178;12907;306915;1995;56
57;Moselle;276258;314240;246561;137401;44961;1019421;134285;155697;121740;74734;30326;516782;141973;158543;124821;62667;14635;502639;1995;57
58;Nièvre;51952;57812;55952;43182;20679;229577;25292;28416;27691;23410;13556;118365;26660;29396;28261;19772;7123;111212;1995;58
59;Nord;770087;774696;569696;320046;114423;2548948;376502;388599;286436;181440;79902;1312879;393585;386097;283260;138606;34521;1236069;1995;59
60;Oise;225892;228881;185002;82350;33548;755673;109889;114067;89584;44237;22197;379974;116003;114814;95418;38113;11351;375699;1995;60
61;Orne;77518;78949;69520;48277;20004;294268;37633;38578;34716;25885;13331;150143;39885;40371;34804;22392;6673;144125;1995;61
62;Pas-de-Calais;428462;415476;323235;197104;73121;1437398;209224;205905;162779;111864;51083;740855;219238;209571;160456;85240;22038;696543;1995;62
63;Puy-de-Dôme;143697;176729;152803;89697;37107;600033;70556;88183;75868;49447;24701;308755;73141;88546;76935;40250;12406;291278;1995;63
64;Pyrénées-Atlantiques;137735;162656;144042;96975;46818;588226;66839;81011;73599;52825;30747;305021;70896;81645;70443;44150;16071;283205;1995;64
65;Hautes-Pyrénées;48205;59488;56803;40273;19167;223936;23450;29279;28753;21822;12373;115677;24755;30209;28050;18451;6794;108259;1995;65
66;Pyrénées-Orientales;85692;97004;88900;72011;33689;377296;41868;49308;46266;38789;20936;197167;43824;47696;42634;33222;12753;180129;1995;66
67;Bas-Rhin;258800;325227;236782;124692;49431;994932;127223;162459;116072;70409;34278;510441;131577;162768;120710;54283;15153;484491;1995;67
68;Haut-Rhin;183862;213088;169803;91774;34016;692543;89648;105442;82771;51129;23801;352791;94214;107646;87032;40645;10215;339752;1995;68
69;Rhône;415372;488701;372397;192436;82576;1551482;204517;248399;188600;106385;56370;804271;210855;240302;183797;86051;26206;747211;1995;69
70;Haute-Saône;61236;62776;56073;34186;15105;229376;29647;30549;27234;18450;9888;115768;31589;32227;28839;15736;5217;113608;1995;70
71;Saône-et-Loire;135343;146147;136523;92945;42423;553381;65721;71747;67853;50177;27886;283384;69622;74400;68670;42768;14537;269997;1995;71
72;Sarthe;137809;149207;122151;77449;35846;522462;67251;73663;61169;41538;23220;266841;70558;75544;60982;35911;12626;255621;1995;72
73;Savoie;93764;108593;89083;49719;21181;362340;45633;53472;44133;27035;13881;184154;48131;55121;44950;22684;7300;178186;1995;73
74;Haute-Savoie;166210;189112;153223;70280;28362;607187;80695;93565;75596;38300;18624;306780;85515;95547;77627;31980;9738;300407;1995;74
75;Paris;410008;770861;527583;260235;151858;2120545;203906;397693;272763;152137;103911;1130410;206102;373168;254820;108098;47947;990135;1995;75
76;Seine-Maritime;348288;371724;291765;158784;68796;1239357;170567;187086;146519;88301;46555;639028;177721;184638;145246;70483;22241;600329;1995;76
77;Seine-et-Marne;354598;357633;291190;107974;48026;1159421;172662;181174;142678;58219;31825;586558;181936;176459;148512;49755;16201;572863;1995;77
78;Yvelines;394948;409154;355041;133582;52746;1345471;192706;206789;176767;71619;35543;683424;202242;202365;178274;61963;17203;662047;1995;78
79;Deux-Sèvres;86470;94014;82539;56114;26119;345256;41839;46059;40989;29477;16180;174544;44631;47955;41550;26637;9939;170712;1995;79
80;Somme;152138;165388;127128;75822;31677;552153;74735;82530;63449;41328;20908;282950;77403;82858;63679;34494;10769;269203;1995;80
81;Tarn;79181;87626;83403;62568;29095;341873;38291;43427;42280;33233;18418;175649;40890;44199;41123;29335;10677;166224;1995;81
82;Tarn-et-Garonne;48400;54421;49691;35349;16407;204268;23561;26844;24827;18778;10243;104253;24839;27577;24864;16571;6164;100015;1995;82
83;Var;206006;227574;212128;151548;67034;864290;100063;114463;108231;81272;42754;446783;105943;113111;103897;70276;24280;417507;1995;83
84;Vaucluse;127453;135729;120672;71250;31092;486196;62027;68651;60527;38489;20112;249806;65426;67078;60145;32761;10980;236390;1995;84
85;Vendée;138147;143005;121900;86364;35834;525250;67042;69692;60497;45980;23215;266426;71105;73313;61403;40384;12619;258824;1995;85
86;Vienne;96513;115782;91358;59273;28952;391878;47390;58225;45740;31264;18358;200977;49123;57557;45618;28009;10594;190901;1995;86
87;Haute-Vienne;76452;97864;88159;61141;30902;354518;37358;49339;44235;33353;19940;184225;39094;48525;43924;27788;10962;170293;1995;87
88;Vosges;102559;106434;92256;57236;25422;383907;49871;52085;45492;31763;17295;196506;52688;54349;46764;25473;8127;187401;1995;88
89;Yonne;84335;86778;78319;53892;26460;329784;40829;42804;38083;28919;17159;167794;43506;43974;40236;24973;9301;161990;1995;89
90;Territoire de Belfort;36836;41510;33199;17738;7309;136592;17804;19887;16324;9756;4999;68770;19032;21623;16875;7982;2310;67822;1995;90
91;Essonne;320870;359975;292928;110375;43499;1127647;156846;179073;146173;59017;29459;570568;164024;180902;146755;51358;14040;557079;1995;91
92;Hauts-de-Seine;339278;472209;344723;169020;77851;1403081;166939;241987;174347;95584;53191;732048;172339;230222;170376;73436;24660;671033;1995;92
93;Seine-Saint-Denis;403906;456110;336217;141005;52738;1389976;197956;232878;163386;77820;35765;707805;205950;223232;172831;63185;16973;682171;1995;93
94;Val-de-Marne;313434;402911;304418;140470;60685;1221918;153956;203988;153000;78914;41501;631359;159478;198923;151418;61556;19184;590559;1995;94
95;Val-d'Oise;335172;343377;271489;101343;39535;1090916;163699;175353;134174;55231;27039;555496;171473;168024;137315;46112;12496;535420;1995;95
2A;Corse-du-Sud;28658;32918;30237;19474;8466;119753;13781;16833;14731;10429;5520;61294;14877;16085;15506;9045;2946;58459;1995;201
2B;Haute-Corse;31687;39538;35072;22181;10185;138663;15525;19597;16569;11882;6586;70159;16162;19941;18503;10299;3599;68504;1995;202
971;Guadeloupe;128425;118916;75012;31759;13755;367867;63287;61360;39304;17252;8414;189617;65138;57556;35708;14507;5341;178250;1995;971
972;Martinique;119777;116486;77480;37688;16614;368045;59064;60796;41248;20551;10342;192001;60713;55690;36232;17137;6272;176044;1995;972
973;Guyane;59875;44434;23161;5559;1939;134968;29527;21858;10798;2739;1125;66047;30348;22576;12363;2820;814;68921;1995;973
974;La Réunion;258687;219015;122407;43192;13861;657162;127578;111612;61857;23608;9326;333981;131109;107403;60550;19584;4535;323181;1995;974
01;Ain;139286;145208;119558;59792;27291;491135;67999;71559;57873;31676;17792;246899;71287;73649;61685;28116;9499;244236;1994;1
02;Aisne;154288;154892;123086;75994;29666;537926;75379;76490;60678;41504;19850;273901;78909;78402;62408;34490;9816;264025;1994;2
03;Allier;78324;92086;86274;64192;31565;352441;38303;45417;43391;34998;20637;182746;40021;46669;42883;29194;10928;169695;1994;3
04;Alpes-de-Haute-Provence;32173;36485;33473;22693;10392;135216;15677;18070;16637;11864;6474;68722;16496;18415;16836;10829;3918;66494;1994;4
05;Hautes-Alpes;29317;33047;28092;17769;8464;116689;14167;16336;13895;9304;5341;59043;15150;16711;14197;8465;3123;57646;1994;5
06;Alpes-Maritimes;218494;266876;243859;172109;97441;998779;106602;137219;126657;96128;63311;529917;111892;129657;117202;75981;34130;468862;1994;6
07;Ardèche;68955;75184;68509;46300;21949;280897;33449;36885;33825;24518;14492;143169;35506;38299;34684;21782;7457;137728;1994;7
08;Ardennes;84239;84786;68015;41210;16010;294260;41034;41743;33363;22501;10730;149371;43205;43043;34652;18709;5280;144889;1994;8
09;Ariège;29784;34896;32297;26168;13468;136613;14426;17140;15916;13720;8295;69497;15358;17756;16381;12448;5173;67116;1994;9
10;Aube;77582;83837;70050;40697;19802;291968;37702;41415;34640;22276;12862;148895;39880;42422;35410;18421;6940;143073;1994;10
11;Aude;68321;79409;71045;56410;27384;302569;32986;38685;35933;30006;17051;154661;35335;40724;35112;26404;10333;147908;1994;11
12;Aveyron;58910;67737;64316;50000;26062;267025;28512;32702;31834;26409;16391;135848;30398;35035;32482;23591;9671;131177;1994;12
13;Bouches-du-Rhône;459048;530003;445647;248146;111378;1794222;223794;270337;225546;135603;72579;927859;235254;259666;220101;112543;38799;866363;1994;13
14;Calvados;177604;190942;144749;83406;34481;631182;87407;96033;73350;46190;23560;326540;90197;94909;71399;37216;10921;304642;1994;14
15;Cantal;35154;41559;37431;28048;13382;155574;17079;20100;18231;14929;8638;78977;18075;21459;19200;13119;4744;76597;1994;15
16;Charente;82489;93495;82396;55834;27536;341750;40152;46372;41210;29894;17699;175327;42337;47123;41186;25940;9837;166423;1994;16
17;Charente-Maritime;128083;141594;129230;95632;43721;538260;62243;70676;65634;51000;27681;277234;65840;70918;63596;44632;16040;261026;1994;17
18;Cher;76744;87604;77958;51420;25568;319294;37496;42932;38464;27512;16699;163103;39248;44672;39494;23908;8869;156191;1994;18
19;Corrèze;49744;60744;57025;45484;22830;235827;24100;29629;28442;24667;14691;121529;25644;31115;28583;20817;8139;114298;1994;19
21;Côte-d'Or;133052;154112;117597;65108;31060;500929;65747;77909;58503;35512;20290;257961;67305;76203;59094;29596;10770;242968;1994;21
22;Côtes-d'Armor;133417;137860;128104;96699;40713;536793;65018;66926;64174;53354;27669;277141;68399;70934;63930;43345;13044;259652;1994;22
23;Creuse;24868;30828;29899;27425;14939;127959;12055;14729;14548;14484;9676;65492;12813;16099;15351;12941;5263;62467;1994;23
24;Dordogne;83891;97458;93636;75761;36368;387114;40847;48233;47245;40302;23084;199711;43044;49225;46391;35459;13284;187403;1994;24
25;Doubs;138346;151191;117669;60427;25179;492812;67701;75154;58280;32792;16597;250524;70645;76037;59389;27635;8582;242288;1994;25
26;Drôme;113676;118435;103539;61080;27896;424626;55235;58911;51963;32890;17968;216967;58441;59524;51576;28190;9928;207659;1994;26
27;Eure;155018;156556;124948;64861;27608;528991;75451;77808;61180;34792;18361;267592;79567;78748;63768;30069;9247;261399;1994;27
28;Eure-et-Loir;116521;115774;95453;52661;24884;405293;56914;57721;46539;28152;15724;205050;59607;58053;48914;24509;9160;200243;1994;28
29;Finistère;213948;238123;194407;134880;59207;840565;104014;114876;97594;76082;40404;432970;109934;123247;96813;58798;18803;407595;1994;29
30;Gard;152037;167407;147270;94408;41774;602896;74256;83710;74045;50751;26796;309558;77781;83697;73225;43657;14978;293338;1994;30
31;Haute-Garonne;237995;327540;232411;123093;58071;979110;116839;164399;118189;67183;37194;503804;121156;163141;114222;55910;20877;475306;1994;31
32;Gers;36162;44004;42728;33549;16751;173194;17461;21573;21208;17203;10287;87732;18701;22431;21520;16346;6464;85462;1994;32
33;Gironde;312738;382979;299421;173039;81049;1249226;153285;194352;152172;95361;54074;649244;159453;188627;147249;77678;26975;599982;1994;33
34;Hérault;206876;248663;196942;128832;58255;839568;101476;127653;101276;69841;37020;437266;105400;121010;95666;58991;21235;402302;1994;34
35;Ille-et-Vilaine;228976;257186;186973;108238;44724;826097;112354;128061;94450;59708;30374;424947;116622;129125;92523;48530;14350;401150;1994;35
36;Indre;51982;61626;56407;42229;22333;234577;25396;30114;27806;22515;14193;120024;26586;31512;28601;19714;8140;114553;1994;36
37;Indre-et-Loire;139673;160650;127254;75108;37878;540563;69192;81269;64343;40407;24440;279651;70481;79381;62911;34701;13438;260912;1994;37
38;Isère;293053;326213;253224;126427;53015;1051932;142614;161571;125631;68293;35294;533403;150439;164642;127593;58134;17721;518529;1994;38
39;Jura;65625;69330;59097;38458;17784;250294;32013;34016;29145;20690;11397;127261;33612;35314;29952;17768;6387;123033;1994;39
40;Landes;73092;85461;78141;56116;25820;318630;35282;41711;39407;29748;16971;163119;37810;43750;38734;26368;8849;155511;1994;40
41;Loir-et-Cher;76678;84228;73207;50700;25659;310472;37383;41508;36381;26818;16346;158436;39295;42720;36826;23882;9313;152036;1994;41
42;Loire;196507;205877;180127;109929;50219;742659;95823;102718;90512;60662;33868;383583;100684;103159;89615;49267;16351;359076;1994;42
43;Haute-Loire;50629;55778;49045;34841;16215;206508;24497;26873;23833;18905;10725;104833;26132;28905;25212;15936;5490;101675;1994;43
44;Loire-Atlantique;307234;323546;257192;140935;58947;1087854;150447;161218;130481;78787;40183;561116;156787;162328;126711;62148;18764;526738;1994;44
45;Loiret;163532;176824;142584;80045;37210;600195;80215;88233;70684;42972;23628;305732;83317;88591;71900;37073;13582;294463;1994;45
46;Lot;33853;39249;38179;31417;14996;157694;16470;19252;19149;16569;9474;80914;17383;19997;19030;14848;5522;76780;1994;46
47;Lot-et-Garonne;71329;78457;74148;54216;25894;304044;34715;39298;37499;28928;16238;156678;36614;39159;36649;25288;9656;147366;1994;47
48;Lozère;16779;19579;17498;12440;6636;72932;8136;9335;8291;6356;4216;36334;8643;10244;9207;6084;2420;36598;1994;48
49;Maine-et-Loire;211041;210634;158706;93162;43494;717037;103190;105239;80182;50743;28439;367793;107851;105395;78524;42419;15055;349244;1994;49
50;Manche;129896;133604;107877;77244;31158;479779;63121;64557;53793;41947;21210;244628;66775;69047;54084;35297;9948;235151;1994;50
51;Marne;156634;177643;131460;67231;30389;563357;76704;88673;65361;36983;20223;287944;79930;88970;66099;30248;10166;275413;1994;51
52;Haute-Marne;53843;56107;46933;29545;13463;199891;26012;27403;22921;15947;8805;101088;27831;28704;24012;13598;4658;98803;1994;52
53;Mayenne;78561;78536;63125;41445;18902;280569;38046;37986;31766;22172;12554;142524;40515;40550;31359;19273;6348;138045;1994;53
54;Meurthe-et-Moselle;193627;222583;167205;95359;37744;716518;94698;111231;83917;52883;25775;368504;98929;111352;83288;42476;11969;348014;1994;54
55;Meuse;53212;55236;44635;29705;12690;195478;25727;26735;21927;16060;8514;98963;27485;28501;22708;13645;4176;96515;1994;55
56;Morbihan;166539;175245;145686;99851;39807;627128;80874;84929;73391;54979;27024;321197;85665;90316;72295;44872;12783;305931;1994;56
57;Moselle;279148;317493;242285;134182;44481;1017589;135545;157354;119424;73151;30050;515524;143603;160139;122861;61031;14431;502065;1994;57
58;Nièvre;52702;58600;55337;42431;21076;230146;25658;28799;27363;23008;13757;118585;27044;29801;27974;19423;7319;111561;1994;58
59;Nord;777695;777423;560248;314682;114930;2544978;379979;389896;281751;178061;80472;1310159;397716;387527;278497;136621;34458;1234819;1994;59
60;Oise;227269;229675;180788;80180;33450;751362;110605;114348;87347;43150;22143;377593;116664;115327;93441;37030;11307;373769;1994;60
61;Orne;78667;79886;68719;47057;20047;294376;38201;39114;34255;25261;13378;150209;40466;40772;34464;21796;6669;144167;1994;61
62;Pas-de-Calais;434023;418108;317892;194207;72575;1436805;211874;207288;160211;110098;50803;740274;222149;210820;157681;84109;21772;696531;1994;62
63;Puy-de-Dôme;145870;177759;150691;87749;37423;599492;71573;88686;74830;48227;24921;308237;74297;89073;75861;39522;12502;291255;1994;63
64;Pyrénées-Atlantiques;138666;163956;142217;94849;47106;586794;67397;81645;72654;51660;31033;304389;71269;82311;69563;43189;16073;282405;1994;64
65;Hautes-Pyrénées;48650;60339;56157;39462;19226;223834;23688;29675;28410;21338;12455;115566;24962;30664;27747;18124;6771;108268;1994;65
66;Pyrénées-Orientales;85694;97008;87734;71122;33296;374854;41841;49234;45656;38350;20677;195758;43853;47774;42078;32772;12619;179096;1994;66
67;Bas-Rhin;258826;325928;231775;121693;49148;987370;127179;162717;113502;69041;34121;506560;131647;163211;118273;52652;15027;480810;1994;67
68;Haut-Rhin;184400;214045;166583;89393;33942;688363;89905;105873;81151;49955;23799;350683;94495;108172;85432;39438;10143;337680;1994;68
69;Rhône;416415;489354;369046;188566;82763;1546144;204994;248584;186493;104380;56541;800992;211421;240770;182553;84186;26222;745152;1994;69
70;Haute-Saône;62010;62979;54895;33313;15351;228548;29981;30661;26644;17975;10052;115313;32029;32318;28251;15338;5299;113235;1994;70
71;Saône-et-Loire;137829;148264;135181;91159;42738;555171;66812;72837;67220;49186;28138;284193;71017;75427;67961;41973;14600;270978;1994;71
72;Sarthe;139077;149777;120192;75469;35950;520465;67865;74015;60163;40535;23251;265829;71212;75762;60029;34934;12699;254636;1994;72
73;Savoie;94074;109179;87398;48463;21189;360303;45753;53656;43295;26379;13891;182974;48321;55523;44103;22084;7298;177329;1994;73
74;Haute-Savoie;165574;189126;149425;68328;28131;600584;80432;93386;73696;37208;18499;303221;85142;95740;75729;31120;9632;297363;1994;74
75;Paris;413361;773672;526766;261177;154880;2129856;205457;399331;271785;153310;106004;1135887;207904;374341;254981;107867;48876;993969;1994;75
76;Seine-Maritime;351228;374668;287019;155348;68511;1236774;171959;188267;144192;86419;46454;637291;179269;186401;142827;68929;22057;599483;1994;76
77;Seine-et-Marne;354084;356807;283383;104876;47840;1146990;172254;180773;138399;56561;31771;579758;181830;176034;144984;48315;16069;567232;1994;77
78;Yvelines;396618;411082;350749;129260;52559;1340268;193489;207792;174008;69444;35467;680200;203129;203290;176741;59816;17092;660068;1994;78
79;Deux-Sèvres;87876;94894;81270;54700;26441;345181;42516;46537;40343;28741;16292;174429;45360;48357;40927;25959;10149;170752;1994;79
80;Somme;154277;165875;124854;74406;31747;551159;75660;82881;62284;40504;20946;282275;78617;82994;62570;33902;10801;268884;1994;80
81;Tarn;80150;88812;82610;61228;29509;342309;38752;43945;41934;32511;18660;175802;41398;44867;40676;28717;10849;166507;1994;81
82;Tarn-et-Garonne;48712;55091;48764;34725;16562;203854;23729;27166;24345;18445;10337;104022;24983;27925;24419;16280;6225;99832;1994;82
83;Var;205199;228159;208341;148488;66116;856303;99506;114663;106155;79666;42201;442191;105693;113496;102186;68822;23915;414112;1994;83
84;Vaucluse;126987;136218;118523;69818;30837;482383;61776;68804;59350;37736;19969;247635;65211;67414;59173;32082;10868;234748;1994;84
85;Vendée;140009;143467;119449;83753;35835;522513;67910;69914;59350;44602;23195;264971;72099;73553;60099;39151;12640;257542;1994;85
86;Vienne;96971;115301;89126;57609;29163;388170;47485;57978;44472;30418;18454;198807;49486;57323;44654;27191;10709;189363;1994;86
87;Haute-Vienne;77602;98433;87265;60133;31311;354744;37926;49570;43775;32735;20223;184229;39676;48863;43490;27398;11088;170515;1994;87
88;Vosges;103898;107692;90998;55959;25735;384282;50432;52675;44950;31076;17480;196613;53466;55017;46048;24883;8255;187669;1994;88
89;Yonne;85033;87480;76714;53021;26659;328907;41173;43051;37290;28474;17219;167207;43860;44429;39424;24547;9440;161700;1994;89
90;Territoire de Belfort;37123;41626;32749;17255;7387;136140;17934;20007;16024;9477;5048;68490;19189;21619;16725;7778;2339;67650;1994;90
91;Essonne;321386;361009;289971;106286;43451;1122103;157015;179370;144414;56995;29474;567268;164371;181639;145557;49291;13977;554835;1994;91
92;Hauts-de-Seine;338867;472077;343252;166936;78025;1399157;166972;241664;173121;94564;53524;729845;171895;230413;170131;72372;24501;669312;1994;92
93;Seine-Saint-Denis;404962;460808;332627;138407;52983;1389787;198521;234904;161233;76444;36116;707218;206441;225904;171394;61963;16867;682569;1994;93
94;Val-de-Marne;314509;405807;302963;138039;60896;1222214;154490;205023;152120;77571;41788;630992;160019;200784;150843;60468;19108;591222;1994;94
95;Val-d'Oise;334581;344806;265753;98428;39280;1082848;163442;175856;131058;53726;26924;551006;171139;168950;134695;44702;12356;531842;1994;95
2A;Corse-du-Sud;28802;33440;29759;19268;8408;119677;13870;16966;14491;10299;5501;61127;14932;16474;15268;8969;2907;58550;1994;201
2B;Haute-Corse;31572;39571;34331;21725;10101;137300;15454;19542;16180;11657;6488;69321;16118;20029;18151;10068;3613;67979;1994;202
971;Guadeloupe;129096;118369;72509;31010;13156;364140;63637;60927;37920;16838;8068;187390;65459;57442;34589;14172;5088;176750;1994;971
972;Martinique;120686;116589;75442;36820;16017;365554;59463;60693;40115;20069;9992;190332;61223;55896;35327;16751;6025;175222;1994;972
973;Guyane;57746;43390;21932;5369;1845;130282;28481;21146;10159;2652;1067;63505;29265;22244;11773;2717;778;66777;1994;973
974;La Réunion;257197;215540;117638;41397;13321;645093;126869;109918;59410;22692;8996;327885;130328;105622;58228;18705;4325;317208;1994;974
01;Ain;140123;145053;117006;58328;27734;488244;68413;71389;56503;30870;18093;245268;71710;73664;60503;27458;9641;242976;1993;1
02;Aisne;156620;156030;121042;73916;30611;538219;76540;77024;59686;40259;20354;273863;80080;79006;61356;33657;10257;264356;1993;2
03;Allier;80261;92616;85791;62860;32296;353824;39212;45692;43175;34148;21064;183291;41049;46924;42616;28712;11232;170533;1993;3
04;Alpes-de-Haute-Provence;32143;36434;32882;22028;10553;134040;15684;17985;16387;11506;6549;68111;16459;18449;16495;10522;4004;65929;1993;4
05;Hautes-Alpes;29298;32974;27426;17285;8393;115376;14144;16258;13548;9046;5308;58304;15154;16716;13878;8239;3085;57072;1993;5
06;Alpes-Maritimes;218195;266422;240918;169345;98815;993695;106448;136713;124969;94795;63993;526918;111747;129709;115949;74550;34822;466777;1993;6
07;Ardèche;69883;75441;67329;45177;22433;280263;33876;37004;33202;23979;14784;142845;36007;38437;34127;21198;7649;137418;1993;7
08;Ardennes;85660;85180;67164;39929;16671;294604;41805;41904;32902;21769;11136;149516;43855;43276;34262;18160;5535;145088;1993;8
09;Ariège;30040;35128;31941;25695;13828;136632;14552;17223;15764;13464;8478;69481;15488;17905;16177;12231;5350;67151;1993;9
10;Aube;78543;84048;68751;39827;20190;291359;38211;41555;33945;21763;13144;148618;40332;42493;34806;18064;7046;142741;1993;10
11;Aude;68700;79772;70120;55237;27864;301693;33120;38762;35510;29335;17318;154045;35580;41010;34610;25902;10546;147648;1993;11
12;Aveyron;60127;68237;63946;48719;26699;267728;29106;32925;31739;25673;16768;136211;31021;35312;32207;23046;9931;131517;1993;12
13;Bouches-du-Rhône;462111;530039;440335;243333;112207;1788025;225364;269873;222611;132833;73231;923912;236747;260166;217724;110500;38976;864113;1993;13
14;Calvados;180100;191086;141498;81250;34753;628687;88605;96012;71791;44992;23750;325150;91495;95074;69707;36258;11003;303537;1993;14
15;Cantal;36329;42001;37052;27379;13688;156449;17682;20280;18092;14549;8780;79383;18647;21721;18960;12830;4908;77066;1993;15
16;Charente;84231;94280;81347;54486;28037;342381;41010;46751;40763;29093;17990;175607;43221;47529;40584;25393;10047;166774;1993;16
17;Charente-Maritime;129814;141890;126906;93101;44182;535893;63108;70775;64434;49627;27915;275859;66706;71115;62472;43474;16267;260034;1993;17
18;Cher;78254;88298;77286;50310;26109;320257;38213;43275;38087;26963;17000;163538;40041;45023;39199;23347;9109;156719;1993;18
19;Corrèze;50808;61151;56560;44484;23305;236308;24638;29822;28240;24064;14964;121728;26170;31329;28320;20420;8341;114580;1993;19
21;Côte-d'Or;134783;154200;115671;63273;31592;499519;66577;77767;57589;34479;20551;256963;68206;76433;58082;28794;11041;242556;1993;21
22;Côtes-d'Armor;136170;138477;126695;94910;41183;537435;66356;67099;63565;52370;27899;277289;69814;71378;63130;42540;13284;260146;1993;22
23;Creuse;25439;31061;29959;26954;15563;128976;12338;14825;14595;14195;10072;66025;13101;16236;15364;12759;5491;62951;1993;23
24;Dordogne;85219;98226;92390;74479;36913;387227;41387;48598;46602;39653;23362;199602;43832;49628;45788;34826;13551;187625;1993;24
25;Doubs;140199;150963;115994;58583;25370;491109;68557;75035;57371;31835;16684;249482;71642;75928;58623;26748;8686;241627;1993;25
26;Drôme;114615;118612;101754;59442;28152;422575;55663;59028;51004;31970;18161;215826;58952;59584;50750;27472;9991;206749;1993;26
27;Eure;156425;156929;121746;62990;27733;525823;76129;77905;59581;33730;18387;265732;80296;79024;62165;29260;9346;260091;1993;27
28;Eure-et-Loir;117833;115904;93240;51344;25207;403528;57537;57838;45432;27369;15881;204057;60296;58066;47808;23975;9326;199471;1993;28
29;Finistère;217140;238354;191864;132332;59982;839672;105601;115004;96520;74657;40731;432513;111539;123350;95344;57675;19251;407159;1993;29
30;Gard;152266;167792;144243;92311;42043;598655;74320;83667;72565;49576;27059;307187;77946;84125;71678;42735;14984;291468;1993;30
31;Haute-Garonne;238450;324808;228501;120363;58624;970746;116969;162963;116191;65674;37559;499356;121481;161845;112310;54689;21065;471390;1993;31
32;Gers;36808;44547;42481;32622;17277;173735;17769;21833;21109;16654;10565;87930;19039;22714;21372;15968;6712;85805;1993;32
33;Gironde;316209;381626;293804;169327;82126;1243092;154949;193652;149176;93194;54835;645806;161260;187974;144628;76133;27291;597286;1993;33
34;Hérault;206256;246241;192500;125419;58781;829197;101223;126386;98819;67940;37369;431737;105033;119855;93681;57479;21412;397460;1993;34
35;Ille-et-Vilaine;230789;254978;183374;105216;45098;819455;113117;127032;92671;58022;30560;421402;117672;127946;90703;47194;14538;398053;1993;35
36;Indre;53239;62194;56017;41491;22890;235831;25958;30344;27701;22115;14508;120626;27281;31850;28316;19376;8382;115205;1993;36
37;Indre-et-Loire;141573;160144;124970;73091;38369;538147;70116;80965;63073;39363;24712;278229;71457;79179;61897;33728;13657;259918;1993;37
38;Isère;294941;324789;248536;122691;53720;1044677;143753;160678;123234;66297;35894;529856;151188;164111;125302;56394;17826;514821;1993;38
39;Jura;66527;69507;58358;37749;18074;250215;32352;34101;28792;20311;11572;127128;34175;35406;29566;17438;6502;123087;1993;39
40;Landes;73911;85495;76852;54661;26207;317126;35763;41592;38770;28978;17192;162295;38148;43903;38082;25683;9015;154831;1993;40
41;Loir-et-Cher;77834;84327;72197;49277;26163;309798;37973;41549;35802;26073;16652;158049;39861;42778;36395;23204;9511;151749;1993;41
42;Loire;200529;206730;178589;107210;51009;744067;97814;103171;89698;59216;34336;384235;102715;103559;88891;47994;16673;359832;1993;42
43;Haute-Loire;51273;55904;48617;33941;16644;206379;24819;26942;23675;18345;11024;104805;26454;28962;24942;15596;5620;101574;1993;43
44;Loire-Atlantique;310261;321333;251569;136811;59627;1079601;151992;160046;127689;76515;40611;556853;158269;161287;123880;60296;19016;522748;1993;44
45;Loiret;164756;176299;139485;77665;37721;595926;80870;87885;69110;41640;24010;303515;83886;88414;70375;36025;13711;292411;1993;45
46;Lot;34287;39290;37657;30666;15311;157211;16677;19277;18916;16127;9723;80720;17610;20013;18741;14539;5588;76491;1993;46
47;Lot-et-Garonne;72651;79006;73478;53076;26368;304579;35380;39551;37101;28265;16530;156827;37271;39455;36377;24811;9838;147752;1993;47
48;Lozère;17040;19608;17146;12202;6767;72763;8275;9329;8116;6220;4330;36270;8765;10279;9030;5982;2437;36493;1993;48
49;Maine-et-Loire;214317;209558;155556;90278;44108;713817;104750;104802;78669;49145;28787;366153;109567;104756;76887;41133;15321;347664;1993;49
50;Manche;132146;134329;106603;75415;31384;479877;64286;64656;53404;40916;21393;244655;67860;69673;53199;34499;9991;235222;1993;50
51;Marne;159030;177495;129125;65482;30921;562053;77852;88671;64065;36037;20575;287200;81178;88824;65060;29445;10346;274853;1993;51
52;Haute-Marne;55138;56814;46289;28878;13763;200882;26649;27713;22599;15619;8987;101567;28489;29101;23690;13259;4776;99315;1993;52
53;Mayenne;79703;78492;62212;40201;19117;279725;38654;38022;31333;21498;12699;142206;41049;40470;30879;18703;6418;137519;1993;53
54;Meurthe-et-Moselle;196165;223168;164820;92546;38793;715492;95872;111447;82629;51314;26395;367657;100293;111721;82191;41232;12398;347835;1993;54
55;Meuse;54300;55561;43842;28907;13099;195709;26271;26850;21536;15637;8755;99049;28029;28711;22306;13270;4344;96660;1993;55
56;Morbihan;169549;175885;143543;96971;40212;626160;82318;85166;72388;53432;27288;320592;87231;90719;71155;43539;12924;305568;1993;56
57;Moselle;282743;319447;238669;129494;45501;1015854;137186;158286;117463;70687;30715;514337;145557;161161;121206;58807;14786;501517;1993;57
58;Nièvre;53644;59373;54501;41426;21812;230756;26167;29097;26967;22500;14151;118882;27477;30276;27534;18926;7661;111874;1993;58
59;Nord;787813;776232;551600;306007;119777;2541429;384819;389169;277502;172562;83572;1307624;402994;387063;274098;133445;36205;1233805;1993;59
60;Oise;228925;229495;176121;77931;33985;746457;111500;114176;84869;41930;22472;374947;117425;115319;91252;36001;11513;371510;1993;60
61;Orne;79902;80268;67779;45829;20308;294086;38841;39269;33838;24596;13590;150134;41061;40999;33941;21233;6718;143952;1993;61
62;Pas-de-Calais;440457;418702;312710;190761;73723;1436353;215094;207572;157821;107901;51476;739864;225363;211130;154889;82860;22247;696489;1993;62
63;Puy-de-Dôme;148716;178186;148717;85491;38215;599325;72902;88866;73832;46918;25461;307979;75814;89320;74885;38573;12754;291346;1993;63
64;Pyrénées-Atlantiques;140278;164386;140447;92609;47746;585466;68346;81765;71745;50491;31361;303708;71932;82621;68702;42118;16385;281758;1993;64
65;Hautes-Pyrénées;49580;61108;55780;38711;19497;224676;24184;29895;28317;20889;12610;115895;25396;31213;27463;17822;6887;108781;1993;65
66;Pyrénées-Orientales;85952;96755;86762;69837;33410;372716;41983;48908;45256;37628;20732;194507;43969;47847;41506;32209;12678;178209;1993;66
67;Bas-Rhin;259444;324147;226849;117297;50873;978610;127551;161674;111042;66821;35197;502285;131893;162473;115807;50476;15676;476325;1993;67
68;Haut-Rhin;185359;214404;163365;86043;35186;684357;90350;105996;79448;48205;24625;348624;95009;108408;83917;37838;10561;335733;1993;68
69;Rhône;419396;487790;365954;183667;84169;1540976;206306;247740;184662;101620;57473;797801;213090;240050;181292;82047;26696;743175;1993;69
70;Haute-Saône;63175;63012;53971;32633;15786;228577;30449;30708;26164;17643;10276;115240;32726;32304;27807;14990;5510;113337;1993;70
71;Saône-et-Loire;140691;149479;133726;89006;43689;556591;68235;73306;66627;47986;28639;284793;72456;76173;67099;41020;15050;271798;1993;71
72;Sarthe;141197;149699;118062;73439;36270;518667;68944;73912;59133;39414;23540;264943;72253;75787;58929;34025;12730;253724;1993;72
73;Savoie;94837;109157;85823;47190;21477;358484;46153;53571;42502;25665;14108;181999;48684;55586;43321;21525;7369;176485;1993;73
74;Haute-Savoie;165947;188907;146179;66321;28275;595629;80705;93220;71971;36050;18571;300517;85242;95687;74208;30271;9704;295112;1993;74
75;Paris;416586;772261;524122;260412;159094;2132475;206905;398682;270089;153495;108881;1138052;209681;373579;254033;106917;50213;994423;1993;75
76;Seine-Maritime;355669;375525;282143;151857;69127;1234321;174134;188715;141565;84439;46856;635709;181535;186810;140578;67418;22271;598612;1993;76
77;Seine-et-Marne;353500;353618;274604;101404;48053;1131179;172037;179108;133672;54722;31914;571453;181463;174510;140932;46682;16139;559726;1993;77
78;Yvelines;399196;411266;345971;124522;52859;1333814;194744;208014;171085;66937;35756;676536;204452;203252;174886;57585;17103;657278;1993;78
79;Deux-Sèvres;89725;95433;80127;53311;26938;345534;43469;46709;39805;28066;16520;174569;46256;48724;40322;25245;10418;170965;1993;79
80;Somme;156842;165452;122712;72765;32476;550247;76898;82568;61314;39544;21376;281700;79944;82884;61398;33221;11100;268547;1993;80
81;Tarn;81169;89574;81852;59580;30227;342402;39233;44290;41502;31650;19104;175779;41936;45284;40350;27930;11123;166623;1993;81
82;Tarn-et-Garonne;49132;55386;47933;33923;16871;203245;23872;27304;23912;17997;10494;103579;25260;28082;24021;15926;6377;99666;1993;82
83;Var;204999;227288;204395;144423;65791;846896;99398;113979;103948;77603;42027;436955;105601;113309;100447;66820;23764;409941;1993;83
84;Vaucluse;127061;136163;116583;67867;31169;478843;61808;68650;58330;36710;20169;245667;65253;67513;58253;31157;11000;233176;1993;84
85;Vendée;142052;143217;116799;80829;36077;518974;68864;69739;58116;43071;23337;263127;73188;73478;58683;37758;12740;255847;1993;85
86;Vienne;98261;114600;87310;56141;29787;386099;47958;57656;43515;29669;18798;197596;50303;56944;43795;26472;10989;188503;1993;86
87;Haute-Vienne;78828;98499;86343;58700;32048;354418;38496;49508;43376;31906;20646;183932;40332;48991;42967;26794;11402;170486;1993;87
88;Vosges;105751;108177;89719;54430;26382;384459;51386;52897;44332;30246;17893;196754;54365;55280;45387;24184;8489;187705;1993;88
89;Yonne;85969;87654;75011;51837;27268;327739;41680;42998;36453;27823;17536;166490;44289;44656;38558;24014;9732;161249;1993;89
90;Territoire de Belfort;37444;41515;32302;16728;7521;135510;18094;19952;15786;9203;5124;68159;19350;21563;16516;7525;2397;67351;1993;90
91;Essonne;323002;360123;286324;101910;44041;1115400;157721;178757;142369;54705;29874;563426;165281;181366;143955;47205;14167;551974;1993;91
92;Hauts-de-Seine;339605;470351;341911;164417;79177;1395461;167250;240812;171886;93213;54454;727615;172355;229539;170025;71204;24723;667846;1993;92
93;Seine-Saint-Denis;406599;462882;329321;134696;53929;1387427;199181;235646;159234;74515;36821;705397;207418;227236;170087;60181;17108;682030;1993;93
94;Val-de-Marne;316341;406696;301243;134942;61936;1221158;155342;205315;150921;75957;42588;630123;160999;201381;150322;58985;19348;591035;1993;94
95;Val-d'Oise;335527;345204;260856;95349;39564;1076500;163986;175857;128323;52165;27121;547452;171541;169347;132533;43184;12443;529048;1993;95
2A;Corse-du-Sud;29036;33640;29508;18899;8511;119594;14027;16998;14309;10103;5553;60990;15009;16642;15199;8796;2958;58604;1993;201
2B;Haute-Corse;31112;38790;33109;20888;10102;134001;15249;19035;15576;11223;6452;67535;15863;19755;17533;9665;3650;66466;1993;202
971;Guadeloupe;129802;117896;70104;30285;12594;360681;64001;60532;36597;16439;7743;185312;65801;57364;33507;13846;4851;175369;1993;971
972;Martinique;121649;116805;73472;35976;15442;363344;59889;60645;39019;19599;9651;188803;61760;56160;34453;16377;5791;174541;1993;972
973;Guyane;55696;42375;20773;5186;1756;125786;27473;20458;9563;2569;1012;61075;28223;21917;11210;2617;744;64711;1993;973
974;La Réunion;255371;212373;112502;40009;12775;633030;126166;108128;56767;21947;8640;321648;129205;104245;55735;18062;4135;311382;1993;974
01;Ain;140454;143853;113926;56070;28254;482557;68489;70765;54915;29711;18362;242242;71965;73088;59011;26359;9892;240315;1992;1
02;Aisne;158814;156963;118932;71329;31717;537755;77690;77318;58750;38861;20940;273559;81124;79645;60182;32468;10777;264196;1992;2
03;Allier;82287;93227;85326;61000;33355;355195;40180;45955;42961;33105;21645;183846;42107;47272;42365;27895;11710;171349;1992;3
04;Alpes-de-Haute-Provence;32033;36442;32309;21211;10744;132739;15644;17953;16100;11066;6658;67421;16389;18489;16209;10145;4086;65318;1992;4
05;Hautes-Alpes;29551;33141;26945;16792;8488;114917;14282;16290;13314;8777;5350;58013;15269;16851;13631;8015;3138;56904;1992;5
06;Alpes-Maritimes;217773;266137;238696;165846;100799;989251;106232;136466;123819;92985;65019;524521;111541;129671;114877;72861;35780;464730;1992;6
07;Ardèche;70809;75405;66449;43638;23137;279438;34377;36925;32812;23140;15187;142441;36432;38480;33637;20498;7950;136997;1992;7
08;Ardennes;87150;85436;66458;38206;17375;294625;42638;42006;32564;20817;11595;149620;44512;43430;33894;17389;5780;145005;1992;8
09;Ariège;30570;35328;31620;24923;14429;136870;14827;17245;15650;13047;8832;69601;15743;18083;15970;11876;5597;67269;1992;9
10;Aube;79672;84146;67675;38632;20606;290731;38836;41558;33443;21073;13394;148304;40836;42588;34232;17559;7212;142427;1992;10
11;Aude;69481;79916;69405;53540;28703;301045;33546;38636;35188;28400;17801;153571;35935;41280;34217;25140;10902;147474;1992;11
12;Aveyron;61475;68637;63840;47149;27434;268535;29785;33136;31758;24812;17117;136608;31690;35501;32082;22337;10317;131927;1992;12
13;Bouches-du-Rhône;464536;528367;434246;236583;113619;1777351;226595;268799;219161;129054;74316;917925;237941;259568;215085;107529;39303;859426;1992;13
14;Calvados;181989;191399;138163;78284;35244;625079;89368;96279;70304;43282;24062;323295;92621;95120;67859;35002;11182;301784;1992;14
15;Cantal;37457;42428;36843;26459;14033;157220;18278;20388;18054;14101;8953;79774;19179;22040;18789;12358;5080;77446;1992;15
16;Charente;85858;94801;80230;52590;28763;342242;41786;47033;40282;28053;18410;175564;44072;47768;39948;24537;10353;166678;1992;16
17;Charente-Maritime;131964;141556;124883;89897;45131;533431;64196;70522;63448;47986;28400;274552;67768;71034;61435;41911;16731;258879;1992;17
18;Cher;79997;88948;76542;48803;26752;321042;39094;43612;37720;26132;17398;163956;40903;45336;38822;22671;9354;157086;1992;18
19;Corrèze;51908;61654;56120;43261;23999;236942;25178;30092;28057;23371;15370;122068;26730;31562;28063;19890;8629;114874;1992;19
21;Côte-d'Or;136440;153973;113728;61116;32306;497563;67407;77668;56593;33261;20993;255922;69033;76305;57135;27855;11313;241641;1992;21
22;Côtes-d'Armor;138863;138870;125436;91760;42325;537254;67740;67221;63036;50632;28566;277195;71123;71649;62400;41128;13759;260059;1992;22
23;Creuse;25988;31293;29906;26206;16255;129648;12598;14905;14646;13757;10493;66399;13390;16388;15260;12449;5762;63249;1992;23
24;Dordogne;86727;98701;91552;72318;37768;387066;42064;48888;46262;38369;23861;199444;44663;49813;45290;33949;13907;187622;1992;24
25;Doubs;141861;150777;114223;56458;25637;488956;69343;74975;56390;30737;16785;248230;72518;75802;57833;25721;8852;240726;1992;25
26;Drôme;115227;118321;99984;57356;28557;419445;56028;58842;50132;30806;18436;214244;59199;59479;49852;26550;10121;205201;1992;26
27;Eure;158025;156918;118776;60714;28044;522477;76908;77816;58078;32504;18509;263815;81117;79102;60698;28210;9535;258662;1992;27
28;Eure-et-Loir;119216;116059;90673;49775;25600;401323;58194;57971;44165;26472;16082;202884;61022;58088;46508;23303;9518;198439;1992;28
29;Finistère;220594;238278;190049;128097;61439;838457;107273;115157;95805;72274;41570;432079;113321;123121;94244;55823;19869;406378;1992;29
30;Gard;152483;167665;141459;89161;42655;593423;74434;83476;71074;47978;27482;304444;78049;84189;70385;41183;15173;288979;1992;30
31;Haute-Garonne;236594;320210;222975;115869;59481;955129;116144;160701;113354;63261;38059;491519;120450;159509;109621;52608;21422;463610;1992;31
32;Gers;37638;44912;42283;31524;17745;174102;18173;21961;21048;16113;10750;88045;19465;22951;21235;15411;6995;86057;1992;32
33;Gironde;318177;380023;287604;163912;83662;1233378;155874;192918;145893;90141;55881;640707;162303;187105;141711;73771;27781;592671;1992;33
34;Hérault;205016;243598;188069;121083;59551;817317;100515;125023;96597;65542;37712;425389;104501;118575;91472;55541;21839;391928;1992;34
35;Ille-et-Vilaine;232641;252571;179909;101329;45855;812305;113915;125900;91071;55924;31045;417855;118726;126671;88838;45405;14810;394450;1992;35
36;Indre;54428;62611;55649;40136;23643;236467;26596;30531;27569;21364;14917;120977;27832;32080;28080;18772;8726;115490;1992;36
37;Indre-et-Loire;143043;159715;122455;70511;38976;534700;70701;80907;61734;37995;24959;276296;72342;78808;60721;32516;14017;258404;1992;37
38;Isère;295818;322918;243688;118248;54395;1035067;144038;159921;120650;63940;36317;524866;151780;162997;123038;54308;18078;510201;1992;38
39;Jura;67495;69612;57654;36464;18596;249821;32865;34098;28506;19603;11826;126898;34630;35514;29148;16861;6770;122923;1992;39
40;Landes;74865;85219;75651;52638;26888;315261;36192;41547;38142;27815;17580;161276;38673;43672;37509;24823;9308;153985;1992;40
41;Loir-et-Cher;79115;84124;71001;47474;26768;308482;38665;41370;35282;25065;16940;157322;40450;42754;35719;22409;9828;151160;1992;41
42;Loire;203695;207385;177084;103955;52164;744283;99355;103519;88896;57355;35090;384215;104340;103866;88188;46600;17074;360068;1992;42
43;Haute-Loire;52169;56002;48275;32886;17307;206639;25288;26903;23572;17780;11352;104895;26881;29099;24703;15106;5955;101744;1992;43
44;Loire-Atlantique;312779;318466;245742;131288;60708;1068983;153253;158673;124803;73389;41223;551341;159526;159793;120939;57899;19485;517642;1992;44
45;Loiret;165948;175520;136400;74710;38451;591029;81533;87449;67516;40094;24304;300896;84415;88071;68884;34616;14147;290133;1992;45
46;Lot;34776;39542;37219;29612;15831;156980;16879;19417;18697;15585;10007;80585;17897;20125;18522;14027;5824;76395;1992;46
47;Lot-et-Garonne;74127;79514;72903;51553;26897;304994;36108;39802;36820;27380;16832;156942;38019;39712;36083;24173;10065;148052;1992;47
48;Lozère;17263;19564;16772;11809;6982;72390;8395;9273;7965;6037;4429;36099;8868;10291;8807;5772;2553;36291;1992;48
49;Maine-et-Loire;217169;209010;152280;86724;45086;710269;106170;104609;77255;47041;29297;364372;110999;104401;75025;39683;15789;345897;1992;49
50;Manche;134154;135032;105626;72780;31816;479408;65344;64893;53027;39483;21602;244349;68810;70139;52599;33297;10214;235059;1992;50
51;Marne;161485;177261;126759;63253;31651;560409;79135;88514;62776;34860;20986;286271;82350;88747;63983;28393;10665;274138;1992;51
52;Haute-Marne;56642;57289;45879;28068;14174;202052;27340;28013;22364;15135;9230;102082;29302;29276;23515;12933;4944;99970;1992;52
53;Mayenne;81073;78123;61397;38562;19546;278701;39378;37957;30922;20632;12932;141821;41695;40166;30475;17930;6614;136880;1992;53
54;Meurthe-et-Moselle;198483;223428;162992;88756;39955;713614;97060;111605;81662;49221;27098;366646;101423;111823;81330;39535;12857;346968;1992;54
55;Meuse;55312;55662;43258;27927;13517;195676;26747;26910;21343;15082;9002;99084;28565;28752;21915;12845;4515;96592;1992;55
56;Morbihan;172362;175542;141485;93157;40911;623457;83671;85016;71355;51362;27718;319122;88691;90526;70130;41795;13193;304335;1992;56
57;Moselle;286889;320148;235663;124235;46599;1013534;139219;158546;115991;67818;31439;513013;147670;161602;119672;56417;15160;500521;1992;57
58;Nièvre;54858;59891;54211;40200;22571;231731;26720;29320;26895;21814;14563;119312;28138;30571;27316;18386;8008;112419;1992;58
59;Nord;796971;775763;544343;294287;125479;2536843;389313;388783;274093;165577;87147;1304913;407658;386980;270250;128710;38332;1231930;1992;59
60;Oise;230170;228706;171141;75160;34465;739642;112011;113941;82264;40431;22813;371460;118159;114765;88877;34729;11652;368182;1992;60
61;Orne;81313;80349;66876;44078;20698;293314;39528;39310;33418;23656;13773;149685;41785;41039;33458;20422;6925;143629;1992;61
62;Pas-de-Calais;447011;418987;307901;184964;75490;1434353;218378;207606;155775;104520;52474;738753;228633;211381;152126;80444;23016;695600;1992;62
63;Puy-de-Dôme;151217;178545;146487;82722;39377;598348;74205;88984;72705;45388;26247;307529;77012;89561;73782;37334;13130;290819;1992;63
64;Pyrénées-Atlantiques;141836;164366;138774;89784;48589;583349;69118;81771;70925;48943;31852;302609;72718;82595;67849;40841;16737;280740;1992;64
65;Hautes-Pyrénées;50571;61463;55453;37511;19825;224823;24576;30128;28128;20228;12846;115906;25995;31335;27325;17283;6979;108917;1992;65
66;Pyrénées-Orientales;86221;96148;85654;67881;33753;369657;42065;48538;44797;36534;20886;192820;44156;47610;40857;31347;12867;176837;1992;66
67;Bas-Rhin;259928;321823;222192;112262;52674;968879;127839;160426;108778;64218;36300;497561;132089;161397;113414;48044;16374;471318;1992;67
68;Haut-Rhin;186302;214094;159991;82224;36474;679085;90903;105677;77749;46263;25463;346055;95399;108417;82242;35961;11011;333030;1992;68
69;Rhône;420588;484390;362163;177245;85804;1530190;206809;245968;182441;98073;58608;791899;213779;238422;179722;79172;27196;738291;1992;69
70;Haute-Saône;64453;63105;53225;31592;16282;228657;31092;30675;25811;17106;10564;115248;33361;32430;27414;14486;5718;113409;1992;70
71;Saône-et-Loire;143732;150536;132315;86264;44882;557729;69803;73830;65873;46487;29380;285373;73929;76706;66442;39777;15502;272356;1992;71
72;Sarthe;143455;149069;116222;70938;36968;516652;70073;73475;58249;38130;23894;263821;73382;75594;57973;32808;13074;252831;1992;72
73;Savoie;95289;108602;84269;45317;21804;355281;46403;53318;41722;24595;14311;180349;48886;55284;42547;20722;7493;174932;1992;73
74;Haute-Savoie;165665;187188;142132;63419;28379;586783;80557;92488;69690;34584;18587;295906;85108;94700;72442;28835;9792;290877;1992;74
75;Paris;420010;773874;523022;258679;164343;2139928;208388;399794;269288;153042;112396;1142908;211622;374080;253734;105637;51947;997020;1992;75
76;Seine-Maritime;359922;376162;277260;147293;70331;1230968;176269;189013;139173;81760;47580;633795;183653;187149;138087;65533;22751;597173;1992;76
77;Seine-et-Marne;353209;350264;265917;97140;48692;1115222;171670;177530;129097;52397;32322;563016;181539;172734;136820;44743;16370;552206;1992;77
78;Yvelines;402012;410735;340956;119043;53439;1326185;196084;207810;168164;64017;36131;672206;205928;202925;172792;55026;17308;653979;1992;78
79;Deux-Sèvres;91779;95809;79238;51359;27646;345831;44495;46907;39432;27017;16913;174764;47284;48902;39806;24342;10733;171067;1992;79
80;Somme;159158;165268;120596;70642;33221;548885;78028;82474;60270;38401;21776;280949;81130;82794;60326;32241;11445;267936;1992;80
81;Tarn;82447;90013;81406;57252;31146;342264;39935;44417;41245;30419;19646;175662;42512;45596;40161;26833;11500;166602;1992;81
82;Tarn-et-Garonne;49708;55693;47420;32788;17321;202930;24220;27342;23707;17380;10763;103412;25488;28351;23713;15408;6558;99518;1992;82
83;Var;204864;225702;201167;139449;65984;837166;99409;113027;102247;74962;42098;431743;105455;112675;98920;64487;23886;405423;1992;83
84;Vaucluse;127375;135806;114820;65585;31653;475239;61933;68256;57566;35423;20407;243585;65442;67550;57254;30162;11246;231654;1992;84
85;Vendée;144069;143059;114370;77181;36941;515620;69869;69637;56975;41063;23820;261364;74200;73422;57395;36118;13121;254256;1992;85
86;Vienne;99392;113977;85760;54319;30635;384083;48437;57341;42763;28639;19206;196386;50955;56636;42997;25680;11429;187697;1992;86
87;Haute-Vienne;80041;98746;85282;57115;33147;354331;39030;49675;42821;31008;21287;183821;41011;49071;42461;26107;11860;170510;1992;87
88;Vosges;107701;108750;88675;52497;27145;384768;52419;53139;43915;29135;18372;196980;55282;55611;44760;23362;8773;187788;1992;88
89;Yonne;86947;87678;73337;50219;28061;326242;42190;42993;35637;26923;17902;165645;44757;44685;37700;23296;10159;160597;1992;89
90;Territoire de Belfort;37785;41522;31817;16081;7687;134892;18294;19947;15513;8864;5219;67837;19491;21575;16304;7217;2468;67055;1992;90
91;Essonne;324334;357971;282668;96403;44598;1105974;158502;177583;140169;51882;30235;558371;165832;180388;142499;44521;14363;547603;1992;91
92;Hauts-de-Seine;341363;470081;341620;160923;80923;1394910;168019;240531;171460;91268;55733;727011;173344;229550;170160;69655;25190;667899;1992;92
93;Seine-Saint-Denis;408705;464325;326620;130172;55086;1384908;200160;236135;157597;72190;37673;703755;208545;228190;169023;57982;17413;681153;1992;93
94;Val-de-Marne;318401;406394;299266;130931;63458;1218450;156361;204785;149769;73842;43638;628395;162040;201609;149497;57089;19820;590055;1992;94
95;Val-d'Oise;335977;344710;255535;91291;40186;1067699;164218;175512;125500;49954;27599;542783;171759;169198;130035;41337;12587;524916;1992;95
2A;Corse-du-Sud;29243;33672;29056;18520;8585;119076;14146;16917;14052;9925;5604;60644;15097;16755;15004;8595;2981;58432;1992;201
2B;Haute-Corse;31135;38596;32462;20294;10135;132622;15275;18809;15298;10911;6468;66761;15860;19787;17164;9383;3667;65861;1992;202
971;Guadeloupe;130567;117496;67785;29585;12049;357482;64390;60179;35321;16050;7424;183364;66177;57317;32464;13535;4625;174118;1992;971
972;Martinique;122667;117143;71563;35155;14892;361420;60342;60661;37958;19142;9323;187426;62325;56482;33605;16013;5569;173994;1992;972
973;Guyane;53720;41391;19679;5008;1671;121469;26501;19792;8999;2484;957;58733;27219;21599;10680;2524;714;62736;1992;973
974;La Réunion;253056;208493;107577;38904;12303;620333;125055;106104;54307;21353;8318;315137;128001;102389;53270;17551;3985;305196;1992;974
01;Ain;140309;142927;111129;53693;28924;476982;68480;70125;53581;28417;18720;239323;71829;72802;57548;25276;10204;237659;1991;1
02;Aisne;160712;157963;117180;68649;32759;537263;78510;77816;58034;37281;21574;273215;82202;80147;59146;31368;11185;264048;1991;2
03;Allier;84007;94170;84949;58746;34560;356432;41094;46410;42846;31849;22273;184472;42913;47760;42103;26897;12287;171960;1991;3
04;Alpes-de-Haute-Provence;32083;36450;31894;20414;11016;131857;15657;17932;15901;10667;6798;66955;16426;18518;15993;9747;4218;64902;1991;4
05;Hautes-Alpes;29692;33162;26413;16313;8613;114193;14259;16316;13040;8509;5417;57541;15433;16846;13373;7804;3196;56652;1991;5
06;Alpes-Maritimes;216365;264571;236217;161373;102805;981331;105574;135431;122584;90560;66156;520305;110791;129140;113633;70813;36649;461026;1991;6
07;Ardèche;71479;75649;65552;42143;23865;278688;34704;37028;32378;22329;15554;141993;36775;38621;33174;19814;8311;136695;1991;7
08;Ardennes;88867;86103;65979;36601;18126;295676;43501;42344;32358;19933;12031;150167;45366;43759;33621;16668;6095;145509;1991;8
09;Ariège;30847;35553;31297;24071;15004;136772;14955;17364;15491;12595;9129;69534;15892;18189;15806;11476;5875;67238;1991;9
10;Aube;80628;84408;66608;37320;21154;290118;39255;41684;32972;20347;13722;147980;41373;42724;33636;16973;7432;142138;1991;10
11;Aude;70040;80107;68972;51696;29800;300615;33734;38689;35081;27239;18431;153174;36306;41418;33891;24457;11369;147441;1991;11
12;Aveyron;62699;69079;63459;45404;28473;269114;30459;33309;31694;23846;17680;136988;32240;35770;31765;21558;10793;132126;1991;12
13;Bouches-du-Rhône;467311;526586;428542;229833;115782;1768054;228017;267620;216175;125368;75636;912816;239294;258966;212367;104465;40146;855238;1991;13
14;Calvados;184409;190914;135436;75093;35928;621780;90597;95943;69129;41385;24506;321560;93812;94971;66307;33708;11422;300220;1991;14
15;Cantal;38519;42940;36772;25511;14563;158305;18837;20582;18088;13598;9245;80350;19682;22358;18684;11913;5318;77955;1991;15
16;Charente;87221;95445;79394;50547;29637;342244;42447;47341;39951;26916;18883;175538;44774;48104;39443;23631;10754;166706;1991;16
17;Charente-Maritime;133815;141337;123010;85998;46472;530632;65147;70446;62462;45945;29083;273083;68668;70891;60548;40053;17389;257549;1991;17
18;Cher;81358;89520;75894;46916;27586;321274;39810;43899;37371;25184;17794;164058;41548;45621;38523;21732;9792;157216;1991;18
19;Corrèze;52994;62092;55829;41818;24777;237510;25726;30308;27945;22629;15729;122337;27268;31784;27884;19189;9048;115173;1991;19
21;Côte-d'Or;138601;153261;111705;58833;33131;495531;68541;77149;55543;32005;21468;254706;70060;76112;56162;26828;11663;240825;1991;21
22;Côtes-d'Armor;141848;139765;124331;88684;43585;538213;69307;67682;62552;48879;29293;277713;72541;72083;61779;39805;14292;260500;1991;22
23;Creuse;26581;31678;29926;25412;16957;130554;12853;15080;14676;13342;10856;66807;13728;16598;15250;12070;6101;63747;1991;23
24;Dordogne;88205;99278;91089;69707;38860;387139;42772;49201;46109;36919;24397;199398;45433;50077;44980;32788;14463;187741;1991;24
25;Doubs;143426;150444;112608;54015;26014;486507;70144;74718;55540;29450;16943;246795;73282;75726;57068;24565;9071;239712;1991;25
26;Drôme;115938;118282;98374;55250;29175;417019;56440;58785;49318;29669;18823;213035;59498;59497;49056;25581;10352;203984;1991;26
27;Eure;158686;156741;115562;58060;28429;517478;77207;77698;56547;31005;18678;261135;81479;79043;59015;27055;9751;256343;1991;27
28;Eure-et-Loir;120085;116022;88397;47948;26123;398575;58575;57958;42988;25546;16313;201380;61510;58064;45409;22402;9810;197195;1991;28
29;Finistère;224457;238220;188461;123988;63275;838401;109263;115059;95354;69875;42536;432087;115194;123161;93107;54113;20739;406314;1991;29
30;Gard;152875;167316;138987;85721;43846;588745;74551;83147;69965;46010;28154;301827;78324;84169;69022;39711;15692;286918;1991;30
31;Haute-Garonne;236343;313232;217498;111380;60424;938877;116202;156939;110639;60756;38649;483185;120141;156293;106859;50624;21775;455692;1991;31
32;Gers;38381;45549;42110;30458;18401;174899;18529;22260;20955;15550;11095;88389;19852;23289;21155;14908;7306;86510;1991;32
33;Gironde;320794;377728;281181;158594;85660;1223957;157268;191438;142737;87198;57111;635752;163526;186290;138444;71396;28549;588205;1991;33
34;Hérault;204580;239925;184093;116567;60722;805887;100369;123017;94480;62996;38427;419289;104211;116908;89613;53571;22295;386598;1991;34
35;Ille-et-Vilaine;234557;249800;176459;97389;46924;805129;115044;124498;89427;53678;31697;414344;119513;125302;87032;43711;15227;390785;1991;35
36;Indre;55664;62978;55293;38716;24458;237109;27162;30709;27474;20605;15371;121321;28502;32269;27819;18111;9087;115788;1991;36
37;Indre-et-Loire;144865;158668;120243;68070;39798;531644;71591;80331;60692;36591;25402;274607;73274;78337;59551;31479;14396;257037;1991;37
38;Isère;296945;320035;238845;113343;55400;1024568;144547;158498;118197;61360;36918;519520;152398;161537;120648;51983;18482;505048;1991;38
39;Jura;68331;69613;57093;35126;19267;249430;33263;34102;28227;18877;12203;126672;35068;35511;28866;16249;7064;122758;1991;39
40;Landes;75628;85036;74504;50463;27656;313287;36565;41479;37514;26672;17992;160222;39063;43557;36990;23791;9664;153065;1991;40
41;Loir-et-Cher;80058;84388;69774;45559;27438;307217;39165;41464;34691;24017;17300;156637;40893;42924;35083;21542;10138;150580;1991;41
42;Loire;207202;207973;175768;100367;53562;744872;101028;103890;88303;55231;36021;384473;106174;104083;87465;45136;17541;360399;1991;42
43;Haute-Loire;52925;56107;47906;31717;17957;206612;25661;26883;23472;17090;11747;104853;27264;29224;24434;14627;6210;101759;1991;43
44;Loire-Atlantique;315527;315604;240197;125468;62170;1058966;154629;157357;121961;70068;42134;546149;160898;158247;118236;55400;20036;512817;1991;44
45;Loiret;166619;174542;133319;71754;39354;585588;81852;86815;66010;38571;24728;297976;84767;87727;67309;33183;14626;287612;1991;45
46;Lot;35208;39572;36864;28343;16275;156262;17053;19454;18556;14879;10261;80203;18155;20118;18308;13464;6014;76059;1991;46
47;Lot-et-Garonne;75261;80261;72203;50094;27651;305470;36612;40165;36552;26519;17293;157141;38649;40096;35651;23575;10358;148329;1991;47
48;Lozère;17634;19654;16582;11534;7246;72650;8588;9282;7896;5891;4604;36261;9046;10372;8686;5643;2642;36389;1991;48
49;Maine-et-Loire;220106;207988;149456;83155;46315;707020;107664;104097;75919;45122;29982;362784;112442;103891;73537;38033;16333;344236;1991;49
50;Manche;136342;135783;105216;69928;32551;479820;66392;65306;52904;37883;22123;244608;69950;70477;52312;32045;10428;235212;1991;50
51;Marne;164089;177196;124388;60903;32430;559006;80344;88507;61620;33527;21402;285400;83745;88689;62768;27376;11028;273606;1991;51
52;Haute-Marne;57986;58023;45662;27017;14645;203333;28045;28323;22278;14557;9467;102670;29941;29700;23384;12460;5178;100663;1991;52
53;Mayenne;82250;78219;60621;37031;20134;278255;39978;38054;30556;19864;13280;141732;42272;40165;30065;17167;6854;136523;1991;53
54;Meurthe-et-Moselle;201243;222875;161503;85108;41029;711758;98502;111204;80916;47284;27741;365647;102741;111671;80587;37824;13288;346111;1991;54
55;Meuse;56235;56045;42904;26862;13997;196043;27125;27144;21151;14586;9259;99265;29110;28901;21753;12276;4738;96778;1991;55
56;Morbihan;175202;175602;139733;89330;41873;621740;84980;85049;70529;49245;28278;318081;90222;90553;69204;40085;13595;303659;1991;56
57;Moselle;290921;320928;233501;118871;47627;1011848;141204;158914;114838;65071;31914;511941;149717;162014;118663;53800;15713;499907;1991;57
58;Nièvre;55943;60613;53701;38948;23466;232671;27212;29684;26711;21122;15041;119770;28731;30929;26990;17826;8425;112901;1991;58
59;Nord;806251;774150;537914;281197;132112;2531624;393954;387848;271009;158053;91315;1302179;412297;386302;266905;123144;40797;1229445;1991;59
60;Oise;230810;228035;166470;71757;35204;732276;112364;113544;79917;38593;23272;367690;118446;114491;86553;33164;11932;364586;1991;60
61;Orne;82527;80824;66199;42266;21345;293161;40204;39527;33189;22650;14093;149663;42323;41297;33010;19616;7252;143498;1991;61
62;Pas-de-Calais;452947;420269;304498;178065;77990;1433769;221412;208090;154582;100531;53900;738515;231535;212179;149916;77534;24090;695254;1991;62
63;Puy-de-Dôme;154176;179154;144340;79832;40866;598368;75673;89220;71719;43687;27169;307468;78503;89934;72621;36145;13697;290900;1991;63
64;Pyrénées-Atlantiques;143355;163942;137226;86264;49868;580655;69972;81569;70202;46996;32582;301321;73383;82373;67024;39268;17286;279334;1991;64
65;Hautes-Pyrénées;51387;61990;55135;36213;20301;225026;24904;30440;27951;19483;13132;115910;26483;31550;27184;16730;7169;109116;1991;65
66;Pyrénées-Orientales;86689;95731;85035;65730;34440;367625;42366;48258;44499;35358;21258;191739;44323;47473;40536;30372;13182;175886;1991;66
67;Bas-Rhin;261175;319002;218099;107742;54302;960320;128625;158790;106821;61926;37274;493436;132550;160212;111278;45816;17028;466884;1991;67
68;Haut-Rhin;187500;213809;157580;78461;37760;675110;91413;105502;76631;44289;26322;344157;96087;108307;80949;34172;11438;330953;1991;68
69;Rhône;422033;479237;358323;170024;87812;1517429;207407;243408;180088;94145;59853;784901;214626;235829;178235;75879;27959;732528;1991;69
70;Haute-Saône;65662;63426;52375;30536;16929;228928;31672;30804;25433;16562;10911;115382;33990;32622;26942;13974;6018;113546;1991;70
71;Saône-et-Loire;146324;151700;130998;83071;46318;558411;71105;74395;65298;44707;30176;285681;75219;77305;65700;38364;16142;272730;1991;71
72;Sarthe;145451;148637;114481;68287;37754;514610;71086;73303;57349;36697;24399;262834;74365;75334;57132;31590;13355;251776;1991;72
73;Savoie;95616;107729;82672;43351;22288;351656;46592;52756;40919;23561;14593;178421;49024;54973;41753;19790;7695;173235;1991;73
74;Haute-Savoie;164707;185778;138089;60580;28680;577834;80083;91877;67592;33001;18727;291280;84624;93901;70497;27579;9953;286554;1991;74
75;Paris;423595;773569;522330;255775;170643;2145912;210190;399564;268932;151927;116471;1147084;213405;374005;253398;103848;54172;998828;1991;75
76;Seine-Maritime;363788;376566;272758;142066;71841;1227019;178152;189087;137143;78779;48376;631537;185636;187479;135615;63287;23465;595482;1991;76
77;Seine-et-Marne;351007;345835;256415;92338;49640;1095235;170679;175121;124256;49773;32820;552649;180328;170714;132159;42565;16820;542586;1991;77
78;Yvelines;403268;409424;334972;112894;54367;1314925;196598;207198;164849;60754;36780;666179;206670;202226;170123;52140;17587;648746;1991;78
79;Deux-Sèvres;93443;96313;78130;49374;28541;345801;45307;47227;38938;25904;17353;174729;48136;49086;39192;23470;11188;171072;1991;79
80;Somme;161669;165076;118736;68334;34312;548127;79309;82265;59493;37041;22359;280467;82360;82811;59243;31293;11953;267660;1991;80
81;Tarn;83628;90688;80975;55018;32236;342545;40548;44704;41096;29167;20262;175777;43080;45984;39879;25851;11974;166768;1991;81
82;Tarn-et-Garonne;49899;55751;46589;31560;17814;201613;24309;27374;23342;16690;11011;102726;25590;28377;23247;14870;6803;98887;1991;82
83;Var;203959;224022;197478;133957;66397;825813;98844;112060;100285;72051;42282;425522;105115;111962;97193;61906;24115;400291;1991;83
84;Vaucluse;127780;135645;113054;63414;32358;472251;62053;68005;56764;34136;20876;241834;65727;67640;56290;29278;11482;230417;1991;84
85;Vendée;145798;143179;112175;73730;37867;512749;70817;69656;55935;39264;24312;259984;74981;73523;56240;34466;13555;252765;1991;85
86;Vienne;100638;113062;84217;52381;31563;381861;49079;56759;41973;27648;19664;195123;51559;56303;42244;24733;11899;186738;1991;86
87;Haute-Vienne;81240;98698;84358;55106;34416;353818;39726;49556;42340;29861;22003;183486;41514;49142;42018;25245;12413;170332;1991;87
88;Vosges;109474;109560;87683;50585;27763;385065;53283;53621;43423;28153;18733;197213;56191;55939;44260;22432;9030;187852;1991;88
89;Yonne;87738;87822;71799;48381;28883;324623;42572;42911;35020;25905;18347;164755;45166;44911;36779;22476;10536;159868;1991;89
90;Territoire de Belfort;38170;41581;31396;15453;7839;134439;18514;19997;15300;8508;5290;67609;19656;21584;16096;6945;2549;66830;1991;90
91;Essonne;324637;354883;277726;90944;45468;1093658;158710;176109;137223;49143;30727;551912;165927;178774;140503;41801;14741;541746;1991;91
92;Hauts-de-Seine;342612;468605;341542;156432;83178;1392369;168485;239733;171272;88837;57270;725597;174127;228872;170270;67595;25908;666772;1991;92
93;Seine-Saint-Denis;409412;465780;323497;125481;56783;1380953;200301;236711;155804;69721;38856;701393;209111;229069;167693;55760;17927;679560;1991;93
94;Val-de-Marne;319859;406416;297203;126284;65392;1215154;157155;204544;148618;71188;44968;626473;162704;201872;148585;55096;20424;588681;1991;94
95;Val-d'Oise;335561;343914;249832;87014;41029;1057350;164016;175118;122466;47578;28129;537307;171545;168796;127366;39436;12900;520043;1991;95
2A;Corse-du-Sud;29324;33976;28734;18087;8742;118863;14147;17024;13871;9712;5691;60445;15177;16952;14863;8375;3051;58418;1991;201
2B;Haute-Corse;31450;38918;32231;19947;10250;132796;15473;18827;15205;10768;6490;66763;15977;20091;17026;9179;3760;66033;1991;202
971;Guadeloupe;131360;117177;65557;28906;11536;354536;64792;59867;34098;15674;7125;181556;66568;57310;31459;13232;4411;172980;1991;971
972;Martinique;123739;117598;69715;34358;14364;359774;60821;60734;36932;18699;9009;186195;62918;56864;32783;15659;5355;173579;1991;972
973;Guyane;51818;40435;18643;4839;1592;117327;25564;19145;8466;2404;906;56485;26254;21290;10177;2435;686;60842;1991;973
974;La Réunion;250553;204208;103252;38039;11785;607837;123871;103828;52095;21010;7925;308729;126682;100380;51157;17029;3860;299108;1991;974
01;Ain;139298;142812;107851;51385;29305;470651;67974;69971;51950;27209;18939;236043;71324;72841;55901;24176;10366;234608;1990;1
02;Aisne;162241;159798;115301;66035;33521;536896;79276;78556;57228;35844;22015;272919;82965;81242;58073;30191;11506;263977;1990;2
03;Allier;85633;95503;84518;57023;35275;357952;41875;47063;42714;30911;22618;185181;43758;48440;41804;26112;12657;172771;1990;3
04;Alpes-de-Haute-Provence;32010;36578;31381;19799;11143;130911;15568;17942;15709;10323;6894;66436;16442;18636;15672;9476;4249;64475;1990;4
05;Hautes-Alpes;29569;33317;25823;15826;8730;113265;14166;16359;12740;8279;5448;56992;15403;16958;13083;7547;3282;56273;1990;5
06;Alpes-Maritimes;215109;263257;232984;157821;103209;972380;104904;134630;121045;88734;66234;515547;110205;128627;111939;69087;36975;456833;1990;6
07;Ardèche;72027;76142;64524;40801;24157;277651;34880;37315;31927;21709;15641;141472;37147;38827;32597;19092;8516;136179;1990;7
08;Ardennes;90220;86988;65214;35136;18592;296150;44092;42890;32030;19146;12257;150415;46128;44098;33184;15990;6335;145735;1990;8
09;Ariège;31068;35791;31076;23381;15365;136681;15048;17446;15466;12187;9330;69477;16020;18345;15610;11194;6035;67204;1990;9
10;Aube;81304;85041;65400;35838;21555;289138;39551;42007;32391;19574;13908;147431;41753;43034;33009;16264;7647;141707;1990;10
11;Aude;70250;80252;68278;49919;30218;298917;33786;38667;34802;26258;18628;152141;36464;41585;33476;23661;11590;146776;1990;11
12;Aveyron;63814;70063;63134;44379;29018;270408;31058;33803;31648;23297;17908;137714;32756;36260;31486;21082;11110;132694;1990;12
13;Bouches-du-Rhône;470370;525915;421957;223891;115931;1758064;229483;267122;212808;122151;75673;907237;240887;258793;209149;101740;40258;850827;1990;13
14;Calvados;186832;190510;132368;72120;36287;618117;91750;95708;67703;39712;24766;319639;95082;94802;64665;32408;11521;298478;1990;14
15;Cantal;39331;43619;36336;24847;14707;158840;19208;20945;17903;13208;9326;80590;20123;22674;18433;11639;5381;78250;1990;15
16;Charente;88321;96427;78381;48788;30124;342041;42987;47843;39533;25975;19134;175472;45334;48584;38848;22813;10990;166569;1990;16
17;Charente-Maritime;134963;141691;120654;82779;47099;527186;65712;70650;61329;44212;29345;271248;69251;71041;59325;38567;17754;255938;1990;17
18;Cher;82551;90482;74890;45300;28264;321487;40407;44379;36893;24361;18178;164218;42144;46103;37997;20939;10086;157269;1990;18
19;Corrèze;53968;62618;55433;40810;25222;238051;26185;30639;27829;22035;15960;122648;27783;31979;27604;18775;9262;115403;1990;19
21;Côte-d'Or;140325;153146;109584;56834;33582;493471;69455;77062;54432;30949;21637;253535;70870;76084;55152;25885;11945;239936;1990;21
22;Côtes-d'Armor;144313;140692;123019;85987;44432;538443;70550;68166;61986;47403;29741;277846;73763;72526;61033;38584;14691;260597;1990;22
23;Creuse;27121;32121;29990;24802;17551;131585;13091;15286;14704;13085;11131;67297;14030;16835;15286;11717;6420;64288;1990;23
24;Dordogne;89277;100142;90337;67655;39279;386690;43305;49613;45777;35799;24642;199136;45972;50529;44560;31856;14637;187554;1990;24
25;Doubs;145244;150401;110536;51791;26292;484264;71054;74515;54579;28296;17139;245583;74190;75886;55957;23495;9153;238681;1990;25
26;Drôme;116144;118568;96221;53296;29600;413829;56510;58958;48292;28587;19028;211375;59634;59610;47929;24709;10572;202454;1990;26
27;Eure;159577;157386;112269;55675;28558;513465;77663;77884;55024;29682;18682;258935;81914;79502;57245;25993;9876;254530;1990;27
28;Eure-et-Loir;120542;116738;85881;46089;26433;395683;58774;58244;41882;24539;16436;199875;61768;58494;43999;21550;9997;195808;1990;28
29;Finistère;228199;238713;186530;120812;64112;838366;111137;115209;94663;68173;42868;432050;117062;123504;91867;52639;21244;406316;1990;29
30;Gard;153361;167789;136652;82899;44281;584982;74745;83237;68906;44491;28354;299733;78616;84552;67746;38408;15927;285249;1990;30
31;Haute-Garonne;236462;307735;212365;107885;60669;925116;116354;154132;108121;58786;38761;476154;120108;153603;104244;49099;21908;448962;1990;31
32;Gers;38892;45792;41858;29504;18700;174746;18772;22337;20846;15038;11277;88270;20120;23455;21012;14466;7423;86476;1990;32
33;Gironde;322923;376080;274384;153481;86672;1213540;158395;190456;139412;84372;57698;630333;164528;185624;134972;69109;28974;583207;1990;33
34;Hérault;204223;236860;180042;112314;61203;794642;100329;121245;92485;60580;38783;413422;103894;115615;87557;51734;22420;381220;1990;34
35;Ille-et-Vilaine;236230;247390;173092;93790;47283;797785;115893;123313;87778;51699;31985;410668;120337;124077;85314;42091;15298;387117;1990;35
36;Indre;56660;63590;54974;37509;24876;237609;27629;31038;27363;19971;15571;121572;29031;32552;27611;17538;9305;116037;1990;36
37;Indre-et-Loire;146813;158141;117965;66018;40213;529150;72640;79901;59538;35493;25597;273169;74173;78240;58427;30525;14616;255981;1990;37
38;Isère;298116;318256;233911;108987;55968;1015238;145125;157670;115748;58987;37259;514789;152991;160586;118163;50000;18709;500449;1990;38
39;Jura;68999;69811;56319;33936;19642;248707;33564;34174;27918;18223;12458;126337;35435;35637;28401;15713;7184;122370;1990;39
40;Landes;76092;85443;73204;48774;27994;311507;36752;41682;36847;25792;18172;159245;39340;43761;36357;22982;9822;152262;1990;40
41;Loir-et-Cher;80847;84815;68396;43946;27865;305869;39522;41606;34062;23165;17508;155863;41325;43209;34334;20781;10357;150006;1990;41
42;Loire;210770;209651;173986;97163;54531;746101;102754;104708;87548;53395;36584;384989;108016;104943;86438;43768;17947;361112;1990;42
43;Haute-Loire;53618;56609;47397;30641;18393;206658;26050;27030;23305;16520;11996;104901;27568;29579;24092;14121;6397;101757;1990;43
44;Loire-Atlantique;318047;314691;234137;120940;62724;1050539;155767;156992;119176;67464;42388;541787;162280;157699;114961;53476;20336;508752;1990;44
45;Loiret;167195;174410;129692;68871;39842;580010;82186;86716;64168;37030;24943;295043;85009;87694;65524;31841;14899;284967;1990;45
46;Lot;35529;39912;36555;27493;16481;155970;17175;19623;18402;14470;10364;80034;18354;20289;18153;13023;6117;75936;1990;46
47;Lot-et-Garonne;76243;81101;71651;48832;27970;305797;37125;40525;36330;25834;17423;157237;39118;40576;35321;22998;10547;148560;1990;47
48;Lozère;17916;19826;16438;11295;7388;72863;8718;9335;7892;5782;4666;36393;9198;10491;8546;5513;2722;36470;1990;48
49;Maine-et-Loire;223289;207810;146402;80364;46803;704668;109346;103872;74615;43529;30229;361591;113943;103938;71787;36835;16574;343077;1990;49
50;Manche;137940;136991;104279;67228;33141;479579;67150;65804;52682;36427;22470;244533;70790;71187;51597;30801;10671;235046;1990;50
51;Marne;166598;177443;121936;58721;32938;557636;81647;88539;60354;32366;21643;284549;84951;88904;61582;26355;11295;273087;1990;51
52;Haute-Marne;58976;58972;45100;26022;14969;204039;28632;28723;22028;14056;9597;103036;30344;30249;23072;11966;5372;101003;1990;52
53;Mayenne;83287;78529;59839;35671;20422;277748;40535;38264;30242;19103;13463;141607;42752;40265;29597;16568;6959;136141;1990;53
54;Meurthe-et-Moselle;204239;223578;160020;81758;41772;711367;100028;111424;80207;45511;28148;365318;104211;112154;79813;36247;13624;346049;1990;54
55;Meuse;56967;56622;42372;25950;14371;196282;27465;27421;20966;14063;9473;99388;29502;29201;21406;11887;4898;96894;1990;55
56;Morbihan;177690;176398;137389;86139;42107;619723;86166;85481;69460;47424;28398;316929;91524;90917;67929;38715;13709;302794;1990;56
57;Moselle;295016;322407;231128;114166;47797;1010514;143210;159481;113656;62788;32012;511147;151806;162926;117472;51378;15785;499367;1990;57
58;Nièvre;56848;61565;53085;37706;24246;233450;27641;30110;26412;20481;15495;120139;29207;31455;26673;17225;8751;113311;1990;58
59;Nord;815052;776517;531507;270726;135693;2529495;398156;388667;268097;152252;93484;1300656;416896;387850;263410;118474;42209;1228839;1990;59
60;Oise;230915;228546;160799;68667;35660;724587;112365;113688;77152;36982;23494;363681;118550;114858;83647;31685;12166;360906;1990;60
61;Orne;83873;81560;65273;40680;21808;293194;40874;39849;32868;21816;14384;149791;42999;41711;32405;18864;7424;143403;1990;61
62;Pas-de-Calais;457839;422421;300490;171593;79865;1432208;223765;209075;152998;96877;54956;737671;234074;213346;147492;74716;24909;694537;1990;62
63;Puy-de-Dôme;156878;180296;142332;77163;41642;598311;77080;89701;70738;42112;27610;307241;79798;90595;71594;35051;14032;291070;1990;63
64;Pyrénées-Atlantiques;144966;164054;135074;83767;50215;578076;70695;81711;69122;45661;32768;299957;74271;82343;65952;38106;17447;278119;1990;64
65;Hautes-Pyrénées;52244;62529;54516;35291;20339;224919;25319;30683;27667;19011;13151;115831;26925;31846;26849;16280;7188;109088;1990;65
66;Pyrénées-Orientales;86888;94784;84029;63638;34425;363764;42425;47825;43984;34176;21283;189693;44463;46959;40045;29462;13142;174071;1990;66
67;Bas-Rhin;262554;316910;213509;104128;55057;952158;129367;157363;104738;60213;37669;489350;133187;159547;108771;43915;17388;462808;1990;67
68;Haut-Rhin;188143;214191;154714;75064;38540;670652;91760;105526;75432;42511;26850;342079;96383;108665;79282;32553;11690;328573;1990;68
69;Rhône;423976;476698;354061;163363;89015;1507113;208352;241858;177813;90475;60634;779132;215624;234840;176248;72888;28381;727981;1990;69
70;Haute-Saône;66893;64046;51536;29577;17426;229478;32197;31168;25040;16042;11250;115697;34696;32878;26496;13535;6176;113781;1990;70
71;Saône-et-Loire;148838;153516;129619;80130;47257;559360;72290;75390;64687;43100;30690;286157;76548;78126;64932;37030;16567;273203;1990;71
72;Sarthe;147567;148857;112599;65899;38358;513280;72121;73363;56586;35370;24693;262133;75446;75494;56013;30529;13665;251147;1990;72
73;Savoie;95806;107365;80761;41717;22440;348089;46689;52482;40011;22696;14639;176517;49117;54883;40750;19021;7801;171572;1990;73
74;Haute-Savoie;162972;185059;133178;57864;28662;567735;79304;91441;65142;31556;18740;286183;83668;93618;68036;26308;9922;281552;1990;74
75;Paris;425574;776471;519423;253597;175082;2150147;211039;401163;267595;151339;119477;1150613;214535;375308;251828;102258;55605;999534;1990;75
76;Seine-Maritime;367136;377718;267973;137055;72622;1222504;179885;189506;134911;76050;48793;629145;187251;188212;133062;61005;23829;593359;1990;76
77;Seine-et-Marne;348965;343779;246387;87946;50129;1077206;169732;174001;119073;47597;32963;543366;179233;169778;127314;40349;17166;533840;1990;77
78;Yvelines;404037;411402;327986;107072;54579;1305076;196944;208334;160854;57799;36869;660800;207093;203068;167132;49273;17710;644276;1990;78
79;Deux-Sèvres;95015;97158;77315;47426;29113;346027;46208;47671;38605;24851;17563;174898;48807;49487;38710;22575;11550;171129;1990;79
80;Somme;164193;165294;116812;65979;35207;547485;80464;82356;58726;35720;22805;280071;83729;82938;58086;30259;12402;267414;1990;80
81;Tarn;84528;91792;80571;53259;32796;342946;40950;45229;40993;28239;20570;175981;43578;46563;39578;25020;12226;166965;1990;81
82;Tarn-et-Garonne;50094;55781;45771;30566;18083;200295;24311;27405;22997;16100;11193;102006;25783;28376;22774;14466;6890;98289;1990;82
83;Var;203009;223462;193810;129517;65916;815714;98371;111663;98469;69714;41948;420165;104638;111799;95341;59803;23968;395549;1990;83
84;Vaucluse;127262;135488;110524;61121;32515;466910;61807;67788;55562;32904;20939;239000;65455;67700;54962;28217;11576;227910;1990;84
85;Vendée;146816;143427;109972;70660;38087;508962;71299;69744;54971;37642;24372;258028;75517;73683;55001;33018;13715;250934;1990;85
86;Vienne;102062;112318;82771;50791;32021;379963;49869;56213;41290;26797;19851;194020;52193;56105;41481;23994;12170;185943;1990;86
87;Haute-Vienne;82556;99025;83305;53616;35322;353824;40389;49628;41760;29143;22561;183481;42167;49397;41545;24473;12761;170343;1990;87
88;Vosges;111237;110880;86859;48749;28403;386128;54111;54274;43171;27118;19117;197791;57126;56606;43688;21631;9286;188337;1990;88
89;Yonne;88335;88379;70086;46907;29411;323118;42832;43171;34197;25121;18540;163861;45503;45208;35889;21786;10871;159257;1990;89
90;Territoire de Belfort;38649;41722;30860;14807;7940;133978;18682;20137;15042;8192;5347;67400;19967;21585;15818;6615;2593;66578;1990;90
91;Essonne;325363;354098;271971;85786;46027;1083245;159082;175768;133879;46622;30975;546326;166281;178330;138092;39164;15052;536919;1990;91
92;Hauts-de-Seine;342866;468892;341069;151839;84750;1389416;168670;239673;170948;86363;58422;724076;174196;229219;170121;65476;26328;665340;1990;92
93;Seine-Saint-Denis;410115;469474;320206;120880;57901;1378576;200737;238042;154145;67382;39722;700028;209378;231432;166061;53498;18179;678548;1990;93
94;Val-de-Marne;321688;408128;295092;121746;66792;1213446;157956;205279;147415;68853;45936;625439;163732;202849;147677;52893;20856;588007;1990;94
95;Val-d'Oise;334679;344988;243448;82908;41530;1047553;163585;175590;119070;45432;28395;532072;171094;169398;124378;37476;13135;515481;1990;95
2A;Corse-du-Sud;29340;34348;28416;17572;8776;118452;14113;17116;13750;9448;5696;60123;15227;17232;14666;8124;3080;58329;1990;201
2B;Haute-Corse;31317;38877;31527;19280;10192;131193;15413;18699;14921;10420;6460;65913;15904;20178;16606;8860;3732;65280;1990;202
971;Guadeloupe;132209;116927;63409;28247;11052;351844;65225;59597;32920;15310;6839;179891;66984;57330;30489;12937;4213;171953;1990;971
972;Martinique;124866;118174;67925;33582;13859;358406;61323;60868;35941;18268;8708;185108;63543;57306;31984;15314;5151;173298;1990;972
973;Guyane;49987;39505;17666;4676;1517;113351;24662;18517;7966;2325;858;54328;25325;20988;9700;2351;659;59023;1990;973
974;La Réunion (*);238712;204727;103001;38781;12607;597828;118097;103855;51926;21312;8382;303572;120615;100872;51075;17469;4225;294256;1990;974
01;Ain;138131;141183;104387;50419;28667;462787;67286;69116;50236;26817;18521;231976;70845;72067;54151;23602;10146;230811;1989;1
02;Aisne;163698;161557;113639;64902;33400;537196;79832;79257;56532;35294;21894;272809;83866;82300;57107;29608;11506;264387;1989;2
03;Allier;87280;96322;84444;56756;34881;359683;42690;47379;42773;30871;22317;186030;44590;48943;41671;25885;12564;173653;1989;3
04;Alpes-de-Haute-Provence;31694;36237;30930;19470;10828;129159;15442;17781;15359;10228;6719;65529;16252;18456;15571;9242;4109;63630;1989;4
05;Hautes-Alpes;29381;33261;25342;15700;8454;112138;14040;16298;12518;8232;5271;56359;15341;16963;12824;7468;3183;55779;1989;5
06;Alpes-Maritimes;212123;260136;229406;156042;100734;958441;103362;132834;119371;88053;64672;508292;108761;127302;110035;67989;36062;450149;1989;6
07;Ardèche;72513;76153;63834;40426;23734;276660;35066;37310;31647;21568;15416;141007;37447;38843;32187;18858;8318;135653;1989;7
08;Ardennes;91684;88281;64657;34640;18496;297758;44750;43472;31764;18908;12203;151097;46934;44809;32893;15732;6293;146661;1989;8
09;Ariège;31163;35899;30909;23350;15138;136459;15097;17477;15395;12209;9189;69367;16066;18422;15514;11141;5949;67092;1989;9
10;Aube;82161;85990;64347;35527;21379;289404;39959;42496;31825;19498;13772;147550;42202;43494;32522;16029;7607;141854;1989;10
11;Aude;69800;79522;67641;49280;29672;295915;33507;38355;34493;26059;18289;150703;36293;41167;33148;23221;11383;145212;1989;11
12;Aveyron;65027;70532;63067;44550;28410;271586;31676;34050;31619;23566;17519;138430;33351;36482;31448;20984;10891;133156;1989;12
13;Bouches-du-Rhône;472853;528127;417875;222440;113993;1755288;230752;268163;210562;121585;74511;905573;242101;259964;207313;100855;39482;849715;1989;13
14;Calvados;188467;191327;129009;70770;35342;614915;92568;96022;66043;39019;24227;317879;95899;95305;62966;31751;11115;297036;1989;14
15;Cantal;40148;43920;36202;24783;14405;159458;19584;21030;17853;13230;9172;80869;20564;22890;18349;11553;5233;78589;1989;15
16;Charente;89414;97142;77595;48400;29609;342160;43509;48223;39165;25842;18830;175569;45905;48919;38430;22558;10779;166591;1989;16
17;Charente-Maritime;136314;142544;119051;81560;45979;525448;66295;71118;60479;43715;28674;270281;70019;71426;58572;37845;17305;255167;1989;17
18;Cher;83569;91113;73938;44901;27958;321479;40852;44700;36434;24249;17976;164211;42717;46413;37504;20652;9982;157268;1989;18
19;Corrèze;54739;63235;55105;40696;24812;238587;26520;30897;27792;21995;15699;122903;28219;32338;27313;18701;9113;115684;1989;19
21;Côte-d'Or;142064;153408;106947;56208;32810;491437;70281;77078;53169;30677;21152;252357;71783;76330;53778;25531;11658;239080;1989;21
22;Côtes-d'Armor;146497;142028;121803;85021;43438;538787;71500;68814;61525;47001;29164;278004;74997;73214;60278;38020;14274;260783;1989;22
23;Creuse;27651;32428;30308;24755;17512;132654;13355;15471;14893;13090;11090;67899;14296;16957;15415;11665;6422;64755;1989;23
24;Dordogne;89806;100414;89635;67049;38425;385329;43461;49763;45435;35599;24105;198363;46345;50651;44200;31450;14320;186966;1989;24
25;Doubs;148091;151722;108458;50890;25534;484695;72453;74895;53623;27873;16673;245517;75638;76827;54835;23017;8861;239178;1989;25
26;Drôme;116214;118404;94935;52545;28978;411076;56524;58796;47600;28404;18647;209971;59690;59608;47335;24141;10331;201105;1989;26
27;Eure;158530;156589;108842;54424;27993;506378;77149;77519;53297;29196;18269;255430;81381;79070;55545;25228;9724;250948;1989;27
28;Eure-et-Loir;119958;116863;83420;45183;25934;391358;58419;58164;40727;24084;16122;197516;61539;58699;42693;21099;9812;193842;1989;28
29;Finistère;230729;239187;184339;120255;62379;836889;112200;115463;93798;68137;41739;431337;118529;123724;90541;52118;20640;405552;1989;29
30;Gard;152046;166171;133783;81521;43232;576753;73991;82340;67617;43796;27782;295526;78055;83831;66166;37725;15450;281227;1989;30
31;Haute-Garonne;236561;302814;206219;106167;58731;910492;116437;151616;105330;57866;37543;468792;120124;151198;100889;48301;21188;441700;1989;31
32;Gers;39245;45958;41752;29172;18381;174508;18897;22435;20794;14867;11119;88112;20348;23523;20958;14305;7262;86396;1989;32
33;Gironde;324046;373972;266937;151387;84876;1201218;159013;189263;135962;83370;56602;624210;165033;184709;130975;68017;28274;577008;1989;33
34;Hérault;202858;233436;174760;110120;59578;780752;99804;119218;89908;59555;37814;406299;103054;114218;84852;50565;21764;374453;1989;34
35;Ille-et-Vilaine;238257;246100;168789;92398;45711;791255;117038;122564;85773;51133;31047;407555;121219;123536;83016;41265;14664;383700;1989;35
36;Indre;57757;64147;54736;37390;24560;238590;28120;31273;27311;19944;15362;122010;29637;32874;27425;17446;9198;116580;1989;36
37;Indre-et-Loire;148554;157779;115532;65112;39303;526280;73572;79665;58417;35009;25037;271700;74982;78114;57115;30103;14266;254580;1989;37
38;Isère;297585;315167;228110;106522;54439;1001823;144902;155988;112925;57785;36359;507959;152683;159179;115185;48737;18080;493864;1989;38
39;Jura;69649;69942;55645;33541;19225;248002;33819;34280;27538;18134;12203;125974;35830;35662;28107;15407;7022;122028;1989;39
40;Landes;76423;85444;72319;47953;27292;309431;36818;41835;36383;25461;17743;158240;39605;43609;35936;22492;9549;151191;1989;40
41;Loir-et-Cher;81524;85227;67328;43188;27468;304735;39828;41808;33503;22919;17265;155323;41696;43419;33825;20269;10203;149412;1989;41
42;Loire;212844;210683;171389;96040;53220;744176;103615;105267;86325;52877;35830;383914;109229;105416;85064;43163;17390;360262;1989;42
43;Haute-Loire;54136;56824;46996;30414;18278;206648;26285;27130;23202;16426;11927;104970;27851;29694;23794;13988;6351;101678;1989;43
44;Loire-Atlantique;320929;315109;228383;119634;60695;1044750;157260;157118;116433;66878;41264;538953;163669;157991;111950;52756;19431;505797;1989;44
45;Loiret;167392;174031;126044;67637;38904;574008;82243;86452;62374;36425;24376;291870;85149;87579;63670;31212;14528;282138;1989;45
46;Lot;35710;40314;36216;27252;16114;155606;17255;19798;18330;14332;10159;79874;18455;20516;17886;12920;5955;75732;1989;46
47;Lot-et-Garonne;76601;81441;71056;48553;27371;305022;37358;40646;36150;25658;17090;156902;39243;40795;34906;22895;10281;148120;1989;47
48;Lozère;18231;20046;16315;11306;7269;73167;8855;9448;7847;5822;4589;36561;9376;10598;8468;5484;2680;36606;1989;48
49;Maine-et-Loire;225867;208027;143454;79376;45557;702281;110570;104022;73185;43185;29444;360406;115297;104005;70269;36191;16113;341875;1989;49
50;Manche;138524;137355;103287;66364;32535;478065;67399;66088;52282;36158;22129;244056;71125;71267;51005;30206;10406;234009;1989;50
51;Marne;168665;178304;119324;57792;32451;556536;82639;88975;59033;31947;21321;283915;86026;89329;60291;25845;11130;272621;1989;51
52;Haute-Marne;60141;59776;44722;25905;14767;205311;29138;29200;21819;14052;9450;103659;31003;30576;22903;11853;5317;101652;1989;52
53;Mayenne;84185;79010;58892;35414;19822;277323;40950;38575;29822;19054;13140;141541;43235;40435;29070;16360;6682;135782;1989;53
54;Meurthe-et-Moselle;207789;225894;158180;80448;40970;713281;101767;112336;79285;44902;27646;365936;106022;113558;78895;35546;13324;347345;1989;54
55;Meuse;57766;57505;42007;25597;14290;197165;27826;27819;20818;13941;9413;99817;29940;29686;21189;11656;4877;97348;1989;55
56;Morbihan;178839;176177;135223;84947;40764;615950;86622;85444;68466;47040;27481;315053;92217;90733;66757;37907;13283;300897;1989;56
57;Moselle;298817;325791;228971;111455;46852;1011886;144937;161039;112446;61542;31392;511356;153880;164752;116525;49913;15460;500530;1989;57
58;Nièvre;57573;62406;52826;37415;24096;234316;27940;30499;26320;20400;15376;120535;29633;31907;26506;17015;8720;113781;1989;58
59;Nord;821320;779696;522474;267084;133403;2523977;401247;389816;263663;150736;91920;1297382;420073;389880;258811;116348;41483;1226595;1989;59
60;Oise;230003;227931;155538;67211;35156;715839;111910;113117;74608;36296;23143;359074;118093;114814;80930;30915;12013;356765;1989;60
61;Orne;85108;82504;64696;40185;21449;293942;41450;40320;32666;21618;14178;150232;43658;42184;32030;18567;7271;143710;1989;61
62;Pas-de-Calais;459616;423661;295771;169201;78081;1426330;224550;209506;151070;95777;53712;734615;235066;214155;144701;73424;24369;691715;1989;62
63;Puy-de-Dôme;159577;181602;139870;76428;40853;598330;78399;90160;69638;41746;27120;307063;81178;91442;70232;34682;13733;291267;1989;63
64;Pyrénées-Atlantiques;146148;163892;133412;82746;49191;575389;71288;81697;68251;45278;32116;298630;74860;82195;65161;37468;17075;276759;1989;64
65;Hautes-Pyrénées;53066;62996;54280;35087;19957;225386;25655;30924;27631;18891;12906;116007;27411;32072;26649;16196;7051;109379;1989;65
66;Pyrénées-Orientales;86346;93944;83014;62572;33586;359462;42118;47477;43425;33687;20773;187480;44228;46467;39589;28885;12813;171982;1989;66
67;Bas-Rhin;265111;316121;209653;102200;54329;947414;130577;156742;102883;59696;37069;486967;134534;159379;106770;42504;17260;460447;1989;67
68;Haut-Rhin;189447;215218;152421;73187;38188;668461;92355;105740;74498;41786;26581;340960;97092;109478;77923;31401;11607;327501;1989;68
69;Rhône;426101;473708;346813;160409;86324;1493355;209753;239657;173939;89280;58959;771588;216348;234051;172874;71129;27365;721767;1989;69
70;Haute-Saône;67814;64784;50781;29540;17289;230208;32685;31511;24716;16095;11156;116163;35129;33273;26065;13445;6133;114045;1989;70
71;Saône-et-Loire;151091;155403;128876;79587;46578;561535;73344;76289;64366;42963;30225;287187;77747;79114;64510;36624;16353;274348;1989;71
72;Sarthe;149714;149815;110737;65117;37547;512930;72997;73952;55757;35010;24231;261947;76717;75863;54980;30107;13316;250983;1989;72
73;Savoie;96811;108124;80050;41414;21962;348361;47218;52855;39614;22592;14353;176632;49593;55269;40436;18822;7609;171729;1989;73
74;Haute-Savoie;159156;180301;126589;55540;27239;548825;77362;89174;61944;30344;17838;276662;81794;91127;64645;25196;9401;272163;1989;74
75;Paris;430119;780577;511620;258833;175306;2156455;213565;401948;263855;155047;119946;1154361;216554;378629;247765;103786;55360;1002094;1989;75
76;Seine-Maritime;370739;380042;262950;135619;71294;1220644;181655;190453;132536;75326;47938;627908;189084;189589;130414;60293;23356;592736;1989;76
77;Seine-et-Marne;341165;337599;235075;85358;49086;1048283;165846;170737;113557;46352;32263;528755;175319;166862;121518;39006;16823;519528;1989;77
78;Yvelines;403038;410263;319906;104322;53230;1290759;196170;207690;156639;56541;36056;653096;206868;202573;163267;47781;17174;637663;1989;78
79;Deux-Sèvres;96221;97660;76394;46933;28489;345697;46783;47980;38179;24615;17207;174764;49438;49680;38215;22318;11282;170933;1989;79
80;Somme;166550;166298;114779;65139;34983;547749;81632;82811;57704;35410;22639;280196;84918;83487;57075;29729;12344;267553;1989;80
81;Tarn;85171;92270;80067;52716;32257;342481;41158;45505;40753;28032;20266;175714;44013;46765;39314;24684;11991;166767;1989;81
82;Tarn-et-Garonne;50193;55611;45170;30101;17740;198815;24303;27278;22808;15891;10975;101255;25890;28333;22362;14210;6765;97560;1989;82
83;Var;199790;220616;189550;126181;63465;799602;96617;110208;96287;68096;40454;411662;103173;110408;93263;58085;23011;387940;1989;83
84;Vaucluse;126436;134334;108487;60101;31643;461001;61510;67126;54390;32579;20353;235958;64926;67208;54097;27522;11290;225043;1989;84
85;Vendée;147840;143728;107860;69326;37047;505801;71750;69901;54058;37019;23772;256500;76090;73827;53802;32307;13275;249301;1989;85
86;Vienne;103710;112232;81552;50256;31390;379140;50769;56054;40784;26543;19472;193622;52941;56178;40768;23713;11918;185518;1989;86
87;Haute-Vienne;83881;99588;82325;53423;34980;354197;41043;49862;41350;29087;22363;183705;42838;49726;40975;24336;12617;170492;1989;87
88;Vosges;113029;112618;85890;48360;28159;388056;54941;55020;42780;27018;18984;198743;58088;57598;43110;21342;9175;189313;1989;88
89;Yonne;88485;88909;68709;46034;29231;321368;42840;43443;33472;24772;18402;162929;45645;45466;35237;21262;10829;158439;1989;89
90;Territoire de Belfort;39216;41993;30318;14681;7750;133958;18852;20270;14780;8177;5221;67300;20364;21723;15538;6504;2529;66658;1989;90
91;Essonne;325151;352562;264109;83058;44917;1069797;158871;175348;129700;45189;30314;539422;166280;177214;134409;37869;14603;530375;1989;91
92;Hauts-de-Seine;344590;473229;337481;152200;83477;1390977;169649;241304;168999;86562;57663;724177;174941;231925;168482;65638;25814;666800;1989;92
93;Seine-Saint-Denis;408877;471987;315410;119243;57251;1372768;199928;238811;151811;66620;39319;696489;208949;233176;163599;52623;17932;676279;1989;93
94;Val-de-Marne;323971;410535;291385;120393;65701;1211985;159190;206485;145355;68212;45366;624608;164781;204050;146030;52181;20335;587377;1989;94
95;Val-d'Oise;330061;342520;235743;80785;40616;1029725;161324;174066;115259;44335;27841;522825;168737;168454;120484;36450;12775;506900;1989;95
2A;Corse-du-Sud;28764;34193;28061;17092;8640;116750;13904;16733;13522;9273;5624;59056;14860;17460;14539;7819;3016;57694;1989;201
2B;Haute-Corse;31428;39314;31559;19231;10072;131604;15556;18491;14956;10215;6498;65716;15872;20823;16603;9016;3574;65888;1989;202
01;Ain;136974;140479;101318;49551;27962;456284;66653;68722;48752;26427;18107;228661;70321;71757;52566;23124;9855;227623;1988;1
02;Aisne;164813;163020;112155;63883;33004;536875;80278;79747;55986;34796;21633;272440;84535;83273;56169;29087;11371;264435;1988;2
03;Allier;88731;97171;84399;56366;34438;361105;43385;47724;42837;30686;22049;186681;45346;49447;41562;25680;12389;174424;1988;3
04;Alpes-de-Haute-Provence;31474;36004;30494;19090;10516;127578;15324;17656;15163;9998;6555;64696;16150;18348;15331;9092;3961;62882;1988;4
05;Hautes-Alpes;29181;33330;24834;15592;8183;111120;13916;16340;12228;8212;5110;55806;15265;16990;12606;7380;3073;55314;1988;5
06;Alpes-Maritimes;209971;258403;225409;154728;98341;946852;102626;131336;117425;87630;63304;502321;107345;127067;107984;67098;35037;444531;1988;6
07;Ardèche;73184;76395;63397;40092;23260;276328;35397;37393;31483;21474;15168;140915;37787;39002;31914;18618;8092;135413;1988;7
08;Ardennes;92717;89312;64172;34009;18284;298494;45206;43891;31562;18608;12052;151319;47511;45421;32610;15401;6232;147175;1988;8
09;Ariège;31229;36086;30786;23167;14986;136254;15107;17555;15403;12094;9119;69278;16122;18531;15383;11073;5867;66976;1988;9
10;Aube;82990;86832;63245;35161;21141;289369;40323;42848;31344;19349;13612;147476;42667;43984;31901;15812;7529;141893;1988;10
11;Aude;69572;79024;67035;48846;29049;293526;33281;38228;34227;25946;17863;149545;36291;40796;32808;22900;11186;143981;1988;11
12;Aveyron;65936;71363;62993;44596;27712;272600;32067;34515;31589;23695;17106;138972;33869;36848;31404;20901;10606;133628;1988;12
13;Bouches-du-Rhône;475883;529444;413177;220708;111555;1750767;232370;268571;208076;120865;73137;903019;243513;260873;205101;99843;38418;847748;1988;13
14;Calvados;189723;192114;125899;69474;34224;611434;93133;96360;64592;38422;23507;316014;96590;95754;61307;31052;10717;295420;1988;14
15;Cantal;40857;44374;36109;24588;14136;160064;19924;21213;17830;13170;9013;81150;20933;23161;18279;11418;5123;78914;1988;15
16;Charente;90217;97983;76840;47969;29087;342096;43888;48626;38792;25669;18556;175531;46329;49357;38048;22300;10531;166565;1988;16
17;Charente-Maritime;137439;143785;117420;80302;44815;523761;66745;71696;59788;43051;28041;269321;70694;72089;57632;37251;16774;254440;1988;17
18;Cher;84466;91798;72766;44633;27474;321137;41297;45052;35846;24190;17675;164060;43169;46746;36920;20443;9799;157077;1988;18
19;Corrèze;55444;63892;54913;40477;24344;239070;26819;31262;27804;21883;15380;123148;28625;32630;27109;18594;8964;115922;1988;19
21;Côte-d'Or;143490;153553;104486;55559;31940;489028;71046;76883;52028;30358;20625;250940;72444;76670;52458;25201;11315;238088;1988;21
22;Côtes-d'Armor;148084;143793;120586;83949;42214;538626;72116;69709;60917;46651;28426;277819;75968;74084;59669;37298;13788;260807;1988;22
23;Creuse;28154;32858;30567;24714;17387;133680;13622;15625;15051;13097;11015;68410;14532;17233;15516;11617;6372;65270;1988;23
24;Dordogne;90316;100943;89028;66306;37565;384158;43705;49948;45174;35319;23573;197719;46611;50995;43854;30987;13992;186439;1988;24
25;Doubs;150338;153161;106001;49929;24639;484068;73553;75250;52496;27470;16130;244899;76785;77911;53505;22459;8509;239169;1988;25
26;Drôme;116598;118798;93614;52074;28299;409383;56585;58975;47022;28209;18260;209051;60013;59823;46592;23865;10039;200332;1988;26
27;Eure;157580;155984;105427;53327;27402;499720;76619;77162;51666;28720;17858;252025;80961;78822;53761;24607;9544;247695;1988;27
28;Eure-et-Loir;119291;117163;81163;44298;25269;387184;57977;58078;39755;23675;15695;195180;61314;59085;41408;20623;9574;192004;1988;28
29;Finistère;232934;240119;182437;119260;60707;835457;113209;116032;93036;67765;40657;430699;119725;124087;89401;51495;20050;404758;1988;29
30;Gard;150889;165155;131384;80194;42045;569667;73399;81846;66422;43153;27117;291937;77490;83309;64962;37041;14928;277730;1988;30
31;Haute-Garonne;237059;298599;200246;104251;56972;897127;116918;149492;102269;57024;36410;462113;120141;149107;97977;47227;20562;435014;1988;31
32;Gers;39623;46243;41629;28973;17993;174461;19019;22565;20781;14797;10893;88055;20604;23678;20848;14176;7100;86406;1988;32
33;Gironde;325195;372661;260193;149272;83094;1190415;159618;188440;132792;82466;55490;618806;165577;184221;127401;66806;27604;571609;1988;33
34;Hérault;201911;230619;170530;107879;58077;769016;99362;117627;87878;58438;37018;400323;102549;112992;82652;49441;21059;368693;1988;34
35;Ille-et-Vilaine;240023;245225;164321;91033;44148;784750;117924;122148;83773;50521;30127;404493;122099;123077;80548;40512;14021;380257;1988;35
36;Indre;58689;64681;54440;37253;24073;239136;28589;31442;27196;19939;15077;122243;30100;33239;27244;17314;8996;116893;1988;36
37;Indre-et-Loire;149874;157743;113110;64296;38242;523265;74319;79583;57163;34637;24433;270135;75555;78160;55947;29659;13809;253130;1988;37
38;Isère;297301;313333;222639;104417;52767;990457;144795;154972;110247;56832;35324;502170;152506;158361;112392;47585;17443;488287;1988;38
39;Jura;70295;70233;54879;33096;18818;247321;34127;34323;27307;17871;12008;125636;36168;35910;27572;15225;6810;121685;1988;39
40;Landes;76647;85658;71478;47079;26636;307498;36927;41998;36026;25101;17342;157394;39720;43660;35452;21978;9294;150104;1988;40
41;Loir-et-Cher;82092;85577;66321;42534;26884;303408;40027;42043;33036;22669;16889;154664;42065;43534;33285;19865;9995;148744;1988;41
42;Loire;215103;212216;169252;95119;51749;743439;104606;106101;85365;52364;35009;383445;110497;106115;83887;42755;16740;359994;1988;42
43;Haute-Loire;54571;57177;46774;30096;18033;206651;26454;27293;23217;16342;11746;105052;28117;29884;23557;13754;6287;101599;1988;43
44;Loire-Atlantique;322246;316374;222361;117876;58566;1037423;157754;157624;113828;65949;40062;535217;164492;158750;108533;51927;18504;502206;1988;44
45;Loiret;167205;174243;122438;66470;37837;568193;82069;86495;60612;35904;23670;288750;85136;87748;61826;30566;14167;279443;1988;45
46;Lot;35928;40703;35939;27096;15716;155382;17355;19991;18212;14291;9922;79771;18573;20712;17727;12805;5794;75611;1988;46
47;Lot-et-Garonne;76880;81867;70632;48038;26657;304074;37455;40837;36008;25393;16704;156397;39425;41030;34624;22645;9953;147677;1988;47
48;Lozère;18454;20360;16132;11365;7089;73400;8972;9598;7767;5892;4474;36703;9482;10762;8365;5473;2615;36697;1988;48
49;Maine-et-Loire;227384;208008;140800;78261;44099;698552;111361;103995;71936;42738;28554;358584;116023;104013;68864;35523;15545;339968;1988;49
50;Manche;139087;137767;102530;65304;31728;476416;67661;66425;52068;35653;21690;243497;71426;71342;50462;29651;10038;232919;1988;50
51;Marne;170588;179061;116528;57168;31661;555006;83536;89289;57588;31715;20847;282975;87052;89772;58940;25453;10814;272031;1988;51
52;Haute-Marne;61111;60554;44358;25713;14449;206185;29600;29550;21655;14000;9280;104085;31511;31004;22703;11713;5169;102100;1988;52
53;Mayenne;84751;79510;58049;35103;19049;276462;41202;38859;29499;18964;12666;141190;43549;40651;28550;16139;6383;135272;1988;53
54;Meurthe-et-Moselle;210751;228041;156197;79056;39876;713921;103260;113255;78264;44278;26955;366012;107491;114786;77933;34778;12921;347909;1988;54
55;Meuse;58316;58278;41758;25332;14013;197697;28064;28135;20763;13872;9225;100059;30252;30143;20995;11460;4788;97638;1988;55
56;Morbihan;179752;176326;133181;83557;39404;612220;86993;85615;67483;46476;26608;313175;92759;90711;65698;37081;12796;299045;1988;56
57;Moselle;301692;328749;226967;108640;45631;1011679;146341;162026;111479;60278;30644;510768;155351;166723;115488;48362;14987;500911;1988;57
58;Nièvre;58224;63447;52424;37232;23815;235142;28221;30982;26201;20300;15199;120903;30003;32465;26223;16932;8616;114239;1988;58
59;Nord;825587;783763;514188;263262;130799;2517599;403547;391383;259789;149029;90023;1293771;422040;392380;254399;114233;40776;1223828;1988;59
60;Oise;228873;227524;150591;65750;34532;707270;111517;112393;72345;35582;22750;354587;117356;115131;78246;30168;11782;352683;1988;60
61;Orne;86110;83728;63963;39597;20894;294292;41852;40952;32370;21373;13850;150397;44258;42776;31593;18224;7044;143895;1988;61
62;Pas-de-Calais;463082;427542;293212;167752;76548;1428136;226249;211448;150089;95208;52585;735579;236833;216094;143123;72544;23963;692557;1988;62
63;Puy-de-Dôme;162200;183000;137465;75448;39863;597976;79722;90746;68436;41314;26484;306702;82478;92254;69029;34134;13379;291274;1988;63
64;Pyrénées-Atlantiques;147174;164104;131623;81599;47963;572463;71852;81785;67366;44793;31374;297170;75322;82319;64257;36806;16589;275293;1988;64
65;Hautes-Pyrénées;53841;63441;54021;34923;19541;225767;25935;31193;27558;18831;12641;116158;27906;32248;26463;16092;6900;109609;1988;65
66;Pyrénées-Orientales;85966;93254;82056;61862;32591;355729;41884;47190;42879;33387;20169;185509;44082;46064;39177;28475;12422;170220;1988;66
67;Bas-Rhin;267169;315370;205942;100212;53422;942115;131703;155898;101263;59031;36394;484289;135466;159472;104679;41181;17028;457826;1988;67
68;Haut-Rhin;190342;215860;150383;71169;37737;665491;92661;105778;73638;40954;26285;339316;97681;110082;76745;30215;11452;326175;1988;68
69;Rhône;427736;472064;340356;157335;83797;1481288;210631;238255;170424;87997;57452;764759;217105;233809;169932;69338;26345;716529;1988;69
70;Haute-Saône;68487;65545;50100;29431;17023;230586;33025;31780;24455;16087;11039;116386;35462;33765;25645;13344;5984;114200;1988;70
71;Saône-et-Loire;153358;157162;127995;78940;45700;563155;74437;77078;63994;42780;29617;287906;78921;80084;64001;36160;16083;275249;1988;71
72;Sarthe;151376;150594;109119;64374;36418;511881;73774;74353;54992;34793;23526;261438;77602;76241;54127;29581;12892;250443;1988;72
73;Savoie;95177;105670;77103;39979;20821;338750;46442;51654;38142;21852;13650;171740;48735;54016;38961;18127;7171;167010;1988;73
74;Haute-Savoie;158606;179682;122457;54514;26270;541529;77003;88883;59922;29840;17279;272927;81603;90799;62535;24674;8991;268602;1988;74
75;Paris;433785;783631;502773;264009;174534;2158732;215568;402017;259942;158652;119715;1155894;218217;381614;242831;105357;54819;1002838;1988;75
76;Seine-Maritime;373610;382117;258475;134143;69602;1217947;182952;191324;130459;74584;46866;626185;190658;190793;128016;59559;22736;591762;1988;76
77;Seine-et-Marne;334162;332712;224555;83306;47927;1022662;162407;168106;108386;45369;31522;515790;171755;164606;116169;37937;16405;506872;1988;77
78;Yvelines;401606;410594;310644;101945;51588;1276377;195480;207522;151963;55418;35057;645440;206126;203072;158681;46527;16531;630937;1988;78
79;Deux-Sèvres;97582;98270;75320;46559;27781;345512;47396;48326;37612;24521;16797;174652;50186;49944;37708;22038;10984;170860;1988;79
80;Somme;168542;167176;112742;64359;34550;547369;82738;83175;56802;34991;22382;280088;85804;84001;55940;29368;12168;267281;1988;80
81;Tarn;85719;92814;79797;52019;31612;341961;41358;45842;40794;27607;19901;175502;44361;46972;39003;24412;11711;166459;1988;81
82;Tarn-et-Garonne;50184;55594;44666;29751;17281;197476;24247;27271;22562;15789;10716;100585;25937;28323;22104;13962;6565;96891;1988;82
83;Var;197082;218537;185656;123540;60984;785799;95399;108925;94176;66999;38938;404437;101683;109612;91480;56541;22046;381362;1988;83
84;Vaucluse;125801;133722;106363;59203;30703;455792;61124;66782;53322;32247;19744;233219;64677;66940;53041;26956;10959;222573;1988;84
85;Vendée;148841;144213;105635;68144;35819;502652;72155;70259;53058;36483;23052;255007;76686;73954;52577;31661;12767;247645;1988;85
86;Vienne;105116;112442;80317;49742;30555;378172;51547;56153;40156;26345;18971;193172;53569;56289;40161;23397;11584;185000;1988;86
87;Haute-Vienne;84979;100320;81534;53179;34455;354467;41609;50198;41025;28945;22073;183850;43370;50122;40509;24234;12382;170617;1988;87
88;Vosges;114655;113969;85215;47848;27679;389366;55759;55599;42518;26894;18680;199450;58896;58370;42697;20954;8999;189916;1988;88
89;Yonne;88685;89425;67382;45315;28973;319780;42906;43606;32898;24448;18221;162079;45779;45819;34484;20867;10752;157701;1988;89
90;Territoire de Belfort;39623;42289;29836;14433;7528;133709;18957;20390;14595;8068;5085;67095;20666;21899;15241;6365;2443;66614;1988;90
91;Essonne;325163;352134;255697;80500;43598;1057092;158628;175524;125383;43788;29583;532906;166535;176610;130314;36712;14015;524186;1988;91
92;Hauts-de-Seine;345345;477024;333410;151867;81736;1389382;170166;242206;167178;86442;56590;722582;175179;234818;166232;65425;25146;666800;1988;92
93;Seine-Saint-Denis;407163;474312;310019;117544;56334;1365372;199131;239101;149397;65778;38770;692177;208032;235211;160622;51766;17564;673195;1988;93
94;Val-de-Marne;325514;413031;286307;118865;64580;1208297;160054;207426;143067;67164;44876;622587;165460;205605;143240;51701;19704;585710;1988;94
95;Val-d'Oise;325514;340820;228056;78574;39679;1012643;158980;173219;111250;43231;27252;513932;166534;167601;116806;35343;12427;498711;1988;95
2A;Corse-du-Sud;28406;34180;27528;17061;8405;115580;13778;16480;13219;9319;5495;58291;14628;17700;14309;7742;2910;57289;1988;201
2B;Haute-Corse;31302;39991;31299;19017;9986;131595;15443;18455;14781;10210;6421;65310;15859;21536;16518;8807;3565;66285;1988;202
01;Ain;135637;139430;98240;48805;27199;449311;65974;68038;47327;26093;17648;225080;69663;71392;50913;22712;9551;224231;1987;1
02;Aisne;165908;164173;111013;62914;32578;536586;80660;80201;55486;34396;21316;272059;85248;83972;55527;28518;11262;264527;1987;2
03;Allier;90604;98557;84410;56601;33999;364171;44224;48513;42835;30791;21797;188160;46380;50044;41575;25810;12202;176011;1987;3
04;Alpes-de-Haute-Provence;31584;35999;30305;18808;10330;127026;15376;17628;15023;9889;6463;64379;16208;18371;15282;8919;3867;62647;1987;4
05;Hautes-Alpes;29175;33284;24484;15476;7971;110390;13904;16298;12064;8133;4984;55383;15271;16986;12420;7343;2987;55007;1987;5
06;Alpes-Maritimes;208241;256455;221870;153170;95873;935609;101792;130271;115299;87058;61842;496262;106449;126184;106571;66112;34031;439347;1987;6
07;Ardèche;73712;76705;62737;39874;22702;275730;35614;37543;31157;21454;14870;140638;38098;39162;31580;18420;7832;135092;1987;7
08;Ardennes;93755;90445;63870;33677;17946;299693;45591;44375;31453;18508;11802;151729;48164;46070;32417;15169;6144;147964;1987;8
09;Ariège;31437;36290;30741;23188;14805;136461;15206;17641;15432;12123;8991;69393;16231;18649;15309;11065;5814;67068;1987;9
10;Aube;84030;88139;62561;35121;20931;290782;40721;43534;31083;19338;13479;148155;43309;44605;31478;15783;7452;142627;1987;10
11;Aude;68879;77851;65995;48082;28279;289086;32978;37673;33833;25541;17396;147421;35901;40178;32162;22541;10883;141665;1987;11
12;Aveyron;67049;71916;63016;44778;26917;273676;32621;34796;31651;23837;16678;139583;34428;37120;31365;20941;10239;134093;1987;12
13;Bouches-du-Rhône;477857;529914;407047;218721;108703;1742242;233306;268630;204762;120113;71383;898194;244551;261284;202285;98608;37320;844048;1987;13
14;Calvados;190743;192642;123153;68146;33152;607836;93777;96332;63294;37877;22788;314068;96966;96310;59859;30269;10364;293768;1987;14
15;Cantal;41562;44595;35926;24541;13764;160388;20265;21258;17825;13154;8782;81284;21297;23337;18101;11387;4982;79104;1987;15
16;Charente;90864;98310;75923;47661;28330;341088;44261;48748;38313;25606;18086;175014;46603;49562;37610;22055;10244;166074;1987;16
17;Charente-Maritime;138472;144740;115614;78953;43431;521210;67150;72187;58934;42315;27276;267862;71322;72553;56680;36638;16155;253348;1987;17
18;Cher;85382;92452;71722;44447;26959;320962;41729;45369;35349;24190;17299;163936;43653;47083;36373;20257;9660;157026;1987;18
19;Corrèze;56200;64509;54920;40521;23812;239962;27124;31572;27903;21890;15063;123552;29076;32937;27017;18631;8749;116410;1987;19
21;Côte-d'Or;144918;153810;102117;54918;31051;486814;71850;76812;50898;30052;20110;249722;73068;76998;51219;24866;10941;237092;1987;21
22;Côtes-d'Armor;149509;145387;119482;83096;40973;538447;72661;70515;60422;46293;27737;277628;76848;74872;59060;36803;13236;260819;1987;22
23;Creuse;28691;33320;30839;24820;17300;134970;13883;15878;15202;13160;10952;69075;14808;17442;15637;11660;6348;65895;1987;23
24;Dordogne;91034;101420;88631;65839;36724;383648;44033;50072;45058;35071;23143;197377;47001;51348;43573;30768;13581;186271;1987;24
25;Doubs;152135;154242;103333;48970;23681;482361;74479;75476;51222;27012;15552;243741;77656;78766;52111;21958;8129;238620;1987;25
26;Drôme;116877;118931;92130;51512;27617;407067;56653;59090;46240;28050;17824;207857;60224;59841;45890;23462;9793;199210;1987;26
27;Eure;155776;154689;101957;52058;26615;491095;75716;76466;50021;28138;17321;247662;80060;78223;51936;23920;9294;243433;1987;27
28;Eure-et-Loir;118571;117082;78986;43573;24525;382737;57618;57817;38689;23411;15213;192748;60953;59265;40297;20162;9312;189989;1987;28
29;Finistère;235066;240783;180825;118651;58866;834191;114260;116455;92398;67569;39458;430140;120806;124328;88427;51082;19408;404051;1987;29
30;Gard;150110;163842;129155;79181;40991;563279;72959;81156;65317;42737;26502;288671;77151;82686;63838;36444;14489;274608;1987;30
31;Haute-Garonne;237944;294612;194602;102439;55184;884781;117531;147665;99457;55922;35422;455997;120413;146947;95145;46517;19762;428784;1987;31
32;Gers;40035;46581;41589;28826;17580;174611;19176;22764;20751;14706;10664;88061;20859;23817;20838;14120;6916;86550;1987;32
33;Gironde;326670;371079;253655;147667;81074;1180145;160434;187473;129730;81672;54297;613606;166236;183606;123925;65995;26777;566539;1987;33
34;Hérault;202686;228961;166645;107083;56728;762103;99703;116645;85985;58045;36298;396676;102983;112316;80660;49038;20430;365427;1987;34
35;Ille-et-Vilaine;241955;243934;160429;89853;42375;778546;119040;121518;81803;50115;29050;401526;122915;122416;78626;39738;13325;377020;1987;35
36;Indre;59722;65177;54087;37155;23648;239789;29036;31654;27081;19890;14831;122492;30686;33523;27006;17265;8817;117297;1987;36
37;Indre-et-Loire;151852;158203;111091;64011;37181;522338;75374;79683;56234;34511;23833;269635;76478;78520;54857;29500;13348;252703;1987;37
38;Isère;297602;311939;217430;102512;51220;980703;145072;154051;107868;55936;34331;497258;152530;157888;109562;46576;16889;483445;1987;38
39;Jura;71104;70862;54364;32972;18404;247706;34578;34625;27020;17916;11736;125875;36526;36237;27344;15056;6668;121831;1987;39
40;Landes;77289;85957;70873;46436;26137;306692;37180;42292;35695;24879;17025;157071;40109;43665;35178;21557;9112;149621;1987;40
41;Loir-et-Cher;82615;85907;65169;42121;26203;302015;40257;42190;32461;22545;16460;153913;42358;43717;32708;19576;9743;148102;1987;41
42;Loire;217324;213847;166952;93902;50447;742472;105832;106737;84310;51775;34246;382900;111492;107110;82642;42127;16201;359572;1987;42
43;Haute-Loire;55065;57524;46327;29910;17860;206686;26654;27447;23066;16262;11657;105086;28411;30077;23261;13648;6203;101600;1987;43
44;Loire-Atlantique;324423;318178;217699;115914;56767;1032981;158705;158431;111722;65040;38975;532873;165718;159747;105977;50874;17792;500108;1987;44
45;Loiret;166498;174255;118873;65459;36706;561791;81730;86337;58957;35383;22992;285399;84768;87918;59916;30076;13714;276392;1987;45
46;Lot;36212;40798;35713;26810;15244;154777;17510;19990;18079;14233;9626;79438;18702;20808;17634;12577;5618;75339;1987;46
47;Lot-et-Garonne;77089;81956;69957;47429;26017;302448;37521;40897;35604;25154;16335;155511;39568;41059;34353;22275;9682;146937;1987;47
48;Lozère;18652;20550;15888;11387;6904;73381;9078;9716;7635;5935;4356;36720;9574;10834;8253;5452;2548;36661;1987;48
49;Maine-et-Loire;229752;208456;138497;77532;42999;697236;112418;104196;70851;42484;27932;357881;117334;104260;67646;35048;15067;339355;1987;49
50;Manche;139357;137909;101555;64439;30750;474010;67738;66563;51698;35353;21090;242442;71619;71346;49857;29086;9660;231568;1987;50
51;Marne;171807;179365;113320;56463;30726;551681;84202;89244;56080;31379;20257;281162;87605;90121;57240;25084;10469;270519;1987;51
52;Haute-Marne;62063;61112;43931;25555;14090;206751;29991;29834;21500;13919;9052;104296;32072;31278;22431;11636;5038;102455;1987;52
53;Mayenne;85268;79898;57234;34703;18360;275463;41424;39120;29068;18866;12306;140784;43844;40778;28166;15837;6054;134679;1987;53
54;Meurthe-et-Moselle;214167;230840;154531;78055;38813;716406;104943;114397;77434;43886;26271;366931;109224;116443;77097;34169;12542;349475;1987;54
55;Meuse;59123;59125;41575;25156;13757;198736;28419;28487;20683;13855;9068;100512;30704;30638;20892;11301;4689;98224;1987;55
56;Morbihan;180439;176402;131369;82302;37933;608445;87250;85810;66558;45968;25715;311301;93189;90592;64811;36334;12218;297144;1987;56
57;Moselle;306153;331846;226840;106745;44316;1015900;148465;163055;111616;59383;29808;512327;157688;168791;115224;47362;14508;503573;1987;57
58;Nièvre;58837;64409;52119;36970;23568;235903;28452;31486;26049;20164;15064;121215;30385;32923;26070;16806;8504;114688;1987;58
59;Nord;832409;790123;507768;261048;128457;2519805;406820;393814;257062;148163;88379;1294238;425589;396309;250706;112885;40078;1225567;1987;59
60;Oise;228073;227214;145727;64642;33900;699556;110967;111829;70257;35066;22285;350404;117106;115385;75470;29576;11615;349152;1987;60
61;Orne;87344;84741;63671;39062;20365;295183;42437;41494;32302;21111;13539;150883;44907;43247;31369;17951;6826;144300;1987;61
62;Pas-de-Calais;465443;430770;291294;166115;74798;1428420;227246;213080;149328;94586;51320;735560;238197;217690;141966;71529;23478;692860;1987;62
63;Puy-de-Dôme;164181;183661;134971;74354;38789;595956;80752;90787;67359;40777;25763;305438;83429;92874;67612;33577;13026;290518;1987;63
64;Pyrénées-Atlantiques;148064;163636;129733;80686;46540;568659;72374;81566;66471;44327;30474;295212;75690;82070;63262;36359;16066;273447;1987;64
65;Hautes-Pyrénées;54838;63971;54290;34792;19142;227033;26379;31485;27730;18755;12407;116756;28459;32486;26560;16037;6735;110277;1987;65
66;Pyrénées-Orientales;85320;92146;80567;60865;31424;350322;41497;46719;42147;32771;19514;182648;43823;45427;38420;28094;11910;167674;1987;66
67;Bas-Rhin;269922;314293;203344;98574;52396;938529;133192;155032;100120;58538;35646;482528;136730;159261;103224;40036;16750;456001;1987;67
68;Haut-Rhin;191049;215747;148260;69490;37020;661566;92892;105333;72753;40368;25787;337133;98157;110414;75507;29122;11233;324433;1987;68
69;Rhône;430125;472040;332581;154810;81201;1470757;211678;237771;166651;86744;55812;758656;218447;234269;165930;68066;25389;712101;1987;69
70;Haute-Saône;69257;66364;49633;29315;16819;231388;33314;32213;24232;16085;10942;116786;35943;34151;25401;13230;5877;114602;1987;70
71;Saône-et-Loire;155197;158577;126812;78197;44803;563586;75257;77610;63496;42485;29017;287865;79940;80967;63316;35712;15786;275721;1987;71
72;Sarthe;153541;152012;107731;64075;35503;512862;74669;75047;54380;34765;23026;261887;78872;76965;53351;29310;12477;250975;1987;72
73;Savoie;94772;104540;75021;39020;20043;333396;46305;51023;37118;21395;13165;169006;48467;53517;37903;17625;6878;164390;1987;73
74;Haute-Savoie;157779;178600;118329;53337;25264;533309;76547;88289;57968;29266;16665;268735;81232;90311;60361;24071;8599;264574;1987;74
75;Paris;437798;788324;494493;270426;173118;2164159;217908;402876;256074;163234;118939;1159031;219890;385448;238419;107192;54179;1005128;1987;75
76;Seine-Maritime;376100;384093;253813;132889;67737;1214632;184066;191979;128380;73923;45743;624091;192034;192114;125433;58966;21994;590541;1987;76
77;Seine-et-Marne;325779;326998;212927;81206;46496;993406;158351;164926;102876;44407;30519;501079;167428;162072;110051;36799;15977;492327;1987;77
78;Yvelines;399991;411007;300995;99163;50095;1261251;194542;207509;146861;54248;34132;637292;205449;203498;154134;44915;15963;623959;1987;78
79;Deux-Sèvres;98445;98388;74317;46183;26863;344196;47798;48377;37165;24381;16251;173972;50647;50011;37152;21802;10612;170224;1987;79
80;Somme;170538;167564;111245;63733;33978;547058;83671;83361;56145;34674;22040;279891;86867;84203;55100;29059;11938;267167;1987;80
81;Tarn;86653;93256;79451;51633;30874;341867;41789;46208;40581;27482;19457;175517;44864;47048;38870;24151;11417;166350;1987;81
82;Tarn-et-Garonne;50328;55378;44118;29486;16818;196128;24312;27131;22394;15613;10465;99915;26016;28247;21724;13873;6353;96213;1987;82
83;Var;194430;216489;180865;120757;58659;771200;94200;107512;91594;65798;37518;396622;100230;108977;89271;54959;21141;374578;1987;83
84;Vaucluse;125425;133419;104229;58438;29856;451367;60938;66509;52266;31909;19225;230847;64487;66910;51963;26529;10631;220520;1987;84
85;Vendée;150147;144998;104107;67144;34793;501189;72671;70684;52447;36035;22462;254299;77476;74314;51660;31109;12331;246890;1987;85
86;Vienne;106403;112367;79010;49266;29660;376706;52185;56115;39572;26190;18415;192477;54218;56252;39438;23076;11245;184229;1987;86
87;Haute-Vienne;86238;101394;80884;53448;33968;355932;42256;50703;40772;29133;21766;184630;43982;50691;40112;24315;12202;171302;1987;87
88;Vosges;115638;115105;84154;47481;27054;389432;56152;56096;42127;26767;18302;199444;59486;59009;42027;20714;8752;189988;1987;88
89;Yonne;88838;90068;66251;45005;28549;318711;42860;43852;32369;24386;17914;161381;45978;46216;33882;20619;10635;157330;1987;89
90;Territoire de Belfort;39761;42448;29135;14158;7297;132799;18971;20425;14291;7908;4950;66545;20790;22023;14844;6250;2347;66254;1987;90
91;Essonne;323539;349684;245429;77645;42103;1038400;157701;174432;120218;42271;28634;523256;165838;175252;125211;35374;13469;515144;1987;91
92;Hauts-de-Seine;347400;480552;329011;151867;79649;1388479;171362;243113;165086;86502;55250;721313;176038;237439;163925;65365;24399;667166;1987;92
93;Seine-Saint-Denis;406462;477190;304740;116473;55287;1360152;198603;239868;147172;65321;38120;689084;207859;237322;157568;51152;17167;671068;1987;93
94;Val-de-Marne;326960;415661;280384;117607;63122;1203734;160786;208344;140345;66322;43992;619789;166174;207317;140039;51285;19130;583945;1987;94
95;Val-d'Oise;320273;338152;220071;76419;38513;993428;156303;171404;107563;42029;26501;503800;163970;166748;112508;34390;12012;489628;1987;95
2A;Corse-du-Sud;28103;33954;27138;16930;8177;114302;13682;16128;13065;9193;5365;57433;14421;17826;14073;7737;2812;56869;1987;201
2B;Haute-Corse;31590;40034;31302;18937;9748;131611;15497;18253;14648;10269;6249;64916;16093;21781;16654;8668;3499;66695;1987;202
01;Ain;134140;138031;95628;48052;26593;442444;65232;67149;46141;25709;17316;221547;68908;70882;49487;22343;9277;220897;1986;1
02;Aisne;167219;164836;110067;61783;32436;536341;81033;80546;55028;33817;21221;271645;86186;84290;55039;27966;11215;264696;1986;2
03;Allier;92192;99264;84473;56097;33756;365782;44978;48774;42921;30521;21676;188870;47214;50490;41552;25576;12080;176912;1986;3
04;Alpes-de-Haute-Provence;31528;35414;29876;18361;10089;125268;15302;17391;14747;9667;6306;63413;16226;18023;15129;8694;3783;61855;1986;4
05;Hautes-Alpes;29165;32960;24191;15254;7762;109332;13861;16112;11974;8008;4858;54813;15304;16848;12217;7246;2904;54519;1986;5
06;Alpes-Maritimes;206645;253139;218082;151052;93403;922321;101029;128583;113134;86248;60165;489159;105616;124556;104948;64804;33238;433162;1986;6
07;Ardèche;73949;76519;62060;39344;22434;274306;35670;37476;30807;21230;14749;139932;38279;39043;31253;18114;7685;134374;1986;7
08;Ardennes;94927;91376;63586;33197;17871;300957;46171;44689;31337;18263;11759;152219;48756;46687;32249;14934;6112;148738;1986;8
09;Ariège;31654;36260;30943;23019;14800;136676;15274;17664;15557;12027;8982;69504;16380;18596;15386;10992;5818;67172;1986;9
10;Aube;84822;88871;61742;34836;20775;291046;41091;43855;30778;19152;13385;148261;43731;45016;30964;15684;7390;142785;1986;10
11;Aude;69045;77257;65661;47529;28105;287597;33033;37458;33705;25275;17288;146759;36012;39799;31956;22254;10817;140838;1986;11
12;Aveyron;68677;72530;63533;44756;26716;276212;33415;35058;31950;23913;16550;140886;35262;37472;31583;20843;10166;135326;1986;12
13;Bouches-du-Rhône;481751;529431;402833;216335;106894;1737244;235300;268096;202612;118971;70251;895230;246451;261335;200221;97364;36643;842014;1986;13
14;Calvados;192587;192769;121154;66672;32490;605672;94732;96227;62234;37230;22343;312766;97855;96542;58920;29442;10147;292906;1986;14
15;Cantal;42240;44634;35951;24230;13584;160639;20553;21287;17826;13047;8652;81365;21687;23347;18125;11183;4932;79274;1986;15
16;Charente;91737;98498;75596;47185;27971;340987;44716;48789;38169;25386;17900;174960;47021;49709;37427;21799;10071;166027;1986;16
17;Charente-Maritime;139850;145044;114575;77492;42583;519544;67772;72272;58499;41575;26784;266902;72078;72772;56076;35917;15799;252642;1986;17
18;Cher;86466;92906;70887;44337;26629;321225;42202;45626;34972;24178;17068;164046;44264;47280;35915;20159;9561;157179;1986;18
19;Corrèze;56982;64746;54978;40294;23558;240558;27464;31687;27862;21848;14918;123779;29518;33059;27116;18446;8640;116779;1986;19
21;Côte-d'Or;146018;153179;100240;53960;30453;483850;72498;76260;49996;29512;19765;248031;73520;76919;50244;24448;10688;235819;1986;21
22;Côtes-d'Armor;151032;146406;119064;81990;40155;538647;73348;71026;60318;45722;27288;277702;77684;75380;58746;36268;12867;260945;1986;22
23;Creuse;29090;33413;31124;24593;17283;135503;14022;15909;15402;13067;10921;69321;15068;17504;15722;11526;6362;66182;1986;23
24;Dordogne;91891;101779;88546;65102;36350;383668;44392;50251;45049;34679;22935;197306;47499;51528;43497;30423;13415;186362;1986;24
25;Doubs;154349;155046;101661;47875;23132;482063;75669;75510;50465;26459;15214;243317;78680;79536;51196;21416;7918;238746;1986;25
26;Drôme;116793;118532;90679;50662;27173;403839;56522;58849;45546;27632;17563;206112;60271;59683;45133;23030;9610;197727;1986;26
27;Eure;155382;154398;99914;51045;26432;487171;75489;76183;49180;27646;17199;245697;79893;78215;50734;23399;9233;241474;1986;27
28;Eure-et-Loir;118164;117018;77494;42836;24087;379599;57303;57661;38020;22986;14969;190939;60861;59357;39474;19850;9118;188660;1986;28
29;Finistère;237342;240759;179925;117636;57568;833230;115351;116457;92177;67134;38592;429711;121991;124302;87748;50502;18976;403519;1986;29
30;Gard;148950;161648;126917;77539;40205;555259;72316;80016;64366;41821;26024;284543;76634;81632;62551;35718;14181;270716;1986;30
31;Haute-Garonne;239182;289216;189629;100450;53800;872277;118430;144869;97041;54884;34541;449765;120752;144347;92588;45566;19259;422512;1986;31
32;Gers;40518;46691;41728;28484;17393;174814;19381;22853;20759;14552;10578;88123;21137;23838;20969;13932;6815;86691;1986;32
33;Gironde;328136;368270;248824;145500;80003;1170733;161197;185992;127457;80578;53700;608924;166939;182278;121367;64922;26303;561809;1986;33
34;Hérault;202836;225909;163026;105215;55741;752727;99923;114814;84207;57127;35740;391811;102913;111095;78819;48088;20001;360916;1986;34
35;Ille-et-Vilaine;243747;241584;157485;88233;41371;772420;120126;120273;80268;49419;28460;398546;123621;121311;77217;38814;12911;373874;1986;35
36;Indre;60775;65686;54064;37091;23373;240989;29541;31821;27081;19891;14695;123029;31234;33865;26983;17200;8678;117960;1986;36
37;Indre-et-Loire;153276;157660;109064;63060;36425;519485;76210;79279;55262;34032;23345;268128;77066;78381;53802;29028;13080;251357;1986;37
38;Isère;298161;310376;213216;100426;50245;972424;145098;153272;105925;54766;33801;492862;153063;157104;107291;45660;16444;479562;1986;38
39;Jura;71484;70679;53723;32344;18132;246362;34696;34543;26776;17556;11582;125153;36788;36136;26947;14788;6550;121209;1986;39
40;Landes;77986;85753;70634;45606;25760;305739;37535;42210;35634;24504;16797;156680;40451;43543;35000;21102;8963;149059;1986;40
41;Loir-et-Cher;83440;86197;64408;41546;25807;301398;40525;42394;32002;22401;16200;153522;42915;43803;32406;19145;9607;147876;1986;41
42;Loire;219364;215308;165426;92576;49694;742368;106870;107323;83647;51151;33820;382811;112494;107985;81779;41425;15874;359557;1986;42
43;Haute-Loire;55523;57723;46249;29624;17834;206953;26852;27541;23112;16131;11632;105268;28671;30182;23137;13493;6202;101685;1986;43
44;Loire-Atlantique;325539;316556;213114;113315;55400;1023924;159206;157755;109414;63653;38210;528238;166333;158801;103700;49662;17190;495686;1986;44
45;Loiret;166452;174003;116376;64260;36052;557143;81705;86114;57809;34783;22565;282976;84747;87889;58567;29477;13487;274167;1986;45
46;Lot;36734;41137;35850;26544;15156;155421;17783;20104;18134;14159;9569;79749;18951;21033;17716;12385;5587;75672;1986;46
47;Lot-et-Garonne;77578;82343;69782;46884;25674;302261;37793;41071;35534;24879;16140;155417;39785;41272;34248;22005;9534;146844;1986;47
48;Lozère;18933;20692;15847;11331;6875;73678;9212;9763;7647;5915;4346;36883;9721;10929;8200;5416;2529;36795;1986;48
49;Maine-et-Loire;231250;207669;136178;76331;42084;693512;113258;103809;69736;41864;27426;356093;117992;103860;66442;34467;14658;337419;1986;49
50;Manche;140501;137611;101602;63715;30192;473621;68294;66513;51850;35061;20777;242495;72207;71098;49752;28654;9415;231126;1986;50
51;Marne;173731;180135;111088;55650;30355;550959;85214;89523;54990;31026;19982;280735;88517;90612;56098;24624;10373;270224;1986;51
52;Haute-Marne;63242;61754;43804;25427;13921;208148;30571;30116;21452;13838;8968;104945;32671;31638;22352;11589;4953;103203;1986;52
53;Mayenne;86062;80153;56847;34342;18044;275448;41762;39287;28898;18776;12137;140860;44300;40866;27949;15566;5907;134588;1986;53
54;Meurthe-et-Moselle;217779;232922;153238;76796;38245;718980;106778;115152;76752;43316;25907;367905;111001;117770;76486;33480;12338;351075;1986;54
55;Meuse;60025;59896;41677;24910;13720;200228;28785;28884;20756;13748;9055;101228;31240;31012;20921;11162;4665;99000;1986;55
56;Morbihan;180979;175836;129892;81044;36845;604596;87420;85616;65904;45432;25009;309381;93559;90220;63988;35612;11836;295215;1986;56
57;Moselle;309413;332141;226470;103880;43424;1015328;150122;162768;111327;57996;29214;511427;159291;169373;115143;45884;14210;503901;1986;57
58;Nièvre;59620;64804;52094;36644;23456;236618;28779;31657;26074;19969;15026;121505;30841;33147;26020;16675;8430;115113;1986;58
59;Nord;837163;793286;501023;257281;127074;2515827;409081;394783;253787;146519;87236;1291406;428082;398503;247236;110762;39838;1224421;1986;59
60;Oise;227752;226631;141511;63248;33652;692794;110857;111192;68275;34381;22094;346799;116895;115439;73236;28867;11558;345995;1986;60
61;Orne;88800;85509;63708;38496;20056;296569;43088;41892;32327;20903;13364;151574;45712;43617;31381;17593;6692;144995;1986;61
62;Pas-de-Calais;466691;432547;288800;163514;73759;1425311;227840;213764;148419;93341;50464;733828;238851;218783;140381;70173;23295;691483;1986;62
63;Puy-de-Dôme;166706;184964;133469;73129;38439;596707;81880;91285;66744;40107;25579;305595;84826;93679;66725;33022;12860;291112;1986;63
64;Pyrénées-Atlantiques;149298;162458;128831;79507;45474;565568;72918;81168;65985;43738;29797;293606;76380;81290;62846;35769;15677;271962;1986;64
65;Hautes-Pyrénées;56081;64322;54601;34733;18927;228664;26934;31719;27861;18773;12259;117546;29147;32603;26740;15960;6668;111118;1986;65
66;Pyrénées-Orientales;84833;90795;80031;59728;30682;346069;41265;46027;41860;32233;19035;180420;43568;44768;38171;27495;11647;165649;1986;66
67;Bas-Rhin;273174;310940;200954;97148;51590;933806;134845;152856;99284;57992;34967;479944;138329;158084;101670;39156;16623;453862;1986;67
68;Haut-Rhin;192395;215094;146963;67885;36779;659116;93567;104689;72344;39640;25543;335783;98828;110405;74619;28245;11236;323333;1986;68
69;Rhône;433873;470585;327416;151533;79628;1463035;213612;236526;164054;85104;54867;754163;220261;234059;163362;66429;24761;708872;1986;69
70;Haute-Saône;70002;67003;49208;29179;16749;232141;33692;32396;24124;16070;10911;117193;36310;34607;25084;13109;5838;114948;1986;70
71;Saône-et-Loire;157381;159700;126404;77255;44373;565113;76277;78043;63368;42021;28775;288484;81104;81657;63036;35234;15598;276629;1986;71
72;Sarthe;154989;151780;106364;62999;34850;510982;75366;74788;53807;34249;22689;260899;79623;76992;52557;28750;12161;250083;1986;72
73;Savoie;95111;103881;73914;38160;19562;330628;46545;50630;36615;20957;12835;167582;48566;53251;37299;17203;6727;163046;1986;73
74;Haute-Savoie;157669;177553;115101;52317;24649;527289;76487;87689;56390;28850;16260;265676;81182;89864;58711;23467;8389;261613;1986;74
75;Paris;442078;787275;487896;275632;172513;2165394;220265;400772;253405;166601;118931;1159974;221813;386503;234491;109031;53582;1005420;1986;75
76;Seine-Maritime;377916;385106;249382;130889;66592;1209885;184868;192241;126169;72987;45017;621282;193048;192865;123213;57902;21575;588603;1986;76
77;Seine-et-Marne;318958;321284;202939;79427;45591;968199;155216;161763;98033;43614;29854;488480;163742;159521;104906;35813;15737;479719;1986;77
78;Yvelines;398022;410659;291504;96271;48921;1245377;193587;207018;142068;52900;33344;628917;204435;203641;149436;43371;15577;616460;1986;78
79;Deux-Sèvres;99651;98490;73836;45647;26373;343997;48342;48484;36897;24166;15974;173863;51309;50006;36939;21481;10399;170134;1986;79
80;Somme;172890;168331;109990;63038;33907;548156;84885;83689;55584;34347;21990;280495;88005;84642;54406;28691;11917;267661;1986;80
81;Tarn;87416;93192;79378;50821;30388;341195;42157;46147;40601;27122;19134;175161;45259;47045;38777;23699;11254;166034;1986;81
82;Tarn-et-Garonne;50515;54950;43741;29103;16587;194896;24420;26920;22208;15419;10357;99324;26095;28030;21533;13684;6230;95572;1986;82
83;Var;192571;214002;177173;117758;56705;758209;93037;106357;89586;64291;36364;389635;99534;107645;87587;53467;20341;368574;1986;83
84;Vaucluse;125023;132213;102601;57319;29137;446293;60706;65863;51497;31334;18754;228154;64317;66350;51104;25985;10383;218139;1986;84
85;Vendée;150913;144526;102819;65523;34029;497810;72990;70514;51876;35271;21989;252640;77923;74012;50943;30252;12040;245170;1986;85
86;Vienne;107919;112018;78020;48768;29036;375761;53053;55815;39182;25943;18048;192041;54866;56203;38838;22825;10988;183720;1986;86
87;Haute-Vienne;87762;101888;80402;53425;33700;357177;43108;50803;40568;29128;21617;185224;44654;51085;39834;24297;12083;171953;1986;87
88;Vosges;117494;116437;83695;47136;26827;391589;57052;56612;41973;26655;18193;200485;60442;59825;41722;20481;8634;191104;1986;88
89;Yonne;88970;90212;65127;44451;28358;317118;42897;43858;31863;24112;17785;160515;46073;46354;33264;20339;10573;156603;1986;89
90;Territoire de Belfort;40215;42692;28871;13981;7179;132938;19162;20476;14182;7845;4863;66528;21053;22216;14689;6136;2316;66410;1986;90
91;Essonne;323845;348866;237352;75153;41157;1026373;157790;174061;116151;41066;27997;517065;166055;174805;121201;34087;13160;509308;1986;91
92;Hauts-de-Seine;349600;482544;326015;150490;78692;1387341;172655;242881;163759;85906;54666;719867;176945;239663;162256;64584;24026;667474;1986;92
93;Seine-Saint-Denis;404222;474900;299826;114023;54685;1347656;197611;237638;145350;63956;37703;682258;206611;237262;154476;50067;16982;665398;1986;93
94;Val-de-Marne;329919;416303;276299;115986;62227;1200734;162345;208093;138433;65511;43441;617823;167574;208210;137866;50475;18786;582911;1986;94
95;Val-d'Oise;315046;334780;212876;74118;37796;974616;153948;169279;103993;40854;25960;494034;161098;165501;108883;33264;11836;480582;1986;95
2A;Corse-du-Sud;27898;33683;26889;16865;8018;113353;13518;15839;12943;9246;5216;56762;14380;17844;13946;7619;2802;56591;1986;201
2B;Haute-Corse;31777;40436;31337;18919;9549;132018;15495;18137;14619;10270;6158;64679;16282;22299;16718;8649;3391;67339;1986;202
01;Ain;132820;135393;94181;47236;26000;435630;64559;65778;45355;25376;16931;217999;68261;69615;48826;21860;9069;217631;1985;1
02;Aisne;168429;162662;111115;60551;32050;534807;81517;79317;55611;33205;20933;270583;86912;83345;55504;27346;11117;264224;1985;2
03;Allier;93785;98823;85593;55898;33349;367448;45667;48592;43466;30459;21408;189592;48118;50231;42127;25439;11941;177856;1985;3
04;Alpes-de-Haute-Provence;31372;34503;29538;17953;9833;123199;15181;16935;14538;9468;6157;62279;16191;17568;15000;8485;3676;60920;1985;4
05;Hautes-Alpes;29011;32332;24056;15057;7481;107937;13744;15797;11877;7918;4710;54046;15267;16535;12179;7139;2771;53891;1985;5
06;Alpes-Maritimes;205766;246722;216179;149091;90911;908669;100760;124966;112065;85539;58507;481837;105006;121756;104114;63552;32404;426832;1985;6
07;Ardèche;74331;75566;62130;38917;22062;273006;35857;36990;30786;21135;14505;139273;38474;38576;31344;17782;7557;133733;1985;7
08;Ardennes;96004;90479;64354;32661;17601;301099;46624;44142;31747;18005;11570;152088;49380;46337;32607;14656;6031;149011;1985;8
09;Ariège;31994;35807;31461;23089;14590;136941;15441;17434;15814;12077;8868;69634;16553;18373;15647;11012;5722;67307;1985;9
10;Aube;85607;88129;61963;34625;20528;290852;41441;43352;30996;19026;13236;148051;44166;44777;30967;15599;7292;142801;1985;10
11;Aude;69374;75684;66332;47094;27738;286222;33087;36864;34002;25077;17082;146112;36287;38820;32330;22017;10656;140110;1985;11
12;Aveyron;69948;72207;64696;44902;26224;277977;34046;34848;32592;24034;16268;141788;35902;37359;32104;20868;9956;136189;1985;12
13;Bouches-du-Rhône;486667;525673;404117;214699;104607;1735763;237908;265623;203313;118159;68953;893956;248759;260050;200804;96540;35654;841807;1985;13
14;Calvados;194298;190584;121358;65252;31730;603222;95665;94964;62308;36552;21899;311388;98633;95620;59050;28700;9831;291834;1985;14
15;Cantal;42951;44217;36391;24102;13319;160980;20858;21084;18027;12985;8523;81477;22093;23133;18364;11117;4796;79503;1985;15
16;Charente;92922;97227;76479;46849;27361;340838;45330;48148;38565;25271;17538;174852;47592;49079;37914;21578;9823;165986;1985;16
17;Charente-Maritime;141291;143446;115420;76259;41465;517881;68315;71543;58858;40997;26164;265877;72976;71903;56562;35262;15301;252004;1985;17
18;Cher;87399;92337;71182;44369;26178;321465;42719;45264;35186;24239;16756;164164;44680;47073;35996;20130;9422;157301;1985;18
19;Corrèze;57570;64251;55924;40093;23090;240928;27711;31446;28336;21792;14611;123896;29859;32805;27588;18301;8479;117032;1985;19
21;Côte-d'Or;147073;151238;99824;53109;29788;481032;73031;75058;49866;29086;19345;246386;74042;76180;49958;24023;10443;234646;1985;21
22;Côtes-d'Armor;152648;145164;120784;80912;39165;538673;73875;70498;61174;45247;26716;277510;78773;74666;59610;35665;12449;261163;1985;22
23;Creuse;29654;33139;31966;24676;17171;136606;14262;15755;15850;13123;10849;69839;15392;17384;16116;11553;6322;66767;1985;23
24;Dordogne;92504;100419;89740;64273;35497;382433;44691;49555;45682;34273;22389;196590;47813;50864;44058;30000;13108;185843;1985;24
25;Doubs;157567;155183;101548;47337;22576;484211;77245;75398;50390;26162;14882;244077;80322;79785;51158;21175;7694;240134;1985;25
26;Drôme;116982;117024;90401;49876;26565;400848;56645;57962;45458;27247;17214;204526;60337;59062;44943;22629;9351;196322;1985;26
27;Eure;154335;151250;99151;50079;25846;480661;74940;74606;48824;27213;16813;242396;79395;76644;50327;22866;9033;238265;1985;27
28;Eure-et-Loir;117647;115362;76990;42259;23534;375792;57020;56620;37814;22753;14592;188799;60627;58742;39176;19506;8942;186993;1985;28
29;Finistère;239601;237140;182218;117011;56067;832037;116342;114786;93399;66915;37616;429058;123259;122354;88819;50096;18451;402979;1985;29
30;Gard;149131;159101;127133;76451;39723;551539;72353;78741;64412;41298;25802;282606;76778;80360;62721;35153;13921;268933;1985;30
31;Haute-Garonne;240695;282294;188293;99190;52372;862844;119204;141464;96600;54020;33745;445033;121491;140830;91693;45170;18627;417811;1985;31
32;Gers;40997;45999;42240;28138;17024;174398;19656;22481;20996;14408;10362;87903;21341;23518;21244;13730;6662;86495;1985;32
33;Gironde;328864;360891;248177;143155;78428;1159515;161431;182299;127151;79465;52746;603092;167433;178592;121026;63690;25682;556423;1985;33
34;Hérault;203654;221406;162583;103406;54826;745875;100304;112480;84003;56263;35206;388256;103350;108926;78580;47143;19620;357619;1985;34
35;Ille-et-Vilaine;245527;236598;157683;86809;40055;766672;121091;117808;80326;48808;27674;395707;124436;118790;77357;38001;12381;370965;1985;35
36;Indre;61752;65409;54690;36985;23097;241933;29996;31686;27431;19847;14499;123459;31756;33723;27259;17138;8598;118474;1985;36
37;Indre-et-Loire;154540;155011;108761;62075;35586;515973;76909;77828;55124;33577;22838;266276;77631;77183;53637;28498;12748;249697;1985;37
38;Isère;298917;306036;211859;98574;49229;964615;145462;150975;105187;53972;33146;488742;153455;155061;106672;44602;16083;475873;1985;38
39;Jura;71872;69965;53600;31860;17717;245014;34878;34141;26755;17300;11318;124392;36994;35824;26845;14560;6399;120622;1985;39
40;Landes;78448;84154;70886;44770;25275;303533;37727;41531;35622;24218;16472;155570;40721;42623;35264;20552;8803;147963;1985;40
41;Loir-et-Cher;84219;85137;64526;41214;25211;300307;40935;41766;32122;22257;15850;152930;43284;43371;32404;18957;9361;147377;1985;41
42;Loire;221767;214559;166574;91469;48751;743120;108131;106841;84237;50721;33265;383195;113636;107718;82337;40748;15486;359925;1985;42
43;Haute-Loire;55996;57039;46710;29456;17691;206892;27058;27258;23352;16066;11580;105314;28938;29781;23358;13390;6111;101578;1985;43
44;Loire-Atlantique;326671;311953;213520;111420;53913;1017477;159678;155550;109512;62797;37352;524889;166993;156403;104008;48623;16561;492588;1985;44
45;Loiret;166468;171559;115761;63282;35185;552255;81697;84764;57580;34297;21986;280324;84771;86795;58181;28985;13199;271931;1985;45
46;Lot;37353;40819;36667;26407;14785;156031;18025;19947;18546;14130;9356;80004;19328;20872;18121;12277;5429;76027;1985;46
47;Lot-et-Garonne;78194;81363;70459;46322;25182;301520;38048;40632;35854;24627;15811;154972;40146;40731;34605;21695;9371;146548;1985;47
48;Lozère;19253;20662;16122;11265;6815;74117;9375;9765;7756;5909;4319;37124;9878;10897;8366;5356;2496;36993;1985;48
49;Maine-et-Loire;232605;203904;136698;74862;41274;689343;113761;101962;70035;41195;26914;353867;118844;101942;66663;33667;14360;335476;1985;49
50;Manche;141458;135135;103024;62831;29351;471799;68872;65415;52568;34732;20294;241881;72586;69720;50456;28099;9057;229918;1985;50
51;Marne;176157;179067;111409;55219;29813;551665;86505;88719;55211;30862;19637;280934;89652;90348;56198;24357;10176;270731;1985;51
52;Haute-Marne;64652;61785;44617;25429;13700;210183;31175;30034;21977;13834;8843;105863;33477;31751;22640;11595;4857;104320;1985;52
53;Mayenne;86775;79169;57755;33981;17504;275184;42138;38810;29371;18707;11816;140842;44637;40359;28384;15274;5688;134342;1985;53
54;Meurthe-et-Moselle;221925;232070;155093;75820;37488;722396;108933;114308;77811;42849;25394;369295;112992;117762;77282;32971;12094;353101;1985;54
55;Meuse;60377;58992;42392;24435;13495;199691;28919;28414;21125;13534;8915;100907;31458;30578;21267;10901;4580;98784;1985;55
56;Morbihan;181976;172571;131260;79662;35634;601103;87905;84015;66656;44761;24233;307570;94071;88556;64604;34901;11401;293533;1985;56
57;Moselle;312044;326655;228784;100840;42244;1010567;151329;159621;112536;56460;28388;508334;160715;167034;116248;44380;13856;502233;1985;57
58;Nièvre;60455;64386;52943;36423;23266;237473;29184;31417;26546;19820;14906;121873;31271;32969;26397;16603;8360;115600;1985;58
59;Nord;843992;786342;505651;254550;125243;2515778;412253;390733;256312;145438;85833;1290569;431739;395609;249339;109112;39410;1225209;1985;59
60;Oise;227257;223030;140182;62041;33266;685776;110620;109059;67703;33768;21840;342990;116637;113971;72479;28273;11426;342786;1985;60
61;Orne;90063;84953;64820;37957;19677;297470;43607;41664;32830;20755;13154;152010;46456;43289;31990;17202;6523;145460;1985;61
62;Pas-de-Calais;468443;428031;292986;161106;72565;1423131;228664;211381;150632;92319;49540;732536;239779;216650;142354;68787;23025;690595;1985;62
63;Puy-de-Dôme;169232;183835;133988;72251;37703;597009;83092;90534;67163;39591;25119;305499;86140;93301;66825;32660;12584;291510;1985;63
64;Pyrénées-Atlantiques;150688;159549;129372;78489;44335;562433;73774;79770;66184;43234;29087;292049;76914;79779;63188;35255;15248;270384;1985;64
65;Hautes-Pyrénées;56898;63424;55261;34306;18537;228426;27247;31319;28224;18541;12031;117362;29651;32105;27037;15765;6506;111064;1985;65
66;Pyrénées-Orientales;85253;89312;80864;59409;29947;344785;41507;45294;42265;32040;18609;179715;43746;44018;38599;27369;11338;165070;1985;66
67;Bas-Rhin;276197;303684;202294;96201;50563;928939;136269;148975;100433;57505;34172;477354;139928;154709;101861;38696;16391;451585;1985;67
68;Haut-Rhin;193913;211866;147972;66903;36245;656899;94321;102819;73098;39245;25107;334590;99592;109047;74874;27658;11138;322309;1985;68
69;Rhône;438505;465788;326393;149567;77818;1458071;216079;233460;163596;84181;53717;751033;222426;232328;162797;65386;24101;707038;1985;69
70;Haute-Saône;70600;66559;49445;29092;16469;232165;34035;32078;24273;16117;10732;117235;36565;34481;25172;12975;5737;114930;1985;70
71;Saône-et-Loire;159834;159076;127914;76504;43830;567158;77400;77647;64100;41712;28455;289314;82434;81429;63814;34792;15375;277844;1985;71
72;Sarthe;156668;149898;107145;62093;33960;509764;76062;73836;54335;33798;22183;260214;80606;76062;52810;28295;11777;249550;1985;72
73;Savoie;95818;102593;73574;37597;19033;328615;46939;49982;36422;20716;12476;166535;48879;52611;37152;16881;6557;162080;1985;73
74;Haute-Savoie;157867;175037;113529;51271;23967;521671;76501;86320;55704;28327;15809;262661;81366;88717;57825;22944;8158;259010;1985;74
75;Paris;445570;779256;489229;280661;171262;2165978;222315;395019;254890;169930;118319;1160473;223255;384237;234339;110731;52943;1005505;1985;75
76;Seine-Maritime;379705;381358;250130;129135;65251;1205579;185793;189941;126696;72144;44150;618724;193912;191417;123434;56991;21101;586855;1985;76
77;Seine-et-Marne;312359;311755;197403;77534;44620;943671;152145;156593;95480;42683;29176;476077;160214;155162;101923;34851;15444;467594;1985;77
78;Yvelines;397078;405204;287583;93379;47849;1231093;192911;203996;140171;51507;32622;621207;204167;201208;147412;41872;15227;609886;1985;78
79;Deux-Sèvres;100701;97168;74518;45296;25746;343429;48828;47818;37208;24075;15637;173566;51873;49350;37310;21221;10109;169863;1985;79
80;Somme;174660;166468;110455;62332;33530;547445;85898;82747;55746;34063;21713;280167;88762;83721;54709;28269;11817;267278;1985;80
81;Tarn;88537;92353;80735;50324;29857;341806;42682;45725;41287;26906;18837;175437;45855;46628;39448;23418;11020;166369;1985;81
82;Tarn-et-Garonne;50964;54012;44067;28897;16183;194123;24592;26437;22450;15291;10145;98915;26372;27575;21617;13606;6038;95208;1985;82
83;Var;190637;209068;175419;114845;54614;744583;91976;103704;88772;62686;35116;382254;98661;105364;86647;52159;19498;362329;1985;83
84;Vaucluse;124394;130088;101585;56309;28394;440770;60439;64680;50949;30854;18273;225195;63955;65408;50636;25455;10121;215575;1985;84
85;Vendée;151771;141891;103584;64319;33126;494691;73325;69263;52213;34765;21474;251040;78446;72628;51371;29554;11652;243651;1985;85
86;Vienne;109411;110092;78379;48389;28337;374608;53959;54732;39414;25787;17637;191529;55452;55360;38965;22602;10700;183079;1985;86
87;Haute-Vienne;88952;101150;81417;53240;33259;358018;43738;50293;41171;28990;21369;185561;45214;50857;40246;24250;11890;172457;1985;87
88;Vosges;118630;115580;84271;46936;26241;391658;57600;56115;42309;26614;17832;200470;61030;59465;41962;20322;8409;191188;1985;88
89;Yonne;89070;89011;65423;44042;27981;315527;42883;43158;32113;23938;17500;159592;46187;45853;33310;20104;10481;155935;1985;89
90;Territoire de Belfort;40830;42514;29220;13798;7108;133470;19435;20290;14404;7749;4821;66699;21395;22224;14816;6049;2287;66771;1985;90
91;Essonne;324385;343883;233348;72954;40191;1014761;157944;171598;114115;39959;27367;510983;166441;172285;119233;32995;12824;503778;1985;91
92;Hauts-de-Seine;352488;478493;328516;149516;77232;1386245;174129;239952;164934;85612;53717;718344;178359;238541;163582;63904;23515;667901;1985;92
93;Seine-Saint-Denis;404322;468868;300564;112623;53898;1340275;197761;233875;145877;63322;37111;677946;206561;234993;154687;49301;16787;662329;1985;93
94;Val-de-Marne;332720;413101;277532;114486;60968;1198807;163674;206195;139183;64789;42594;616435;169046;206906;138349;49697;18374;582372;1985;94
95;Val-d'Oise;311429;327523;209797;72272;37009;958030;152017;165386;102589;39959;25388;485339;159412;162137;107208;32313;11621;472691;1985;95
2A;Corse-du-Sud;27673;33162;26875;16674;7859;112243;13427;15355;12956;9055;5200;55993;14246;17807;13919;7619;2659;56250;1985;201
2B;Haute-Corse;32014;40340;31523;18832;9503;132212;15615;17721;14625;10238;6145;64344;16399;22619;16898;8594;3358;67868;1985;202
01;Ain;132108;132760;93084;46666;25362;429980;64183;64211;44926;25136;16494;214950;67925;68549;48158;21530;8868;215030;1984;1
02;Aisne;170391;161206;112939;59537;31792;535865;82341;78462;56545;32786;20678;270812;88050;82744;56394;26751;11114;265053;1984;2
03;Allier;95260;97590;86586;55690;32609;367735;46290;47996;43997;30372;20927;189582;48970;49594;42589;25318;11682;178153;1984;3
04;Alpes-de-Haute-Provence;31367;33655;29310;17582;9536;121450;15159;16453;14441;9261;5994;61308;16208;17202;14869;8321;3542;60142;1984;4
05;Hautes-Alpes;29044;31875;24170;14787;7312;107188;13718;15576;11930;7733;4619;53576;15326;16299;12240;7054;2693;53612;1984;5
06;Alpes-Maritimes;206087;242789;214630;148661;88945;901112;101161;122498;111492;85429;57135;477715;104926;120291;103138;63232;31810;423397;1984;6
07;Ardèche;74797;74289;62561;38533;21599;271779;36011;36385;31038;20945;14267;138646;38786;37904;31523;17588;7332;133133;1984;7
08;Ardennes;97250;89421;65259;32297;17227;301454;47202;43542;32185;17830;11307;152066;50048;45879;33074;14467;5920;149388;1984;8
09;Ariège;32265;35241;31892;23052;14356;136806;15585;17160;16016;12043;8758;69562;16680;18081;15876;11009;5598;67244;1984;9
10;Aube;86653;87456;62396;34530;20195;291230;41882;42926;31296;18992;13006;148102;44771;44530;31100;15538;7189;143128;1984;10
11;Aude;69821;74128;67074;46691;27283;284997;33250;36182;34332;24987;16797;145548;36571;37946;32742;21704;10486;139449;1984;11
12;Aveyron;70983;71354;65851;44717;25504;278409;34572;34465;33143;23977;15883;142040;36411;36889;32708;20740;9621;136369;1984;12
13;Bouches-du-Rhône;491440;521601;404199;212985;102580;1732805;240315;263145;203257;117183;67815;891715;251125;258456;200942;95802;34765;841090;1984;13
14;Calvados;195679;187546;121893;63765;30881;599764;96382;93323;62601;35742;21394;309442;99297;94223;59292;28023;9487;290322;1984;14
15;Cantal;43774;43778;36954;24012;13037;161555;21231;20809;18325;12950;8361;81676;22543;22969;18629;11062;4676;79879;1984;15
16;Charente;93993;96207;77200;46577;26796;340773;45912;47621;38938;25137;17212;174820;48081;48586;38262;21440;9584;165953;1984;16
17;Charente-Maritime;143152;141673;116147;75145;40269;516386;69195;70647;59152;40502;25465;264961;73957;71026;56995;34643;14804;251425;1984;17
18;Cher;88508;91500;71649;44539;25621;321817;43317;44777;35425;24377;16426;164322;45191;46723;36224;20162;9195;157495;1984;18
19;Corrèze;58254;63286;56722;39905;22483;240650;27970;30990;28702;21775;14222;123659;30284;32296;28020;18130;8261;116991;1984;19
21;Côte-d'Or;148431;148873;99541;52446;29044;478335;73622;73681;49843;28733;18853;244732;74809;75192;49698;23713;10191;233603;1984;21
22;Côtes-d'Armor;154676;143695;122574;79998;37980;538923;74636;69894;61982;44930;26003;277445;80040;73801;60592;35068;11977;261478;1984;22
23;Creuse;30210;32722;32759;24786;16926;137403;14518;15566;16240;13184;10723;70231;15692;17156;16519;11602;6203;67172;1984;23
24;Dordogne;93546;98773;90977;63582;34650;381528;45074;48733;46394;33862;21938;196001;48472;50040;44583;29720;12712;185527;1984;24
25;Doubs;159656;154141;101031;46516;21858;483202;78373;74534;50181;25760;14442;243290;81283;79607;50850;20756;7416;239912;1984;25
26;Drôme;117111;115249;90283;49079;25951;397673;56700;57007;45412;26852;16838;202809;60411;58242;44871;22227;9113;194864;1984;26
27;Eure;153483;147946;98440;49206;25227;474302;74620;72854;48501;26777;16465;239217;78863;75092;49939;22429;8762;235085;1984;27
28;Eure-et-Loir;116800;113211;76629;41776;22817;371233;56538;55380;37659;22489;14166;186232;60262;57831;38970;19287;8651;185001;1984;28
29;Finistère;242292;233221;184707;116269;54345;830834;117676;112854;94813;66579;36494;428416;124616;120367;89894;49690;17851;402418;1984;29
30;Gard;148547;155647;126667;75090;38811;544762;71944;77051;64125;40580;25326;279026;76603;78596;62542;34510;13485;265736;1984;30
31;Haute-Garonne;241421;273431;186029;97175;50402;848458;119731;137188;95113;53049;32555;437636;121690;136243;90916;44126;17847;410822;1984;31
32;Gers;41737;45522;43097;27946;16577;174879;19956;22281;21357;14369;10096;88059;21781;23241;21740;13577;6481;86820;1984;32
33;Gironde;329596;352765;246620;140910;76407;1146298;161998;178017;126440;78325;51535;596315;167598;174748;120180;62585;24872;549983;1984;33
34;Hérault;202331;214183;160096;100732;53189;730531;99663;108769;82719;54804;34280;380235;102668;105414;77377;45928;18909;350296;1984;34
35;Ille-et-Vilaine;247220;231550;158408;85114;38602;760894;122072;115231;80772;47993;26800;392868;125148;116319;77636;37121;11802;368026;1984;35
36;Indre;62955;64823;55442;36989;22611;242820;30573;31389;27778;19857;14227;123824;32382;33434;27664;17132;8384;118996;1984;36
37;Indre-et-Loire;155952;152564;108559;61338;34654;513067;77737;76527;54940;33241;22270;264715;78215;76037;53619;28097;12384;248352;1984;37
38;Isère;299581;301382;209881;96706;48043;955593;145869;148466;104160;53143;32363;484001;153712;152916;105721;43563;15680;471592;1984;38
39;Jura;72398;69211;53631;31546;17247;244033;35087;33718;26795;17180;11032;123812;37311;35493;26836;14366;6215;120221;1984;39
40;Landes;78911;82479;71186;44104;24554;301234;37979;40737;35754;23910;16046;154426;40932;41742;35432;20194;8508;146808;1984;40
41;Loir-et-Cher;84896;84034;64683;40986;24562;299161;41254;41242;32210;22158;15462;152326;43642;42792;32473;18828;9100;146835;1984;41
42;Loire;224215;213832;167942;90802;47651;744442;109373;106236;84982;50488;32621;383700;114842;107596;82960;40314;15030;360742;1984;42
43;Haute-Loire;56569;56056;47370;29259;17452;206706;27307;26824;23645;16027;11436;105239;29262;29232;23725;13232;6016;101467;1984;43
44;Loire-Atlantique;328862;306966;214235;109579;52429;1012071;160809;152755;110033;61943;36510;522050;168053;154211;104202;47636;15919;490021;1984;44
45;Loiret;165962;168733;115169;62319;34191;546374;81439;83178;57313;33813;21428;277171;84523;85555;57856;28506;12763;269203;1984;45
46;Lot;37850;40432;37342;26174;14494;156292;18240;19741;18871;14026;9181;80059;19610;20691;18471;12148;5313;76233;1984;46
47;Lot-et-Garonne;79257;80562;71472;46015;24648;301954;38542;40215;36405;24414;15569;155145;40715;40347;35067;21601;9079;146809;1984;47
48;Lozère;19677;20581;16484;11388;6705;74835;9570;9721;7945;6017;4248;37501;10107;10860;8539;5371;2457;37334;1984;48
49;Maine-et-Loire;234324;200038;137332;73728;40158;685580;114752;99966;70274;40716;26296;352004;119572;100072;67058;33012;13862;333576;1984;49
50;Manche;142515;132430;104887;61864;28496;470192;69349;64183;53484;34349;19818;241183;73166;68247;51403;27515;8678;229009;1984;50
51;Marne;177196;176622;111095;54443;29029;548385;86998;87373;55118;30470;19107;279066;90198;89249;55977;23973;9922;269319;1984;51
52;Haute-Marne;65697;61194;45167;25211;13440;210709;31709;29645;22262;13741;8711;106068;33988;31549;22905;11470;4729;104641;1984;52
53;Mayenne;87154;77773;58403;33468;16857;273655;42264;38168;29676;18531;11450;140089;44890;39605;28727;14937;5407;133566;1984;53
54;Meurthe-et-Moselle;224889;229037;155802;74285;36502;720515;110354;112541;78274;41996;24730;367895;114535;116496;77528;32289;11772;352620;1984;54
55;Meuse;60939;58323;42955;24070;13252;199539;29107;28030;21492;13351;8734;100714;31832;30293;21463;10719;4518;98825;1984;55
56;Morbihan;183082;169154;132677;78337;34314;597564;88355;82404;67266;44258;23395;305678;94727;86750;65411;34079;10919;291886;1984;56
57;Moselle;315955;321244;230947;98499;40789;1007434;153384;156517;113539;55322;27331;506093;162571;164727;117408;43177;13458;501341;1984;57
58;Nièvre;61441;63750;53789;36359;22951;238290;29647;31076;26942;19855;14692;122212;31794;32674;26847;16504;8259;116078;1984;58
59;Nord;852873;779386;512787;251761;123596;2520403;416579;386304;260164;144370;84480;1291897;436294;393082;252623;107391;39116;1228506;1984;59
60;Oise;226977;218916;138924;61178;32725;678720;110348;106675;67159;33393;21464;339039;116629;112241;71765;27785;11261;339681;1984;60
61;Orne;91129;83961;65766;37165;19136;297157;44066;41215;33279;20397;12857;151814;47063;42746;32487;16768;6279;145343;1984;61
62;Pas-de-Calais;471468;421998;297974;158980;71138;1421558;230133;208153;153309;91364;48535;731494;241335;213845;144665;67616;22603;690064;1984;62
63;Puy-de-Dôme;171499;182438;134576;71319;37027;596859;84236;89651;67457;39115;24715;305174;87263;92787;67119;32204;12312;291685;1984;63
64;Pyrénées-Atlantiques;152666;156698;130161;77690;43143;560358;74671;78502;66441;42912;28331;290857;77995;78196;63720;34778;14812;269501;1984;64
65;Hautes-Pyrénées;58007;62567;55997;34196;18003;228770;27788;30876;28603;18518;11690;117475;30219;31691;27394;15678;6313;111295;1984;65
66;Pyrénées-Orientales;85417;86868;81213;58664;29007;341169;41453;44155;42418;31655;18040;177721;43964;42713;38795;27009;10967;163448;1984;66
67;Bas-Rhin;280029;296739;202497;96094;49209;924568;138278;145145;101093;57282;33196;474994;141751;151594;101404;38812;16013;449574;1984;67
68;Haut-Rhin;195756;208499;148520;66382;35514;654671;95153;100906;73611;39059;24570;333299;100603;107593;74909;27323;10944;321372;1984;68
69;Rhône;443956;461627;324585;148246;76110;1454524;218862;230681;162607;83717;52622;748489;225094;230946;161978;64529;23488;706035;1984;69
70;Haute-Saône;71294;65847;49658;29104;16190;232093;34357;31648;24424;16150;10577;117156;36937;34199;25234;12954;5613;114937;1984;70
71;Saône-et-Loire;162383;157957;129174;76172;43008;568694;78565;76989;64674;41654;27979;289861;83818;80968;64500;34518;15029;278833;1984;71
72;Sarthe;158453;147556;107673;61393;32985;508060;76894;72653;54584;33541;21639;259311;81559;74903;53089;27852;11346;248749;1984;72
73;Savoie;96939;101483;73632;37177;18607;327838;47519;49400;36466;20502;12198;166085;49420;52083;37166;16675;6409;161753;1984;73
74;Haute-Savoie;157627;172385;111528;50252;23198;514990;76383;84885;54840;27732;15333;259173;81244;87500;56688;22520;7865;255817;1984;74
75;Paris;449933;771383;491656;286757;169270;2168999;224718;389123;257024;174113;117044;1162022;225215;382260;234632;112644;52226;1006977;1984;75
76;Seine-Maritime;382380;377351;250832;128145;63486;1202194;187149;187425;127244;71668;43021;616507;195231;189926;123588;56477;20465;585687;1984;76
77;Seine-et-Marne;306678;302513;192091;76320;43489;921091;149409;151682;93054;42099;28415;464659;157269;150831;99037;34221;15074;456432;1984;77
78;Yvelines;396305;400402;282989;91016;46711;1217423;192598;201055;137954;50390;31808;613805;203707;199347;145035;40626;14903;603618;1984;78
79;Deux-Sèvres;102145;95805;75305;44944;25130;343329;49540;47149;37602;23903;15306;173500;52605;48656;37703;21041;9824;169829;1984;79
80;Somme;177030;164596;111290;61835;32987;547738;86975;81728;56158;33904;21389;280154;90055;82868;55132;27931;11598;267584;1984;80
81;Tarn;89356;91027;81695;49978;29062;341118;43074;45117;41725;26792;18386;175094;46282;45910;39970;23186;10676;166024;1984;81
82;Tarn-et-Garonne;51307;52954;44348;28649;15691;192949;24735;25891;22615;15184;9863;98288;26572;27063;21733;13465;5828;94661;1984;82
83;Var;188799;204388;173295;112094;52621;731197;91200;101062;87689;61099;33982;375032;97599;103326;85606;50995;18639;356165;1984;83
84;Vaucluse;124119;127344;100479;55256;27553;434751;60216;63239;50452;30331;17713;221951;63903;64105;50027;24925;9840;212800;1984;84
85;Vendée;152826;138851;104564;63093;32186;491520;73761;67831;52680;34274;20901;249447;79065;71020;51884;28819;11285;242073;1984;85
86;Vienne;110954;108198;78727;47959;27651;373489;54784;53805;39509;25578;17287;190963;56170;54393;39218;22381;10364;182526;1984;86
87;Haute-Vienne;90244;99895;82313;53294;32558;358304;44391;49568;41716;29033;20917;185625;45853;50327;40597;24261;11641;172679;1984;87
88;Vosges;120739;114866;85431;47101;25659;393796;58605;55657;42936;26803;17466;201467;62134;59209;42495;20298;8193;192329;1984;88
89;Yonne;89145;87633;65767;43731;27538;313814;42909;42366;32348;23745;17244;158612;46236;45267;33419;19986;10294;155202;1984;89
90;Territoire de Belfort;41156;41995;29183;13697;6921;132952;19520;20014;14425;7710;4707;66376;21636;21981;14758;5987;2214;66576;1984;90
91;Essonne;325720;339043;229031;71089;39166;1004049;158562;169093;111921;39060;26670;505306;167158;169950;117110;32029;12496;498743;1984;91
92;Hauts-de-Seine;355626;473920;330591;148627;75911;1384675;175245;236893;166124;85339;52776;716377;180381;237027;164467;63288;23135;668298;1984;92
93;Seine-Saint-Denis;404837;462351;301471;111489;53212;1333360;198057;229563;146617;62908;36490;673635;206780;232788;154854;48581;16722;659725;1984;93
94;Val-de-Marne;337027;410050;278422;113491;60090;1199080;165791;204161;139782;64311;41988;616033;171236;205889;138640;49180;18102;583047;1984;94
95;Val-d'Oise;308657;321067;207092;70761;36236;943813;150788;161634;101362;39261;24736;477781;157869;159433;105730;31500;11500;466032;1984;95
2A;Corse-du-Sud;27470;32688;26750;16434;7802;111144;13264;14946;12885;8945;5157;55197;14206;17742;13865;7489;2645;55947;1984;201
2B;Haute-Corse;32130;40426;31529;18747;9350;132182;15641;17540;14558;10138;6044;63921;16489;22886;16971;8609;3306;68261;1984;202
01;Ain;130525;129756;91780;45997;24685;422743;63391;62574;44280;24864;16081;211190;67134;67182;47500;21133;8604;211553;1983;1
02;Aisne;171904;158716;114370;58649;31333;534972;82923;77106;57265;32448;20300;270042;88981;81610;57105;26201;11033;264930;1983;2
03;Allier;96732;96716;87831;55493;32124;368896;46976;47556;44569;30319;20652;190072;49756;49160;43262;25174;11472;178824;1983;3
04;Alpes-de-Haute-Provence;31429;32985;29109;17298;9251;120072;15165;16112;14297;9115;5842;60531;16264;16873;14812;8183;3409;59541;1983;4
05;Hautes-Alpes;28834;31204;23940;14577;7067;105622;13626;15200;11800;7655;4459;52740;15208;16004;12140;6922;2608;52882;1983;5
06;Alpes-Maritimes;205936;238651;213734;148222;86568;893111;101036;120261;110926;85351;55745;473319;104900;118390;102808;62871;30823;419792;1983;6
07;Ardèche;75158;72819;62805;38156;21184;270122;36197;35677;31037;20893;14010;137814;38961;37142;31768;17263;7174;132308;1983;7
08;Ardennes;98832;88022;66235;32003;16934;302026;47940;42724;32669;17701;11125;152159;50892;45298;33566;14302;5809;149867;1983;8
09;Ariège;32467;34726;32228;22986;14049;136456;15677;16940;16178;12018;8587;69400;16790;17786;16050;10968;5462;67056;1983;9
10;Aube;86985;85906;62346;34159;19732;289128;42044;42065;31316;18788;12742;146955;44941;43841;31030;15371;6990;142173;1983;10
11;Aude;70008;72525;67455;46408;26787;283183;33253;35474;34532;24840;16555;144654;36755;37051;32923;21568;10232;138529;1983;11
12;Aveyron;71928;70495;66786;44486;24853;278548;35061;34031;33665;23832;15567;142156;36867;36464;33121;20654;9286;136392;1983;12
13;Bouches-du-Rhône;495539;517349;404457;211441;100550;1729336;242481;260492;203238;116455;66665;889331;253058;256857;201219;94986;33885;840005;1983;13
14;Calvados;196577;184164;122344;62243;29981;595309;96791;91501;62726;35125;20808;306951;99786;92663;59618;27118;9173;288358;1983;14
15;Cantal;44557;43304;37580;23969;12779;162189;21580;20571;18590;12978;8186;81905;22977;22733;18990;10991;4593;80284;1983;15
16;Charente;95213;95103;77979;46453;26270;341018;46488;47087;39263;25088;16935;174861;48725;48016;38716;21365;9335;166157;1983;16
17;Charente-Maritime;144805;140210;116888;74019;39265;515187;69972;69852;59535;39965;24905;264229;74833;70358;57353;34054;14360;250958;1983;17
18;Cher;89356;90575;72203;44478;25130;321742;43825;44227;35749;24367;16151;164319;45531;46348;36454;20111;8979;157423;1983;18
19;Corrèze;58875;62697;57699;39773;22009;241053;28253;30665;29278;21638;13981;123815;30622;32032;28421;18135;8028;117238;1983;19
21;Côte-d'Or;149753;146691;99297;51844;28386;475971;74275;72425;49770;28366;18511;243347;75478;74266;49527;23478;9875;232624;1983;21
22;Côtes-d'Armor;156745;142273;124378;78929;37074;539399;75546;69074;63015;44404;25480;277519;81199;73199;61363;34525;11594;261880;1983;22
23;Creuse;31023;32617;33790;25073;16817;139320;14911;15458;16748;13416;10644;71177;16112;17159;17042;11657;6173;68143;1983;23
24;Dordogne;94166;96814;91927;62767;33719;379393;45308;47755;46847;33445;21461;194816;48858;49059;45080;29322;12258;184577;1983;24
25;Doubs;160804;152039;100435;45498;21115;479891;78977;73241;49891;25236;13956;241301;81827;78798;50544;20262;7159;238590;1983;25
26;Drôme;117040;113225;89843;48288;25327;393723;56612;55966;45093;26526;16461;200658;60428;57259;44750;21762;8866;193065;1983;26
27;Eure;152508;144337;97700;48473;24567;467585;74096;71045;48080;26481;16074;235776;78412;73292;49620;21992;8493;231809;1983;27
28;Eure-et-Loir;116119;110826;76414;41208;22192;366759;56224;53970;37575;22171;13817;183757;59895;56856;38839;19037;8375;183002;1983;28
29;Finistère;245174;229335;187417;115180;53109;830215;119017;111033;96276;66017;35683;428026;126157;118302;91141;49163;17426;402189;1983;29
30;Gard;148078;152008;126012;73746;37925;537769;71731;75080;63895;39943;24767;275416;76347;76928;62117;33803;13158;262353;1983;30
31;Haute-Garonne;242100;266355;184178;95666;48878;837177;120236;133580;94260;52178;31653;431907;121864;132775;89918;43488;17225;405270;1983;31
32;Gers;41988;44593;43386;27467;16010;173444;20111;21823;21427;14174;9785;87320;21877;22770;21959;13293;6225;86124;1983;32
33;Gironde;331336;346117;246509;138927;75039;1137928;162901;174501;126440;77372;50791;592005;168435;171616;120069;61555;24248;545923;1983;33
34;Hérault;201443;208380;158439;98577;51781;718620;99313;105575;82010;53700;33456;374054;102130;102805;76429;44877;18325;344566;1983;34
35;Ille-et-Vilaine;248493;227164;158876;83523;37433;755489;122773;112980;81016;47292;26089;390150;125720;114184;77860;36231;11344;365339;1983;35
36;Indre;64077;64140;55999;36977;22194;243387;31068;30981;28074;19902;13957;123982;33009;33159;27925;17075;8237;119405;1983;36
37;Indre-et-Loire;157289;150249;108230;60482;33884;510134;78432;75263;54741;32863;21842;263141;78857;74986;53489;27619;12042;246993;1983;37
38;Isère;299792;296401;207825;94882;46871;945771;145939;145657;103220;52350;31590;478756;153853;150744;104605;42532;15281;467015;1983;38
39;Jura;73133;68362;53932;31225;16901;243553;35473;33233;26988;17039;10824;123557;37660;35129;26944;14186;6077;119996;1983;39
40;Landes;79348;80870;71488;43482;23872;299060;38181;39947;35936;23609;15637;153310;41167;40923;35552;19873;8235;145750;1983;40
41;Loir-et-Cher;85526;82627;65079;40553;23963;297748;41591;40538;32375;21995;15106;151605;43935;42089;32704;18558;8857;146143;1983;41
42;Loire;225938;211673;169297;89842;46496;743246;110394;104821;85806;50098;31894;383013;115544;106852;83491;39744;14602;360233;1983;42
43;Haute-Loire;56877;55021;47939;29162;17133;206132;27427;26320;23935;16067;11214;104963;29450;28701;24004;13095;5919;101169;1983;43
44;Loire-Atlantique;330472;301478;214632;106975;51340;1004897;161397;150259;110098;60735;35841;518330;169075;151219;104534;46240;15499;486567;1983;44
45;Loiret;165892;165755;114764;61516;33326;541253;81464;81382;57208;33421;20937;274412;84428;84373;57556;28095;12389;266841;1983;45
46;Lot;38092;39729;37542;25864;14066;155293;18375;19389;19000;13823;8934;79521;19717;20340;18542;12041;5132;75772;1983;46
47;Lot-et-Garonne;79604;79402;71918;45411;23961;300296;38680;39612;36607;24148;15172;154219;40924;39790;35311;21263;8789;146077;1983;47
48;Lozère;19810;20316;16618;11329;6575;74648;9621;9579;8001;6037;4165;37403;10189;10737;8617;5292;2410;37245;1983;48
49;Maine-et-Loire;235363;196500;137915;72114;39347;681239;115253;98136;70571;39990;25825;349775;120110;98364;67344;32124;13522;331464;1983;49
50;Manche;143596;129486;106553;60804;27733;468172;69827;62840;54310;33901;19431;240309;73769;66646;52243;26903;8302;227863;1983;50
51;Marne;178547;174052;111313;53869;28402;546183;87713;85878;55354;30148;18686;277779;90834;88174;55959;23721;9716;268404;1983;51
52;Haute-Marne;66770;60406;45710;25029;13099;211014;32164;29260;22538;13638;8522;106122;34606;31146;23172;11391;4577;104892;1983;52
53;Mayenne;87636;76412;59153;32949;16330;272480;42591;37532;30047;18361;11122;139653;45045;38880;29106;14588;5208;132827;1983;53
54;Meurthe-et-Moselle;227824;225563;157128;72942;35573;719030;111884;110424;78985;41320;24076;366689;115940;115139;78143;31622;11497;352341;1983;54
55;Meuse;61573;57373;43676;23825;13034;199481;29343;27610;21796;13272;8589;100610;32230;29763;21880;10553;4445;98871;1983;55
56;Morbihan;184237;165762;134169;77057;33180;594405;88959;80733;68049;43593;22719;304053;95278;85029;66120;33464;10461;290352;1983;56
57;Moselle;321244;316345;233006;96458;39655;1006708;156026;153657;114563;54186;26532;504964;165218;162688;118443;42272;13123;501744;1983;57
58;Nièvre;62315;63154;54481;36441;22658;239049;30082;30786;27255;19881;14548;122552;32233;32368;27226;16560;8110;116497;1983;58
59;Nord;865041;772263;522928;250302;122353;2532887;422427;381993;265284;144160;83416;1297280;442614;390270;257644;106142;38937;1235607;1983;59
60;Oise;226268;214160;137581;60384;32119;670512;110110;103842;66524;33109;21053;334638;116158;110318;71057;27275;11066;335874;1983;60
61;Orne;92208;82930;66610;36548;18719;297015;44550;40733;33660;20129;12637;151709;47658;42197;32950;16419;6082;145306;1983;61
62;Pas-de-Calais;474890;414909;303636;156815;69912;1420162;231759;204458;156172;90431;47589;730409;243131;210451;147464;66384;22323;689753;1983;62
63;Puy-de-Dôme;173296;180722;135123;70452;36293;595886;85243;88472;67723;38744;24234;304416;88053;92250;67400;31708;12059;291470;1983;63
64;Pyrénées-Atlantiques;154780;154235;131214;77235;42046;559510;75721;77349;66960;42636;27696;290362;79059;76886;64254;34599;14350;269148;1983;64
65;Hautes-Pyrénées;58896;61606;56355;34036;17493;228386;28184;30434;28786;18449;11371;117224;30712;31172;27569;15587;6122;111162;1983;65
66;Pyrénées-Orientales;85525;84540;81583;57994;28184;337826;41523;42917;42614;31291;17569;175914;44002;41623;38969;26703;10615;161912;1983;66
67;Bas-Rhin;283533;291168;201763;95983;47939;920386;140120;141965;101257;57090;32287;472719;143413;149203;100506;38893;15652;447667;1983;67
68;Haut-Rhin;197652;205627;148751;65897;34848;652775;96035;99144;73980;38904;24058;332121;101617;106483;74771;26993;10790;320654;1983;68
69;Rhône;447920;457675;323437;147358;74139;1450529;220716;227906;162164;83512;51290;745588;227204;229769;161273;63846;22849;704941;1983;69
70;Haute-Saône;71918;65024;50128;29113;15913;232096;34710;31184;24700;16183;10420;117197;37208;33840;25428;12930;5493;114899;1983;70
71;Saône-et-Loire;164900;156544;130888;75827;42315;570474;79653;76287;65485;41564;27586;290575;85247;80257;65403;34263;14729;279899;1983;71
72;Sarthe;160023;145102;108041;60375;32179;505720;77561;71463;54791;33080;21171;258066;82462;73639;53250;27295;11008;247654;1983;72
73;Savoie;97966;100223;73894;36687;18262;327032;48089;48724;36513;20253;12013;165592;49877;51499;37381;16434;6249;161440;1983;73
74;Haute-Savoie;155810;167990;109153;48996;22155;504104;75509;82489;53806;27090;14644;253538;80301;85501;55347;21906;7511;250566;1983;74
75;Paris;454614;765357;496877;293021;168408;2178277;227289;384075;260742;178327;116578;1167011;227325;381282;236135;114694;51830;1011266;1983;75
76;Seine-Maritime;384990;371927;251909;126552;61998;1197376;188557;184248;127848;70918;42079;613650;196433;187679;124061;55634;19919;583726;1983;76
77;Seine-et-Marne;302775;295175;188099;75670;42652;904371;147563;147747;91208;41837;27860;456215;155212;147428;96891;33833;14792;448156;1983;77
78;Yvelines;396456;396258;278794;89097;45858;1206463;192462;198610;135997;49376;31285;607730;203994;197648;142797;39721;14573;598733;1983;78
79;Deux-Sèvres;103513;94562;76183;44519;24626;343403;50136;46546;37982;23707;15091;173462;53377;48016;38201;20812;9535;169941;1983;79
80;Somme;178785;161790;112050;60933;32579;546137;87961;80172;56505;33560;21101;279299;90824;81618;55545;27373;11478;266838;1983;80
81;Tarn;90373;89570;82785;49494;28313;340535;43519;44475;42267;26578;17947;174786;46854;45095;40518;22916;10366;165749;1983;81
82;Tarn-et-Garonne;51619;51725;44499;28290;15261;191394;24863;25285;22655;15033;9617;97453;26756;26440;21844;13257;5644;93941;1983;82
83;Var;187471;199697;171758;109650;50617;719193;90450;98424;87023;59760;32792;368449;97021;101273;84735;49890;17825;350744;1983;83
84;Vaucluse;123850;125192;99767;54257;26774;429840;60155;62072;50121;29761;17244;219353;63695;63120;49646;24496;9530;210487;1983;84
85;Vendée;153213;135695;105353;61558;31171;486990;73929;66368;52995;33610;20290;247192;79284;69327;52358;27948;10881;239798;1983;85
86;Vienne;112325;106554;79273;47554;26976;372682;55544;52910;39766;25417;16926;190563;56781;53644;39507;22137;10050;182119;1983;86
87;Haute-Vienne;90895;98374;82826;53012;31899;357006;44780;48725;42036;28810;20575;184926;46115;49649;40790;24202;11324;172080;1983;87
88;Vosges;122389;113749;86451;47190;25134;394913;59456;54912;43586;26874;17164;201992;62933;58837;42865;20316;7970;192921;1983;88
89;Yonne;89424;86317;66268;43517;27149;312675;43002;41615;32626;23613;17022;157878;46422;44702;33642;19904;10127;154797;1983;89
90;Territoire de Belfort;41436;41495;29326;13473;6803;132533;19609;19683;14488;7643;4637;66060;21827;21812;14838;5830;2166;66473;1983;90
91;Essonne;327309;335050;225199;69533;38280;995371;159320;167018;110019;38261;26099;500717;167989;168032;115180;31272;12181;494654;1983;91
92;Hauts-de-Seine;359206;470241;333861;147828;74705;1385841;177142;233819;167934;85134;51906;715935;182064;236422;165927;62694;22799;669906;1983;92
93;Seine-Saint-Denis;407154;457013;304178;110749;52623;1331717;199409;225654;148281;62690;36060;672094;207745;231359;155897;48059;16563;659623;1983;93
94;Val-de-Marne;340962;406430;279509;111896;59377;1198174;167710;201660;140704;63655;41399;615128;173252;204770;138805;48241;17978;583046;1983;94
95;Val-d'Oise;306796;314880;205174;69294;35645;931789;149869;157914;100657;38562;24285;471287;156927;156966;104517;30732;11360;460502;1983;95
2A;Corse-du-Sud;27010;32314;26694;16109;7633;109760;13022;14611;12805;8784;5083;54305;13988;17703;13889;7325;2550;55455;1983;201
2B;Haute-Corse;32164;40089;31537;18650;9229;131669;15487;17181;14510;10109;5958;63245;16677;22908;17027;8541;3271;68424;1983;202
01;Ain;130602;125959;91171;45702;23889;417323;63593;61196;44261;24677;15600;209327;67009;64763;46910;21025;8289;207996;1982;1
02;Aisne;174452;154876;116004;58348;30805;534485;84768;75156;58041;32458;19880;270303;89684;79720;57963;25890;10925;264182;1982;2
03;Allier;99735;96055;88337;54841;31121;370089;48648;47011;44782;30039;20028;190508;51087;49044;43555;24802;11093;179581;1982;3
04;Alpes-de-Haute-Provence;32250;32603;28241;16961;8880;118935;15485;15783;13975;8873;5579;59695;16765;16820;14266;8088;3301;59240;1982;4
05;Hautes-Alpes;29294;31308;23737;13901;6896;105136;14041;15173;11638;7320;4368;52540;15253;16135;12099;6581;2528;52596;1982;5
06;Alpes-Maritimes;202945;232625;211663;149967;83614;880814;99128;118235;110471;86123;54077;468034;103817;114390;101192;63844;29537;412780;1982;6
07;Ardèche;76799;72242;61866;36668;20394;267969;37205;35015;30475;20073;13580;136348;39594;37227;31391;16595;6814;131621;1982;7
08;Ardennes;101906;85927;66668;31800;16485;302786;49680;41508;33053;17609;10769;152619;52226;44419;33615;14191;5716;150167;1982;8
09;Ariège;33357;33711;32495;22679;13492;135734;16160;16102;16430;11854;8254;68800;17197;17609;16065;10825;5238;66934;1982;9
10;Aube;88165;85087;62527;34208;19492;289479;42799;41305;31347;18896;12560;146907;45366;43782;31180;15312;6932;142572;1982;10
11;Aude;71520;71365;66268;45482;25956;280591;34224;34471;33938;24430;16088;143151;37296;36894;32330;21052;9868;137440;1982;11
12;Aveyron;74146;70866;66634;43441;23779;278866;36246;34094;33470;23315;14990;142115;37900;36772;33164;20126;8789;136751;1982;12
13;Bouches-du-Rhône;499900;517936;402444;207046;97371;1724697;243538;257964;201523;114239;64753;882017;256362;259972;200921;92807;32618;842680;1982;13
14;Calvados;194370;180801;123611;61239;29241;589262;95020;89772;63459;34708;20180;303139;99350;91029;60152;26531;9061;286123;1982;14
15;Cantal;46331;42904;37845;23830;12259;163169;22709;20183;18666;12884;7844;82286;23622;22721;19179;10946;4415;80883;1982;15
16;Charente;97539;93256;78481;46061;25682;341019;47721;46047;39556;24963;16603;174890;49818;47209;38925;21098;9079;166129;1982;16
17;Charente-Maritime;148707;138308;115973;72722;37596;513306;72292;68091;59213;39202;23924;262722;76415;70217;56760;33520;13672;250584;1982;17
18;Cher;90730;88400;72156;44304;24388;319978;44373;42703;35774;24256;15637;162743;46357;45697;36382;20048;8751;157235;1982;18
19;Corrèze;60753;62369;57872;39428;21399;241821;29520;30186;29494;21377;13619;124196;31233;32183;28378;18051;7780;117625;1982;19
21;Côte-d'Or;147565;145452;100895;51757;27945;473614;72737;72301;50680;28357;18218;242293;74828;73151;50215;23400;9727;231321;1982;21
22;Côtes-d'Armor;161780;140394;123813;77405;35555;538947;78564;67819;62885;43519;24430;277217;83216;72575;60928;33886;11125;261730;1982;22
23;Creuse;32507;32259;34101;24966;16183;140016;15759;15127;16940;13364;10260;71450;16748;17132;17161;11602;5923;68566;1982;23
24;Dordogne;96399;94639;91737;62099;32648;377522;46794;46435;46764;32948;20878;193819;49605;48204;44973;29151;11770;183703;1982;24
25;Doubs;159836;149294;102341;45171;20613;477255;78580;73130;50637;25175;13648;241170;81256;76164;51704;19996;6965;236085;1982;25
26;Drôme;118769;111446;87928;46867;24178;389188;57709;55037;44073;25672;15752;198243;61060;56409;43855;21195;8426;190945;1982;26
27;Eure;153152;139834;97026;48034;23735;461781;74613;68627;47822;26316;15618;232996;78539;71207;49204;21718;8117;228785;1982;27
28;Eure-et-Loir;116055;106897;76421;41675;21503;362551;56446;52302;37687;22319;13501;182255;59609;54595;38734;19356;8002;180296;1982;28
29;Finistère;248776;227191;188655;113025;51104;828751;121172;108887;96996;64586;34308;425949;127604;118304;91659;48439;16796;402802;1982;29
30;Gard;147901;149432;123750;71696;36782;529561;71771;73611;63057;38671;24270;271380;76130;75821;60693;33025;12512;258181;1982;30
31;Haute-Garonne;229662;261687;186524;97159;48797;823829;112510;130920;95288;52885;31534;423137;117152;130767;91236;44274;17263;400692;1982;31
32;Gers;44084;43978;43686;27353;15354;174455;21256;21376;21582;14090;9453;87757;22828;22602;22104;13263;5901;86698;1982;32
33;Gironde;323185;342624;249818;137521;74786;1127934;158305;171978;128178;76470;50495;585426;164880;170646;121640;61051;24291;542508;1982;33
34;Hérault;195190;205945;156682;96944;49844;704605;95541;103714;81163;52684;32254;365356;99649;102231;75519;44260;17590;339249;1982;34
35;Ille-et-Vilaine;244528;224898;161120;82606;36615;749767;120072;111888;82278;46788;25659;386685;124456;113010;78842;35818;10956;363082;1982;35
36;Indre;65903;62789;56269;36912;21521;243394;32214;30095;28313;19798;13556;123976;33689;32694;27956;17114;7965;119418;1982;36
37;Indre-et-Loire;155572;148546;108460;60480;32670;505728;76799;74282;54856;32888;21178;260003;78773;74264;53604;27592;11492;245725;1982;37
38;Isère;295489;294565;207696;92656;45472;935878;144026;144553;102921;51260;30705;473465;151463;150012;104775;41396;14767;462413;1982;38
39;Jura;74665;66670;54322;31279;16219;243155;36330;32395;27316;17058;10408;123507;38335;34275;27006;14221;5811;119648;1982;39
40;Landes;81230;78702;71075;42859;23465;297331;39279;38480;35913;23240;15329;152241;41951;40222;35162;19619;8136;145090;1982;40
41;Loir-et-Cher;86704;80650;65013;40681;23199;296247;42293;39368;32516;21932;14661;150770;44411;41282;32497;18749;8538;145477;1982;41
42;Loire;225885;209250;171585;88064;45409;740193;110700;103364;86990;49380;31153;381587;115185;105886;84595;38684;14256;358606;1982;42
43;Haute-Loire;58206;54135;48461;28905;16658;206365;28239;25812;24184;15968;10921;105124;29967;28323;24277;12937;5737;101241;1982;43
44;Loire-Atlantique;328696;296324;214822;104163;50263;994268;160635;147388;110299;59191;35106;512619;168061;148936;104523;44972;15157;481649;1982;44
45;Loiret;164917;162041;114823;61309;32136;535226;80997;79805;57352;33196;20239;271589;83920;82236;57471;28113;11897;263637;1982;45
46;Lot;39260;39364;37012;25284;13627;154547;19114;19139;18722;13442;8679;79096;20146;20225;18290;11842;4948;75451;1982;46
47;Lot-et-Garonne;81191;78241;71643;44378;22853;298306;39678;38801;36450;23475;14539;152943;41513;39440;35193;20903;8314;145363;1982;47
48;Lozère;20402;20085;16529;11093;6331;74440;9903;9351;7952;5925;4009;37140;10499;10734;8577;5168;2322;37300;1982;48
49;Maine-et-Loire;234024;195021;137288;70183;37908;674424;114461;96624;70214;38945;25042;345286;119563;98397;67074;31238;12866;329138;1982;49
50;Manche;147443;126131;106355;59485;26483;465897;71976;60572;53993;33292;18706;238539;75467;65559;52362;26193;7777;227358;1982;50
51;Marne;177624;171566;112840;53579;27828;543437;86891;84440;56185;30087;18262;275865;90733;87126;56655;23492;9566;267572;1982;51
52;Haute-Marne;68491;59813;45673;24390;12419;210786;33183;28585;22539;13263;8123;105693;35308;31228;23134;11127;4296;105093;1982;52
53;Mayenne;89516;74832;59491;32193;15696;271728;43559;36760;30232;17987;10698;139236;45957;38072;29259;14206;4998;132492;1982;53
54;Meurthe-et-Moselle;225789;222798;161810;72027;35032;717456;110538;108782;81332;41023;23648;365323;115251;114016;80478;31004;11384;352133;1982;54
55;Meuse;63555;56222;44439;23620;12643;200479;30588;26962;22205;13164;8349;101268;32967;29260;22234;10456;4294;99211;1982;55
56;Morbihan;187888;162406;133135;75485;32073;590987;91050;78171;67788;42704;21906;301619;96838;84235;65347;32781;10167;289368;1982;56
57;Moselle;328448;311086;234747;94683;38779;1007743;160121;151123;115346;53094;25745;505429;168327;159963;119401;41589;13034;502314;1982;57
58;Nièvre;64665;61960;54755;36664;21978;240022;31386;29921;27444;20041;14162;122954;33279;32039;27311;16623;7816;117068;1982;58
59;Nord;861685;757844;533077;246858;121533;2520997;421081;373336;270076;142767;82792;1290052;440604;384508;263001;104091;38741;1230945;1982;59
60;Oise;224476;207700;137112;59980;31610;660878;109248;101188;66319;32857;20786;330398;115228;106512;70793;27123;10824;330480;1982;60
61;Orne;94544;81022;66196;35836;17966;295564;46078;39448;33489;19743;12175;150933;48466;41574;32707;16093;5791;144631;1982;61
62;Pas-de-Calais;479665;404861;306464;153417;68047;1412454;234532;197654;157650;88774;46254;724864;245133;207207;148814;64643;21793;687590;1982;62
63;Puy-de-Dôme;172560;180494;137182;69136;35491;594863;84217;88095;68686;38218;23736;302952;88343;92399;68496;30918;11755;291911;1982;63
64;Pyrénées-Atlantiques;155079;151562;130793;76889;41040;555363;75833;75409;66675;42498;27147;287562;79246;76153;64118;34391;13893;267801;1982;64
65;Hautes-Pyrénées;60289;61732;56395;32892;16549;227857;29313;30489;28743;17715;10868;117128;30976;31243;27652;15177;5681;110729;1982;65
66;Pyrénées-Orientales;88275;83507;79850;56196;26348;334176;42862;42210;41688;30148;16453;173361;45413;41297;38162;26048;9895;160815;1982;66
67;Bas-Rhin;279371;288914;203192;96791;47291;915559;137023;140369;102414;57339;31623;468768;142348;148545;100778;39452;15668;446791;1982;67
68;Haut-Rhin;200437;201017;149516;65617;33889;650476;97867;97359;74497;38719;23272;331714;102570;103658;75019;26898;10617;318762;1982;68
69;Rhône;442087;453502;330605;146196;74173;1446563;216843;226819;165674;83982;51047;744365;225244;226683;164931;62214;23126;702198;1982;69
70;Haute-Saône;74802;64767;49345;28228;14925;232067;36192;31239;24403;15648;9763;117245;38610;33528;24942;12580;5162;114822;1982;70
71;Saône-et-Loire;170818;154711;131410;74231;41255;572425;83138;75358;65688;40852;26859;291895;87680;79353;65722;33379;14396;280530;1982;71
72;Sarthe;163437;142547;108356;59621;31039;505000;79337;70133;54905;32732;20456;257563;84100;72414;53451;26889;10583;247437;1982;72
73;Savoie;97182;98445;73584;36348;17895;323454;47289;47895;36469;19965;11769;163387;49893;50550;37115;16383;6126;160067;1982;73
74;Haute-Savoie;154499;160223;108736;48112;21819;493389;75103;79119;53726;26729;14372;249049;79396;81104;55010;21383;7447;244340;1982;74
75;Paris;432775;776757;512580;290419;167790;2180321;215234;392711;268605;178924;116831;1172305;217541;384046;243975;111495;50959;1008016;1982;75
76;Seine-Maritime;386968;366881;255434;124802;60282;1194367;189488;180676;129392;70266;40903;610725;197480;186205;126042;54536;19379;583642;1982;76
77;Seine-et-Marne;295898;282607;187336;76915;42325;885081;144298;141010;91309;42541;27753;446911;151600;141597;96027;34374;14572;438170;1982;77
78;Yvelines;395164;390768;278127;85727;44818;1194604;192480;195612;135673;47960;30780;602505;202684;195156;142454;37767;14038;592099;1982;78
79;Deux-Sèvres;106341;92836;76365;43807;23628;342977;51513;45461;38132;23306;14617;173029;54828;47375;38233;20501;9011;169948;1982;79
80;Somme;179555;159295;113372;60642;31913;544777;88125;78435;57238;33514;20651;277963;91430;80860;56134;27128;11262;266814;1982;80
81;Tarn;92151;88439;83148;48210;27529;339477;44465;43842;42323;25853;17442;173925;47686;44597;40825;22357;10087;165552;1982;81
82;Tarn-et-Garonne;52454;50743;44706;28024;14624;190551;25574;24741;22770;14868;9205;97158;26880;26002;21936;13156;5419;93393;1982;82
83;Var;187648;195518;167088;108698;48570;707522;90502;95962;85078;59021;31661;362224;97146;99556;82010;49677;16909;345298;1982;83
84;Vaucluse;125635;124599;97937;53111;25602;426884;61025;60976;49362;29060;16499;216922;64610;63623;48575;24051;9103;209962;1982;84
85;Vendée;155864;132593;104036;60119;29908;482520;75747;64447;52509;32702;19588;244993;80117;68146;51527;27417;10320;237527;1982;85
86;Vienne;110620;106939;79983;47457;26413;371412;54356;52524;40154;25278;16678;188990;56264;54415;39829;22179;9735;182422;1982;86
87;Haute-Vienne;90131;98957;83434;52634;30532;355688;44227;49035;42378;28645;19608;183893;45904;49922;41056;23989;10924;171795;1982;87
88;Vosges;126573;112129;87011;46629;24191;396533;61730;54302;43894;26636;16479;203041;64843;57827;43117;19993;7712;193492;1982;88
89;Yonne;90309;83477;66499;44400;26317;311002;43781;40198;32902;24016;16508;157405;46528;43279;33597;20384;9809;153597;1982;89
90;Territoire de Belfort;41766;40755;29755;13047;6819;132142;20219;19664;14705;7431;4616;66635;21547;21091;15050;5616;2203;65507;1982;90
91;Essonne;325922;324470;228896;69742;38341;987371;158772;161365;111573;38882;26140;496732;167150;163105;117323;30860;12201;490639;1982;91
92;Hauts-de-Seine;356087;464381;348696;144293;75946;1389403;175230;231779;174627;84193;52645;718474;180857;232602;174069;60100;23301;670929;1982;92
93;Seine-Saint-Denis;410048;439693;312181;109291;53630;1324843;200549;216690;152890;62736;36828;669693;209499;223003;159291;46555;16802;655150;1982;93
94;Val-de-Marne;341059;394427;288108;109912;59883;1193389;167148;196200;145421;63226;41728;613723;173911;198227;142687;46686;18155;579666;1982;94
95;Val-d'Oise;304335;303686;207911;67477;36195;919604;148371;151705;102219;37859;24896;465050;155964;151981;105692;29618;11299;454554;1982;95
2A;Corse-du-Sud;28368;30843;26090;15980;7322;108603;14049;14248;12683;8601;4965;54546;14319;16595;13407;7379;2357;54057;1982;201
2B;Haute-Corse;33674;38590;31948;18382;8978;131572;16445;16745;15044;9954;5789;63977;17229;21845;16904;8428;3189;67595;1982;202
01;Ain;128770;122608;91120;44789;23311;410598;62692;59310;44284;24288;15202;205776;66078;63298;46836;20501;8109;204822;1981;1
02;Aisne;175976;151539;118795;57354;30308;533972;85525;73515;59390;32020;19560;270010;90451;78024;59405;25334;10748;263962;1981;2
03;Allier;101086;94606;90598;54388;30615;371293;49343;46346;45863;29799;19768;191119;51743;48260;44735;24589;10847;180174;1981;3
04;Alpes-de-Haute-Provence;32404;31784;28321;16707;8625;117841;15547;15433;13939;8767;5433;59119;16857;16351;14382;7940;3192;58722;1981;4
05;Hautes-Alpes;29213;30451;23946;13615;6714;103939;14028;14753;11712;7190;4269;51952;15185;15698;12234;6425;2445;51987;1981;5
06;Alpes-Maritimes;201267;228128;211611;147619;81470;870095;98655;115320;110926;84713;52626;462240;102612;112808;100685;62906;28844;407855;1981;6
07;Ardèche;76755;70717;62547;36080;19952;266051;37261;34294;30929;19837;13234;135555;39494;36423;31618;16243;6718;130496;1981;7
08;Ardennes;103188;84416;68286;31394;16191;303475;50358;40623;33900;17416;10575;152872;52830;43793;34386;13978;5616;150603;1981;8
09;Ariège;33660;33026;33388;22634;13283;135991;16368;15773;16836;11843;8155;68975;17292;17253;16552;10791;5128;67016;1981;9
10;Aube;88680;83525;63424;33899;19143;288671;43031;40618;31861;18690;12362;146562;45649;42907;31563;15209;6781;142109;1981;10
11;Aude;71722;69369;67930;44722;25448;279191;34340;33637;34874;23972;15847;142670;37382;35732;33056;20750;9601;136521;1981;11
12;Aveyron;74771;69667;67909;43126;23256;278729;36487;33611;34061;23194;14712;142065;38284;36056;33848;19932;8544;136664;1981;12
13;Bouches-du-Rhône;499296;508580;404431;202342;95545;1710194;243290;252882;202736;111903;63639;874450;256006;255698;201695;90439;31906;835744;1981;13
14;Calvados;195638;175961;125053;59736;28450;584838;95780;87250;64123;34006;19703;300862;99858;88711;60930;25730;8747;283976;1981;14
15;Cantal;47030;42114;38837;23565;12060;163606;22986;19850;19155;12754;7739;82484;24044;22264;19682;10811;4321;81122;1981;15
16;Charente;98394;91545;80037;45394;25099;340469;48121;45261;40253;24707;16265;174607;50273;46284;39784;20687;8834;165862;1981;16
17;Charente-Maritime;149720;135284;118114;71066;36668;510852;72831;66566;60293;38301;23491;261482;76889;68718;57821;32765;13177;249370;1981;17
18;Cher;91503;86634;73215;43976;23911;319239;44813;41756;36345;24096;15391;162401;46690;44878;36870;19880;8520;156838;1981;18
19;Corrèze;61309;61182;59417;38817;20942;241667;29784;29634;30273;21018;13378;124087;31525;31548;29144;17799;7564;117580;1981;19
21;Côte-d'Or;148589;142149;101981;50785;27341;470845;73341;70386;51277;27808;17919;240731;75248;71763;50704;22977;9422;230114;1981;21
22;Côtes-d'Armor;162659;136949;126579;75974;34547;536708;78952;66180;64292;42864;23855;276143;83707;70769;62287;33110;10692;260565;1981;22
23;Creuse;33122;31544;35409;25043;15909;141027;16047;14815;17547;13461;10129;71999;17075;16729;17862;11582;5780;69028;1981;23
24;Dordogne;97183;92625;93920;61288;31669;376685;47237;45461;47778;32580;20357;193413;49946;47164;46142;28708;11312;183272;1981;24
25;Doubs;161506;147209;103046;44304;20080;476145;79440;71752;51097;24726;13331;240346;82066;75457;51949;19578;6749;235799;1981;25
26;Drôme;118126;109156;87969;45826;23580;384657;57387;53841;44198;25152;15394;195972;60739;55315;43771;20674;8186;188685;1981;26
27;Eure;152356;135571;97451;47130;23126;455634;74307;66479;48079;25841;15271;229977;78049;69092;49372;21289;7855;225657;1981;27
28;Eure-et-Loir;115289;104230;76747;40946;20832;358044;56015;50937;37826;21959;13119;179856;59274;53293;38921;18987;7713;178188;1981;28
29;Finistère;249875;220303;192875;111837;49681;824571;121830;105774;99192;64027;33429;424252;128045;114529;93683;47810;16252;400319;1981;29
30;Gard;147501;145312;124931;69904;36012;523660;71600;71581;63668;37775;23829;268453;75901;73731;61263;32129;12183;255207;1981;30
31;Haute-Garonne;230865;254806;188231;94916;47517;816335;113102;127384;96372;51775;30742;419375;117763;127422;91859;43141;16775;396960;1981;31
32;Gers;44741;43168;44581;27212;14892;174594;21605;20980;21976;14068;9185;87814;23136;22188;22605;13144;5707;86780;1981;32
33;Gironde;322890;332877;253659;134354;73448;1117228;158391;166976;130306;74970;49694;580337;164499;165901;123353;59384;23754;536891;1981;33
34;Hérault;194488;199322;158375;94562;48707;695454;95372;100177;82126;51555;31586;360816;99116;99145;76249;43007;17121;334638;1981;34
35;Ille-et-Vilaine;244822;218058;163240;80771;35626;742517;120287;108569;83463;45946;25058;383323;124535;109489;79777;34825;10568;359194;1981;35
36;Indre;66858;61920;57619;36673;21090;244160;32648;29649;29061;19625;13338;124321;34210;32271;28558;17048;7752;119839;1981;36
37;Indre-et-Loire;156123;144959;109144;59327;31868;501421;77086;72391;55258;32285;20735;257755;79037;72568;53886;27042;11133;243666;1981;37
38;Isère;293846;288109;207044;90326;44303;923628;143191;141325;102584;50289;29893;467282;150655;146784;104460;40037;14410;456346;1981;38
39;Jura;75197;65567;55139;30749;15870;242522;36612;31777;27791;16757;10228;123165;38585;33790;27348;13992;5642;119357;1981;39
40;Landes;81821;76986;72088;42146;22879;295920;39642;37711;36318;22915;15010;151596;42179;39275;35770;19231;7869;144324;1981;40
41;Loir-et-Cher;87009;78847;65746;40002;22690;294294;42481;38430;32864;21598;14434;149807;44528;40417;32882;18404;8256;144487;1981;41
42;Loire;227665;206843;174459;86788;44617;740372;111490;102019;88464;48874;30640;381487;116175;104824;85995;37914;13977;358885;1981;42
43;Haute-Loire;58516;53058;49451;28557;16476;206058;28440;25304;24701;15833;10800;105078;30076;27754;24750;12724;5676;100980;1981;43
44;Loire-Atlantique;329121;287843;217741;101064;49261;985030;160728;143447;111806;57650;34581;508212;168393;144396;105935;43414;14680;476818;1981;44
45;Loiret;163459;157763;115126;60053;31320;527721;80224;77531;57591;32524;19839;267709;83235;80232;57535;27529;11481;260012;1981;45
46;Lot;39601;38433;37743;24858;13271;153906;19275;18721;19096;13261;8454;78807;20326;19712;18647;11597;4817;75099;1981;46
47;Lot-et-Garonne;81597;77111;72636;43665;22308;297317;39899;38272;36937;23119;14227;152454;41698;38839;35699;20546;8081;144863;1981;47
48;Lozère;20561;19679;16929;11037;6261;74467;9996;9158;8189;5885;3967;37195;10565;10521;8740;5152;2294;37272;1981;48
49;Maine-et-Loire;233484;189367;138678;68897;37024;667450;114363;93840;70964;38352;24514;342033;119121;95527;67714;30545;12510;325417;1981;49
50;Manche;148231;122588;108876;58158;25770;463623;72431;59077;55344;32694;18342;237888;75800;63511;53532;25464;7428;225735;1981;50
51;Marne;178632;168131;114249;52787;27173;540972;87437;82604;56906;29723;17856;274526;91195;85527;57343;23064;9317;266446;1981;51
52;Haute-Marne;69251;58757;46592;24015;12216;210831;33577;28043;23050;13077;7986;105733;35674;30714;23542;10938;4230;105098;1981;52
53;Mayenne;89615;72982;60561;31798;15201;270157;43662;35926;30782;17790;10451;138611;45953;37056;29779;14008;4750;131546;1981;53
54;Meurthe-et-Moselle;229157;218340;164799;70938;34204;717438;112221;106423;82858;40425;23113;365040;116936;111917;81941;30513;11091;352398;1981;54
55;Meuse;64214;55217;45643;23361;12420;200855;30946;26479;22749;13071;8211;101456;33268;28738;22894;10290;4209;99399;1981;55
56;Morbihan;188379;157447;135980;73854;31080;586740;91318;75856;69227;41942;21278;299621;97061;81591;66753;31912;9802;287119;1981;56
57;Moselle;333350;305997;236766;92398;37723;1006234;162472;148296;116560;51850;24981;504159;170878;157701;120206;40548;12742;502075;1981;57
58;Nièvre;65648;60937;56159;36400;21668;240812;31869;29453;28132;19928;13970;123352;33779;31484;28027;16472;7698;117460;1981;58
59;Nord;866491;738773;549158;241623;119498;2515543;423917;363197;278475;140287;81269;1287145;442574;375576;270683;101336;38229;1228398;1981;59
60;Oise;223095;201950;137079;58838;30990;651952;108568;98007;66468;32317;20387;325747;114527;103943;70611;26521;10603;326205;1981;60
61;Orne;95398;79540;67623;35051;17536;295148;46572;38697;34182;19427;11946;150824;48826;40843;33441;15624;5590;144324;1981;61
62;Pas-de-Calais;482587;393989;315421;150814;66574;1409385;236022;192487;162095;87478;45279;723361;246565;201502;153326;63336;21295;686024;1981;62
63;Puy-de-Dôme;173757;176703;139432;67781;34850;592523;84933;86091;69885;37490;23386;301785;88824;90612;69547;30291;11464;290738;1981;63
64;Pyrénées-Atlantiques;156431;147796;132057;75888;39924;552096;76644;73543;67266;42021;26443;285917;79787;74253;64791;33867;13481;266179;1981;64
65;Hautes-Pyrénées;61051;60506;57151;32693;16149;227550;29691;29904;29100;17632;10637;116964;31360;30602;28051;15061;5512;110586;1981;65
66;Pyrénées-Orientales;87325;80324;80396;55001;25473;328519;42412;40681;41925;29500;15963;170481;44913;39643;38471;25501;9510;158038;1981;66
67;Bas-Rhin;281634;283205;203017;96057;45818;909731;138293;137169;102948;56805;30621;465836;143341;146036;100069;39252;15197;443895;1981;67
68;Haut-Rhin;201873;197917;149916;64904;33088;647698;98638;95487;75063;38408;22688;330284;103235;102430;74853;26496;10400;317414;1981;68
69;Rhône;445194;448108;332680;143676;72529;1442187;218582;223223;167111;82890;49900;741706;226612;224885;165569;60786;22629;700481;1981;69
70;Haute-Saône;74697;63154;49977;28000;14657;230485;36138;30409;24752;15568;9605;116472;38559;32745;25225;12432;5052;114013;1981;70
71;Saône-et-Loire;171997;152210;133717;73523;40342;571789;83665;74096;66945;40501;26316;291523;88332;78114;66772;33022;14026;280266;1981;71
72;Sarthe;164689;139379;109544;58805;30247;502664;79982;68650;55606;32268;20074;256580;84707;70729;53938;26537;10173;246084;1981;72
73;Savoie;97485;96180;73913;35539;17413;320530;47485;46794;36655;19480;11474;161888;50000;49386;37258;16059;5939;158642;1981;73
74;Haute-Savoie;153414;156986;107726;46793;21081;486000;74681;77281;53336;25986;13914;245198;78733;79705;54390;20807;7167;240802;1981;74
75;Paris;435204;773266;524120;296262;166476;2195328;216337;389277;276598;182381;116066;1180659;218867;383989;247522;113881;50410;1014669;1981;75
76;Seine-Maritime;389419;359178;259376;123012;58800;1189785;190643;176669;131508;69438;39964;608222;198776;182509;127868;53574;18836;581563;1981;76
77;Seine-et-Marne;290440;272060;184800;75452;41147;863899;141839;135331;90134;41796;26994;436094;148601;136729;94666;33656;14153;427805;1981;77
78;Yvelines;392389;382279;275406;82977;43722;1176773;191107;190846;134565;46516;30050;593084;201282;191433;140841;36461;13672;583689;1981;78
79;Deux-Sèvres;107114;90978;77466;43186;23158;341902;51858;44583;38732;22963;14409;172545;55256;46395;38734;20223;8749;169357;1981;79
80;Somme;181005;155556;115409;60099;31417;543486;88838;76522;58235;33388;20318;277301;92167;79034;57174;26711;11099;266185;1981;80
81;Tarn;93001;87010;84888;47561;26859;339319;44878;43202;43160;25555;17078;173873;48123;43808;41728;22006;9781;165446;1981;81
82;Tarn-et-Garonne;52778;49429;45445;27526;14220;189398;25693;24169;23137;14673;8953;96625;27085;25260;22308;12853;5267;92773;1981;82
83;Var;185470;190296;166368;105798;46606;694538;89512;93062;84837;57388;30546;355345;95958;97234;81531;48410;16060;339193;1981;83
84;Vaucluse;124889;121752;97865;51918;24743;421167;60706;59499;49346;28400;16041;213992;64183;62253;48519;23518;8702;207175;1981;84
85;Vendée;155745;128574;105225;58821;29183;477548;75792;62538;53080;32107;19187;242704;79953;66036;52145;26714;9996;234844;1981;85
86;Vienne;111565;103896;81236;46862;25678;369237;54823;51048;40747;25036;16246;187900;56742;52848;40489;21826;9432;181337;1981;86
87;Haute-Vienne;90822;96837;85309;52390;29792;355150;44566;47946;43358;28544;19210;183624;46256;48891;41951;23846;10582;171526;1981;87
88;Vosges;127498;109945;88996;46443;23581;396463;62144;53170;44952;26632;16090;202988;65354;56775;44044;19811;7491;193475;1981;88
89;Yonne;90256;81615;67325;44090;25809;309095;43775;39226;33274;23918;16209;156402;46481;42389;34051;20172;9600;152693;1981;89
90;Territoire de Belfort;41913;39961;29984;12966;6632;131456;20264;19232;14825;7402;4509;66232;21649;20729;15159;5564;2123;65224;1981;90
91;Essonne;327433;318377;226614;67368;37493;977285;159573;158291;110595;37582;25566;491607;167860;160086;116019;29786;11927;485678;1981;91
92;Hauts-de-Seine;360362;461478;355383;143183;74280;1394686;177517;229082;178793;83429;51619;720440;182845;232396;176590;59754;22661;674246;1981;92
93;Seine-Saint-Denis;411102;434041;316462;107441;52769;1321815;201027;213021;155359;61657;36246;667310;210075;221020;161103;45784;16523;654505;1981;93
94;Val-de-Marne;344584;391743;292032;108018;58928;1195305;168935;194610;147639;62178;41119;614481;175649;197133;144393;45840;17809;580824;1981;94
95;Val-d'Oise;302302;295852;207285;65746;35392;906577;147489;147471;102101;36980;24282;458323;154813;148381;105184;28766;11110;448254;1981;95
2A;Corse-du-Sud;28008;30417;25995;15751;7217;107388;13860;13874;12624;8446;4891;53695;14148;16543;13371;7305;2326;53693;1981;201
2B;Haute-Corse;33572;37664;32176;18124;8951;130487;16239;16168;15124;9827;5757;63115;17333;21496;17052;8297;3194;67372;1981;202
01;Ain;127107;119195;91301;43861;22675;404139;61890;57343;44403;23901;14804;202341;65217;61852;46898;19960;7871;201798;1980;1
02;Aisne;177074;149106;121068;56158;29795;533201;86112;72331;60449;31396;19237;269525;90962;76775;60619;24762;10558;263676;1980;2
03;Allier;102295;93292;92533;54118;30014;372252;49959;45670;46808;29660;19495;191592;52336;47622;45725;24458;10519;180660;1980;3
04;Alpes-de-Haute-Provence;32507;31054;28492;16363;8354;116770;15590;15067;14041;8579;5277;58554;16917;15987;14451;7784;3077;58216;1980;4
05;Hautes-Alpes;29168;29543;24231;13235;6561;102738;14018;14316;11864;6945;4201;51344;15150;15227;12367;6290;2360;51394;1980;5
06;Alpes-Maritimes;200174;223880;212318;144697;79025;860094;98186;112793;111419;83179;51082;456659;101988;111087;100899;61518;27943;403435;1980;6
07;Ardèche;76695;69228;63361;35549;19493;264326;37188;33608;31355;19626;12951;134728;39507;35620;32006;15923;6542;129598;1980;7
08;Ardennes;104521;83526;69332;30996;15897;304272;50983;40082;34433;17190;10403;153091;53538;43444;34899;13806;5494;151181;1980;8
09;Ariège;33970;32332;34320;22448;13083;136153;16526;15440;17250;11778;8059;69053;17444;16892;17070;10670;5024;67100;1980;9
10;Aube;89153;82333;64089;33588;18704;287867;43286;39957;32242;18555;12094;146134;45867;42376;31847;15033;6610;141733;1980;10
11;Aude;71819;67271;69910;43976;24776;277752;34362;32714;35896;23654;15449;142075;37457;34557;34014;20322;9327;135677;1980;11
12;Aveyron;75287;68327;69320;42968;22563;278465;36754;33042;34746;23074;14368;141984;38533;35285;34574;19894;8195;136481;1980;12
13;Bouches-du-Rhône;497615;500449;407460;196895;93021;1695440;242553;247951;204559;109216;62116;866395;255062;252498;202901;87679;30905;829045;1980;13
14;Calvados;195976;172080;126718;57843;27549;580166;95914;85308;64971;33003;19181;298377;100062;86772;61747;24840;8368;281789;1980;14
15;Cantal;47733;41499;39728;23441;11742;164143;23279;19624;19574;12682;7584;82743;24454;21875;20154;10759;4158;81400;1980;15
16;Charente;99206;89756;81531;44937;24314;339744;48554;44304;41043;24459;15814;174174;50652;45452;40488;20478;8500;165570;1980;16
17;Charente-Maritime;150623;132449;120328;69318;35610;508328;73363;65183;61324;37374;22961;260205;77260;67266;59004;31944;12649;248123;1980;17
18;Cher;92154;85198;74095;43632;23463;318542;45147;40989;36771;23907;15138;161952;47007;44209;37324;19725;8325;156590;1980;18
19;Corrèze;61747;59930;60901;38387;20403;241368;29937;29071;30960;20810;13080;123858;31810;30859;29941;17577;7323;117510;1980;19
21;Côte-d'Or;149319;139454;102702;49846;26677;467998;73716;68778;51671;27291;17560;239016;75603;70676;51031;22555;9117;228982;1980;21
22;Côtes-d'Armor;163488;134355;129212;74309;33369;534733;79335;64978;65602;42072;23192;275179;84153;69377;63610;32237;10177;259554;1980;22
23;Creuse;33655;31040;36328;25268;15542;141833;16386;14564;17971;13616;9949;72486;17269;16476;18357;11652;5593;69347;1980;23
24;Dordogne;97958;90808;95998;60329;30810;375903;47566;44608;48725;32105;19931;192935;50392;46200;47273;28224;10879;182968;1980;24
25;Doubs;162761;146091;103160;43387;19494;474893;80107;70826;51282;24245;12969;239429;82654;75265;51878;19142;6525;235464;1980;25
26;Drôme;117280;106757;88427;44767;22941;380172;57021;52607;44489;24570;15028;193715;60259;54150;43938;20197;7913;186457;1980;26
27;Eure;151295;131805;97658;46035;22480;449273;73979;64383;48242;25292;14897;226793;77316;67422;49416;20743;7583;222480;1980;27
28;Eure-et-Loir;114680;101919;76970;40085;20215;353869;55675;49670;37965;21517;12762;177589;59005;52249;39005;18568;7453;176280;1980;28
29;Finistère;250884;214856;196665;109893;48141;820439;122341;103463;101129;62983;32536;422452;128543;111393;95536;46910;15605;397987;1980;29
30;Gard;146958;141160;126858;67893;35058;517927;71448;69529;64519;36847;23262;265605;75510;71631;62339;31046;11796;252322;1980;30
31;Haute-Garonne;231991;248053;190306;92618;46199;809167;113689;123960;97391;50657;30009;415706;118302;124093;92915;41961;16190;393461;1980;31
32;Gers;45372;42429;45464;26954;14496;174715;21952;20649;22396;13925;8972;87894;23420;21780;23068;13029;5524;86821;1980;32
33;Gironde;321801;323798;257986;130974;71955;1106514;157982;162288;132569;73379;48813;575031;163819;161510;125417;57595;23142;531483;1980;33
34;Hérault;193751;193059;160603;91713;47507;686633;95094;96864;83281;50206;30892;356337;98657;96195;77322;41507;16615;330296;1980;34
35;Ille-et-Vilaine;244076;212217;165420;78563;34502;734778;119842;105743;84606;44895;24403;379489;124234;106474;80814;33668;10099;355289;1980;35
36;Indre;67983;61055;58821;36512;20647;245018;33200;29244;29538;19571;13121;124674;34783;31811;29283;16941;7526;120344;1980;36
37;Indre-et-Loire;156367;141854;110024;57950;31005;497200;77188;70734;55777;31536;20260;255495;79179;71120;54247;26414;10745;241705;1980;37
38;Isère;292199;281449;206904;88195;43135;911882;142418;137820;102525;49410;29087;461260;149781;143629;104379;38785;14048;450622;1980;38
39;Jura;75449;64629;55875;30257;15492;241702;36765;31261;28108;16526;10024;122684;38684;33368;27767;13731;5468;119018;1980;39
40;Landes;82421;75206;73088;41670;22132;294517;40005;36846;36743;22740;14571;150905;42416;38360;36345;18930;7561;143612;1980;40
41;Loir-et-Cher;87523;77071;66531;39308;22064;292497;42613;37601;33252;21249;14096;148811;44910;39470;33279;18059;7968;143686;1980;41
42;Loire;229031;204742;177052;85719;43644;740188;112216;100680;89729;48487;30044;381156;116815;104062;87323;37232;13600;359032;1980;42
43;Haute-Loire;58878;52092;50167;28481;16222;205840;28633;24842;25093;15790;10685;105043;30245;27250;25074;12691;5537;100797;1980;43
44;Loire-Atlantique;328836;280721;220204;98211;47952;975924;160464;140069;113250;56120;33839;503742;168372;140652;106954;42091;14113;472182;1980;44
45;Loiret;162285;153863;115334;58681;30461;520624;79582;75466;57760;31727;19419;263954;82703;78397;57574;26954;11042;256670;1980;45
46;Lot;39853;37557;38399;24542;12886;153237;19398;18342;19381;13123;8253;78497;20455;19215;19018;11419;4633;74740;1980;46
47;Lot-et-Garonne;81983;75857;73922;42808;21807;296377;40121;37614;37548;22714;13980;151977;41862;38243;36374;20094;7827;144400;1980;47
48;Lozère;20707;19321;17263;11063;6109;74463;10081;8983;8366;5918;3880;37228;10626;10338;8897;5145;2229;37235;1980;48
49;Maine-et-Loire;232373;184558;139978;67347;36084;660340;114027;91514;71649;37518;23989;338697;118346;93044;68329;29829;12095;321643;1980;49
50;Manche;149144;119515;111178;56770;24807;461414;72836;57784;56478;32124;17779;237001;76308;61731;54700;24646;7028;224413;1980;50
51;Marne;179583;165301;115266;51790;26582;538522;87935;80972;57520;29159;17497;273083;91648;84329;57746;22631;9085;265439;1980;51
52;Haute-Marne;70061;57979;47259;23709;11968;210976;33993;27603;23412;12904;7871;105783;36068;30376;23847;10805;4097;105193;1980;52
53;Mayenne;89752;71418;61674;31190;14656;268690;43772;35246;31300;17529;10144;137991;45980;36172;30374;13661;4512;130699;1980;53
54;Meurthe-et-Moselle;232102;216150;166264;69996;33306;717818;113758;105065;83598;39890;22549;364860;118344;111085;82666;30106;10757;352958;1980;54
55;Meuse;65033;54436;46398;23227;12215;201309;31330;26086;23133;13004;8088;101641;33703;28350;23265;10223;4127;99668;1980;55
56;Morbihan;188965;153401;137896;72433;29930;582625;91653;73910;70108;41343;20589;297603;97312;79491;67788;31090;9341;285022;1980;56
57;Moselle;338154;301548;238496;90299;36567;1005064;165059;145594;117549;50664;24188;503054;173095;155954;120947;39635;12379;502010;1980;57
58;Nièvre;66570;60215;57115;36375;21264;241539;32374;29029;28657;19889;13735;123684;34196;31186;28458;16486;7529;117855;1980;58
59;Nord;870968;727122;561078;235383;116952;2511503;426497;356631;284679;137255;79587;1284649;444471;370491;276399;98128;37365;1226854;1980;59
60;Oise;221844;196876;136914;57432;30319;643385;107972;95085;66473;31651;19987;321168;113872;101791;70441;25781;10332;322217;1980;60
61;Orne;96247;78162;68960;34261;17042;294672;46932;38099;34794;19107;11657;150589;49315;40063;34166;15154;5385;144083;1980;61
62;Pas-de-Calais;485884;387179;321497;147834;64896;1407290;237776;189151;165113;85980;44188;722208;248108;198028;156384;61854;20708;685082;1980;62
63;Puy-de-Dôme;174321;173617;141445;66513;34125;590021;85247;84412;70856;36863;23003;300381;89074;89205;70589;29650;11122;289640;1980;63
64;Pyrénées-Atlantiques;157851;144218;133202;75038;38604;548913;77408;71988;67705;41588;25617;284306;80443;72230;65497;33450;12987;264607;1980;64
65;Hautes-Pyrénées;61682;59408;58039;32377;15728;227234;29982;29373;29583;17453;10393;116784;31700;30035;28456;14924;5335;110450;1980;65
66;Pyrénées-Orientales;86268;77363;81328;53601;24523;323083;41831;39314;42299;28804;15394;167642;44437;38049;39029;24797;9129;155441;1980;66
67;Bas-Rhin;283329;276866;204042;95432;44151;903820;139366;133563;104162;56135;29530;462756;143963;143303;99880;39297;14621;441064;1980;67
68;Haut-Rhin;202773;194978;150345;64580;32158;644834;99001;93623;75671;38289;22024;328608;103772;101355;74674;26291;10134;316226;1980;68
69;Rhône;447664;443393;335505;141264;70320;1438146;219709;220095;168491;82053;48519;738867;227955;223298;167014;59211;21801;699279;1980;69
70;Haute-Saône;74444;61869;50425;27740;14345;228823;36060;29640;25049;15437;9452;115638;38384;32229;25376;12303;4893;113185;1980;70
71;Saône-et-Loire;173093;150158;135849;72565;39485;571150;84148;73033;67988;40009;25874;291052;88945;77125;67861;32556;13611;280098;1980;71
72;Sarthe;165870;136562;111160;57522;29386;500500;80567;67310;56429;31687;19625;255618;85303;69252;54731;25835;9761;244882;1980;72
73;Savoie;97505;94088;74443;34567;16926;317529;47567;45607;36937;18940;11203;160254;49938;48481;37506;15627;5723;157275;1980;73
74;Haute-Savoie;152088;154054;106884;45606;20172;478804;73979;75609;53038;25364;13340;241330;78109;78445;53846;20242;6832;237474;1980;74
75;Paris;437432;771100;536946;300864;164814;2211156;217782;386081;285161;185325;115004;1189353;219650;385019;251785;115539;49810;1021803;1980;75
76;Seine-Maritime;391741;353275;263165;120456;57043;1185680;191800;173627;133378;68256;38903;605964;199941;179648;129787;52200;18140;579716;1980;76
77;Seine-et-Marne;285200;262536;182277;73677;39921;843611;139331;130137;89020;40876;26201;425565;145869;132399;93257;32801;13720;418046;1980;77
78;Yvelines;389343;375212;272257;80202;42289;1159303;189587;186757;133218;45090;29153;583805;199756;188455;139039;35112;13136;575498;1980;78
79;Deux-Sèvres;107799;89251;78798;42430;22528;340806;52318;43673;39392;22540;14149;172072;55481;45578;39406;19890;8379;168734;1980;79
80;Somme;182253;152651;117179;59328;30874;542285;89507;75025;59107;32990;20019;276648;92746;77626;58072;26338;10855;265637;1980;80
81;Tarn;93831;85233;86842;46862;26173;338941;45228;42370;44139;25207;16717;173661;48603;42863;42703;21655;9456;165280;1980;81
82;Tarn-et-Garonne;53057;48097;46221;27097;13827;188299;25827;23550;23513;14447;8762;96099;27230;24547;22708;12650;5065;92200;1980;82
83;Var;183176;185150;166581;101882;44906;681695;88498;90154;84927;55379;29532;348490;94678;94996;81654;46503;15374;333205;1980;83
84;Vaucluse;123863;118906;98058;50530;23934;415291;60196;57919;49407;27739;15559;210820;63667;60987;48651;22791;8375;204471;1980;84
85;Vendée;155516;125223;106094;57522;28370;472725;75815;60891;53483;31558;18718;240465;79701;64332;52611;25964;9652;232260;1980;85
86;Vienne;112141;101183;82393;46202;24957;366876;55232;49629;41319;24695;15870;186745;56909;51554;41074;21507;9087;180131;1980;86
87;Haute-Vienne;91368;94836;87097;52046;29110;354457;44828;46918;44144;28446;18852;183188;46540;47918;42953;23600;10258;171269;1980;87
88;Vosges;128392;108607;90139;46295;22908;396341;62567;52383;45642;26623;15638;202853;65825;56224;44497;19672;7270;193488;1980;88
89;Yonne;90182;79984;67948;43810;25206;307130;43788;38302;33578;23760;15908;155336;46394;41682;34370;20050;9298;151794;1980;89
90;Territoire de Belfort;41950;39429;30153;12777;6463;130772;20265;18909;14901;7359;4379;65813;21685;20520;15252;5418;2084;64959;1980;90
91;Essonne;327688;313698;224145;64758;36520;966809;159708;155873;109146;36412;24910;486049;167980;157825;114999;28346;11610;480760;1980;91
92;Hauts-de-Seine;364574;460216;362174;141233;72350;1400547;179552;227449;182558;82514;50380;722453;185022;232767;179616;58719;21970;678094;1980;92
93;Seine-Saint-Denis;412619;429135;320782;105341;51683;1319560;201692;209806;157796;60451;35519;665264;210927;219329;162986;44890;16164;654296;1980;93
94;Val-de-Marne;348616;389275;296288;105289;58062;1197530;171134;192678;150073;60899;40409;615193;177482;196597;146215;44390;17653;582337;1980;94
95;Val-d'Oise;299724;289460;206447;63717;34412;893760;146270;144051;101593;36031;23580;451525;153454;145409;104854;27686;10832;442235;1980;95
2A;Corse-du-Sud;27594;30121;25965;15409;7097;106186;13621;13415;12733;8189;4872;52830;13973;16706;13232;7220;2225;53356;1980;201
2B;Haute-Corse;33388;37420;32053;18014;8672;129547;16075;15656;15290;9648;5625;62294;17313;21764;16763;8366;3047;67253;1980;202
01;Ain;125921;116298;89428;44775;21921;398343;61315;55610;43457;24487;14323;199192;64606;60688;45971;20288;7598;199151;1979;1
02;Aisne;179522;146981;119771;57905;29217;533396;87330;71145;59729;32362;18862;269428;92192;75836;60042;25543;10355;263968;1979;2
03;Allier;103925;92349;92007;55921;29330;373532;50704;45216;46431;30628;19146;192125;53221;47133;45576;25293;10184;181407;1979;3
04;Alpes-de-Haute-Provence;32723;30387;27952;16590;8129;115781;15709;14727;13719;8688;5174;58017;17014;15660;14233;7902;2955;57764;1979;4
05;Hautes-Alpes;29245;28702;23940;13426;6351;101664;14029;13932;11677;7059;4077;50774;15216;14770;12263;6367;2274;50890;1979;5
06;Alpes-Maritimes;199772;219241;208259;147020;76315;850607;97928;109999;109480;84418;49323;451148;101844;109242;98779;62602;26992;399459;1979;6
07;Ardèche;77107;67712;62528;36598;18913;262858;37323;32907;30909;20194;12650;133983;39784;34805;31619;16404;6263;128875;1979;7
08;Ardennes;106238;82836;68674;32023;15581;305352;51829;39606;34101;17693;10223;153452;54409;43230;34573;14330;5358;151900;1979;8
09;Ariège;34478;31734;34272;23225;12826;136535;16761;15198;17150;12225;7913;69247;17717;16536;17122;11000;4913;67288;1979;9
10;Aube;89951;81362;63275;34487;18163;287238;43699;39497;31804;19020;11767;145787;46252;41865;31471;15467;6396;141451;1979;10
11;Aude;72202;65496;69645;45004;24231;276578;34585;31976;35714;24185;15183;141643;37617;33520;33931;20819;9048;134935;1979;11
12;Aveyron;76041;67587;68706;44231;21938;278503;37142;32777;34387;23712;14036;142054;38899;34810;34319;20519;7902;136449;1979;12
13;Bouches-du-Rhône;497491;491988;403472;198627;90570;1682148;242657;242865;202694;110285;60591;859092;254834;249123;200778;88342;29979;823056;1979;13
14;Calvados;197346;168494;124994;58775;26457;576066;96565;83588;63977;33525;18520;296175;100781;84906;61017;25250;7937;279891;1979;14
15;Cantal;48559;40964;39511;24121;11479;164634;23718;19374;19427;13045;7431;82995;24841;21590;20084;11076;4048;81639;1979;15
16;Charente;100608;88251;80744;46111;23625;339339;49247;43527;40574;25083;15430;173861;51361;44724;40170;21028;8195;165478;1979;16
17;Charente-Maritime;152152;129881;118917;70505;34541;505996;74217;63917;60510;37970;22387;259001;77935;65964;58407;32535;12154;246995;1979;17
18;Cher;93176;84037;73069;44846;22970;318098;45707;40336;36210;24515;14885;161653;47469;43701;36859;20331;8085;156445;1979;18
19;Corrèze;62439;59050;60443;39390;19849;241171;30298;28641;30625;21353;12794;123711;32141;30409;29818;18037;7055;117460;1979;19
21;Côte-d'Or;150045;137432;101190;50761;25947;465375;73998;67653;50904;27768;17111;237434;76047;69779;50286;22993;8836;227941;1979;21
22;Côtes-d'Armor;165004;132069;127946;75669;32191;532879;80036;63925;64906;42840;22505;274212;84968;68144;63040;32829;9686;258667;1979;22
23;Creuse;34369;30644;36148;26428;15225;142814;16780;14367;17814;14237;9811;73009;17589;16277;18334;12191;5414;69805;1979;23
24;Dordogne;99249;89150;95319;61551;30039;375308;48135;43872;48239;32792;19516;192554;51114;45278;47080;28759;10523;182754;1979;24
25;Doubs;164242;145248;101528;44032;18856;473906;80826;70137;50389;24622;12587;238561;83416;75111;51139;19410;6269;235345;1979;25
26;Drôme;117019;104570;86746;45492;22240;376067;56824;51496;43673;24982;14602;191577;60195;53074;43073;20510;7638;184490;1979;26
27;Eure;151150;128251;95728;46744;21800;443673;73939;62523;47269;25650;14552;223933;77211;65728;48459;21094;7248;219740;1979;27
28;Eure-et-Loir;114389;99567;75506;40697;19595;349754;55405;48415;37272;21776;12434;175302;58984;51152;38234;18921;7161;174452;1979;28
29;Finistère;252865;210571;194934;111965;46691;817026;123253;101717;100168;64091;31672;420901;129612;108854;94766;47874;15019;396125;1979;29
30;Gard;147215;137319;125584;68504;34191;512813;71600;67490;63814;37277;22747;262928;75615;69829;61770;31227;11444;249885;1979;30
31;Haute-Garonne;232252;243279;188341;93823;44911;802606;113892;121513;96340;51261;29325;412331;118360;121766;92001;42562;15586;390275;1979;31
32;Gers;46243;41844;45019;27762;14032;174900;22423;20376;22100;14321;8759;87979;23820;21468;22919;13441;5273;86921;1979;32
33;Gironde;321774;316123;255257;133573;70149;1096876;157919;158456;131031;75039;47740;570185;163855;157667;124226;58534;22409;526691;1979;33
34;Hérault;193087;187576;159011;92411;46368;678453;94872;93902;82342;50719;30246;352081;98215;93674;76669;41692;16122;326372;1979;34
35;Ille-et-Vilaine;243878;207939;162770;80049;33235;727871;119802;103618;83322;45872;23572;376186;124076;104321;79448;34177;9663;351685;1979;35
36;Indre;69331;60485;58117;37865;20106;245904;33855;28884;29133;20303;12835;125010;35476;31601;28984;17562;7271;120894;1979;36
37;Indre-et-Loire;157468;139079;108109;58777;30221;493654;77683;69281;54788;32006;19826;253584;79785;69798;53321;26771;10395;240070;1979;37
38;Isère;290953;275420;202794;89750;41740;900657;141835;134739;100312;50424;28160;455470;149118;140681;102482;39326;13580;445187;1979;38
39;Jura;75896;63739;55246;31019;14982;240882;36974;30789;27786;16918;9746;122213;38922;32950;27460;14101;5236;118669;1979;39
40;Landes;83308;73837;72060;42615;21407;293227;40435;36245;36144;23224;14159;150207;42873;37592;35916;19391;7248;143020;1979;40
41;Loir-et-Cher;88397;75546;65303;40297;21310;290853;42978;36830;32632;21780;13670;147890;45419;38716;32671;18517;7640;142963;1979;41
42;Loire;230865;203396;175484;87967;42588;740300;113072;99718;88897;49774;29406;380867;117793;103678;86587;38193;13182;359433;1979;42
43;Haute-Loire;59633;51297;49422;29514;15922;205788;28979;24471;24762;16322;10522;105056;30654;26826;24660;13192;5400;100732;1979;43
44;Loire-Atlantique;329155;275074;216711;99680;46632;967252;160529;137560;111172;57119;33072;499452;168626;137514;105539;42561;13560;467800;1979;44
45;Loiret;161451;150320;112904;59744;29525;513944;79158;73576;56489;32302;18930;260455;82293;76744;56415;27442;10595;253489;1979;45
46;Lot;40256;36781;37936;25168;12528;152669;19564;17988;19104;13476;8059;78191;20692;18793;18832;11692;4469;74478;1979;46
47;Lot-et-Garonne;82677;74701;73220;43641;21296;295535;40482;37002;37165;23175;13694;151518;42195;37699;36055;20466;7602;144017;1979;47
48;Lozère;20893;19023;17123;11461;5960;74460;10174;8874;8277;6131;3807;37263;10719;10149;8846;5330;2153;37197;1979;48
49;Maine-et-Loire;232195;180203;137641;68618;35143;653800;113957;89412;70455;38249;23423;335496;118238;90791;67186;30369;11720;318304;1979;49
50;Manche;150551;116904;110223;57648;23838;459164;73686;56688;55902;32728;17197;236201;76865;60216;54321;24920;6641;222963;1979;50
51;Marne;180835;163183;113621;53022;25922;536583;88724;79588;56651;29848;17038;271849;92111;83595;56970;23174;8884;264734;1979;51
52;Haute-Marne;71177;57338;46655;24282;11738;211190;34540;27264;23100;13188;7745;105837;36637;30074;23555;11094;3993;105353;1979;52
53;Mayenne;90235;70001;61004;31876;14081;267197;44034;34621;30896;17973;9797;137321;46201;35380;30108;13903;4284;129876;1979;53
54;Meurthe-et-Moselle;235525;214377;164345;71995;32398;718640;115543;103952;82533;41012;21855;364895;119982;110425;81812;30983;10543;353745;1979;54
55;Meuse;66057;53830;45918;24093;11964;201862;31900;25718;22883;13473;7907;101881;34157;28112;23035;10620;4057;99981;1979;55
56;Morbihan;189978;149789;136271;73649;28842;578529;92287;72150;69126;42092;19935;295590;97691;77639;67145;31557;8907;282939;1979;56
57;Moselle;344382;298086;235740;91370;35442;1005020;168181;143437;116234;51156;23376;502384;176201;154649;119506;40214;12066;502636;1979;57
58;Nièvre;67904;59382;56534;37626;20841;242287;32965;28658;28307;20526;13485;123941;34939;30724;28227;17100;7356;118346;1979;58
59;Nord;877765;718680;556944;242242;114287;2509918;429913;351832;282432;141098;77821;1283096;447852;366848;274512;101144;36466;1226822;1979;59
60;Oise;221212;192312;133799;58464;29626;635413;107733;92479;64969;32250;19525;316956;113479;99833;68830;26214;10101;318457;1979;60
61;Orne;97529;77032;68404;35054;16465;294484;47687;37577;34391;19584;11333;150572;49842;39455;34013;15470;5132;143912;1979;61
62;Pas-de-Calais;491436;380831;320333;150681;62992;1406273;240525;186206;164189;87519;42952;721391;250911;194625;156144;63162;20040;684882;1979;62
63;Puy-de-Dôme;175362;171263;139672;68109;33343;587749;85883;83127;69866;37819;22484;299179;89479;88136;69806;30290;10859;288570;1979;63
64;Pyrénées-Atlantiques;159561;141372;131531;76351;37225;546040;78302;70605;66776;42320;24779;282782;81259;70767;64755;34031;12446;263258;1979;64
65;Hautes-Pyrénées;62684;58514;57588;33054;15369;227209;30401;28975;29251;17862;10189;116678;32283;29539;28337;15192;5180;110531;1979;65
66;Pyrénées-Orientales;85839;74551;80596;53528;23763;318277;41626;37918;41842;28764;14951;165101;44213;36633;38754;24764;8812;153176;1979;66
67;Bas-Rhin;285651;271905;201264;97609;42459;898888;140603;130696;103107;57295;28383;460084;145048;141209;98157;40314;14076;438804;1979;67
68;Haut-Rhin;204298;192334;148169;66347;31105;642253;99773;92008;74757;39269;21306;327113;104525;100326;73412;27078;9799;315140;1979;68
69;Rhône;450851;440000;331947;144379;68407;1435584;221090;217612;166822;83826;47318;736668;229761;222388;165125;60553;21089;698916;1979;69
70;Haute-Saône;74558;60619;49560;28638;13977;227352;36122;28950;24656;15949;9223;114900;38436;31669;24904;12689;4754;112452;1979;70
71;Saône-et-Loire;174666;148544;134409;74673;38450;570742;85005;72162;67141;41156;25256;290720;89661;76382;67268;33517;13194;280022;1979;71
72;Sarthe;167767;133953;109767;58613;28505;498605;81507;66026;55737;32345;19127;254742;86260;67927;54030;26268;9378;243863;1979;72
73;Savoie;98044;91942;73292;35140;16425;314843;47945;44403;36352;19225;10888;158813;50099;47539;36940;15915;5537;156030;1979;73
74;Haute-Savoie;151382;150907;104411;46016;19430;472146;73754;73685;51848;25547;12908;237742;77628;77222;52563;20469;6522;234404;1979;74
75;Paris;439780;771450;540973;315182;162144;2229529;219216;384319;288714;193411;113511;1199171;220564;387131;252259;121771;48633;1030358;1979;75
76;Seine-Maritime;395686;347835;261107;122603;55339;1182570;193858;170855;132271;69383;37826;604193;201828;176980;128836;53220;17513;578377;1979;76
77;Seine-et-Marne;280870;254083;176240;74734;38698;824625;137214;125537;85988;41438;25438;415615;143656;128546;90252;33296;13260;409010;1979;77
78;Yvelines;387132;369091;264582;81221;40822;1142848;188494;183275;129312;45604;28245;574930;198638;185816;135270;35617;12577;567918;1979;78
79;Deux-Sèvres;109143;87498;77737;43577;21927;339882;52995;42803;38797;23134;13865;171594;56148;44695;38940;20443;8062;168288;1979;79
80;Somme;184265;150222;116108;60828;30349;541772;90563;73786;58449;33839;19688;276325;93702;76436;57659;26989;10661;265447;1979;80
81;Tarn;94978;84025;86088;48308;25398;338797;45776;41797;43643;26042;16266;173524;49202;42228;42445;22266;9132;165273;1979;81
82;Tarn-et-Garonne;53478;47015;45642;27842;13389;187366;26026;23107;23157;14835;8528;95653;27452;23908;22485;13007;4861;91713;1979;82
83;Var;181865;180001;163236;101633;43143;669878;87776;87453;83141;55301;28468;342139;94089;92548;80095;46332;14675;327739;1979;83
84;Vaucluse;123308;116089;96470;50832;23239;409938;59953;56385;48654;27888;15111;207991;63355;59704;47816;22944;8128;201947;1979;84
85;Vendée;155858;122144;104120;58714;27370;468206;75978;59472;52468;32240;18182;238340;79880;62672;51652;26474;9188;229866;1979;85
86;Vienne;113041;99168;81234;47382;24158;364983;55647;48666;40728;25356;15405;185802;57394;50502;40506;22026;8753;179181;1979;86
87;Haute-Vienne;92148;93420;86611;53537;28396;354112;45184;46087;43802;29284;18525;182882;46964;47333;42809;24253;9871;171230;1979;87
88;Vosges;130039;107719;88860;47911;22119;396648;63421;51735;45069;27548;15156;202929;66618;55984;43791;20363;6963;193719;1979;88
89;Yonne;90545;78589;66900;45015;24583;305632;43952;37510;33131;24360;15538;154491;46593;41079;33769;20655;9045;151141;1979;89
90;Territoire de Belfort;42172;38961;29679;13173;6277;130262;20392;18571;14654;7602;4244;65463;21780;20390;15025;5571;2033;64799;1979;90
91;Essonne;328413;310183;217575;65349;35420;956940;160158;153892;105911;36685;24174;480820;168255;156291;111664;28664;11246;476120;1979;91
92;Hauts-de-Seine;369964;459291;363058;144987;70450;1407750;182382;225690;183220;84712;49019;725023;187582;233601;179838;60275;21431;682727;1979;92
93;Seine-Saint-Denis;416416;424368;320094;107828;50462;1319168;203252;206503;157601;61797;34635;663788;213164;217865;162493;46031;15827;655380;1979;93
94;Val-de-Marne;353155;387987;294807;107723;56992;1200664;173667;191287;149421;62179;39696;616250;179488;196700;145386;45544;17296;584414;1979;94
95;Val-d'Oise;298925;283181;202347;64682;33230;882365;145955;140528;99718;36564;22734;445499;152970;142653;102629;28118;10496;436866;1979;95
2A;Corse-du-Sud;27181;29976;25429;15647;6858;105091;13371;13165;12392;8418;4647;51993;13810;16811;13037;7229;2211;53098;1979;201
2B;Haute-Corse;33157;37482;31370;18208;8497;128714;15988;15288;14957;9737;5544;61514;17169;22194;16413;8471;2953;67200;1979;202
01;Ain;124878;113543;87314;45970;21275;392980;60857;54097;42306;25181;13912;196353;64021;59446;45008;20789;7363;196627;1978;1
02;Aisne;182190;144921;117828;60262;28718;533919;88683;69938;58702;33593;18530;269446;93507;74983;59126;26669;10188;264473;1978;2
03;Allier;105538;91426;91097;58082;28665;374808;51495;44735;45946;31754;18761;192691;54043;46691;45151;26328;9904;182117;1978;3
04;Alpes-de-Haute-Provence;33085;29659;27352;16899;7932;114927;15935;14307;13402;8838;5063;57545;17150;15352;13950;8061;2869;57382;1978;4
05;Hautes-Alpes;29305;27929;23512;13661;6165;100572;14108;13525;11439;7171;3966;50209;15197;14404;12073;6490;2199;50363;1978;5
06;Alpes-Maritimes;198767;215533;203837;149758;73982;841877;97216;107792;107407;85605;48013;446033;101551;107741;96430;64153;25969;395844;1978;6
07;Ardèche;77531;66182;61536;37742;18449;261440;37549;32165;30424;20776;12378;133292;39982;34017;31112;16966;6071;128148;1978;7
08;Ardennes;108122;82231;67497;33542;15282;306674;52800;39226;33425;18479;10032;153962;55322;43005;34072;15063;5250;152712;1978;8
09;Ariège;35042;31187;34040;24029;12600;136898;17023;14906;17005;12628;7823;69385;18019;16281;17035;11401;4777;67513;1978;9
10;Aube;90848;80292;62371;35527;17696;286734;44200;38905;31349;19589;11471;145514;46648;41387;31022;15938;6225;141220;1978;10
11;Aude;72908;63562;69234;46441;23638;275783;34959;31158;35471;24882;14928;141398;37949;32404;33763;21559;8710;134385;1978;11
12;Aveyron;76931;66775;67894;45631;21363;278594;37654;32324;33960;24434;13738;142110;39277;34451;33934;21197;7625;136484;1978;12
13;Bouches-du-Rhône;497624;484077;398242;201293;88281;1669517;242770;238213;199977;111949;59052;851961;254854;245864;198265;89344;29229;817556;1978;13
14;Calvados;198477;165310;123025;59975;25508;572295;97148;81907;62908;34168;17964;294095;101329;83403;60117;25807;7544;278200;1978;14
15;Cantal;49578;40482;39162;24870;11215;165307;24188;19201;19218;13367;7320;83294;25390;21281;19944;11503;3895;82013;1978;15
16;Charente;102358;86442;79787;47512;22866;338965;50110;42601;40020;25816;15006;173553;52248;43841;39767;21696;7860;165412;1978;16
17;Charente-Maritime;154135;127196;117235;71902;33613;504081;75147;62592;59581;38668;21876;257864;78988;64604;57654;33234;11737;246217;1978;17
18;Cher;94280;82780;72124;46160;22487;317831;46296;39599;35790;25147;14606;161438;47984;43181;36334;21013;7881;156393;1978;18
19;Corrèze;63377;58144;59788;40616;19290;241215;30797;28198;30213;21994;12473;123675;32580;29946;29575;18622;6817;117540;1978;19
21;Côte-d'Or;150768;135456;99485;52126;25183;463018;74248;66566;49984;28476;16659;235933;76520;68890;49501;23650;8524;227085;1978;21
22;Côtes-d'Armor;166846;129665;126275;77551;30903;531240;80959;62691;64039;43827;21783;273299;85887;66974;62236;33724;9120;257941;1978;22
23;Creuse;35205;30091;35967;27728;14822;143813;17178;14120;17693;14957;9587;73535;18027;15971;18274;12771;5235;70278;1978;23
24;Dordogne;100747;87546;94386;63111;29181;374971;48922;43035;47678;33596;19098;192329;51825;44511;46708;29515;10083;182642;1978;24
25;Doubs;165980;144648;99733;44981;18199;473541;81693;69485;49536;25106;12192;238012;84287;75163;50197;19875;6007;235529;1978;25
26;Drôme;117074;102243;84854;46565;21597;372333;56870;50281;42740;25520;14219;189630;60204;51962;42114;21045;7378;182703;1978;26
27;Eure;151030;124857;93606;47723;21157;438373;73969;60644;46259;26137;14175;221184;77061;64213;47347;21586;6982;217189;1978;27
28;Eure-et-Loir;114380;97277;73853;41477;19055;346042;55405;47100;36490;22132;12140;173267;58975;50177;37363;19345;6915;172775;1978;28
29;Finistère;254842;206449;192704;114723;45193;813911;124335;99882;98953;65543;30750;419463;130507;106567;93751;49180;14443;394448;1978;29
30;Gard;147681;133778;123893;69722;33265;508339;71971;65514;62871;38097;22152;260605;75710;68264;61022;31625;11113;247734;1978;30
31;Haute-Garonne;232147;239424;185631;95628;43683;796513;113722;119654;95030;52182;28620;409208;118425;119770;90601;43446;15063;387305;1978;31
32;Gers;47302;41205;44358;28727;13627;175219;22950;20083;21705;14810;8559;88107;24352;21122;22653;13917;5068;87112;1978;32
33;Gironde;322132;309027;251901;136800;68495;1088355;158048;154703;129271;76995;46735;565752;164084;154324;122630;59805;21760;522603;1978;33
34;Hérault;192112;183396;156383;93845;45354;671090;94207;91744;80933;51530;29703;348117;97905;91652;75450;42315;15651;322973;1978;34
35;Ille-et-Vilaine;243871;203914;159737;82071;31880;721473;119779;101702;81756;47037;22763;373037;124092;102212;77981;35034;9117;348436;1978;35
36;Indre;70591;59884;57526;39080;19673;246754;34522;28568;28767;20913;12623;125393;36069;31316;28759;18167;7050;121361;1978;36
37;Indre-et-Loire;158044;136718;105859;60051;29333;490005;77805;68224;53576;32644;19340;251589;80239;68494;52283;27407;9993;238416;1978;37
38;Isère;289530;270550;198086;91886;40503;890555;141208;131960;97975;51642;27332;450117;148322;138590;100111;40244;13171;440438;1978;38
39;Jura;76799;62841;54458;31923;14561;240582;37345;30331;27368;17319;9557;121920;39454;32510;27090;14604;5004;118662;1978;39
40;Landes;84334;72551;70666;43793;20783;292127;40976;35624;35401;23806;13827;149634;43358;36927;35265;19987;6956;142493;1978;40
41;Loir-et-Cher;89095;74226;63844;41304;20714;289183;43376;36143;31855;22285;13378;147037;45719;38083;31989;19019;7336;142146;1978;41
42;Loire;233135;202231;173650;90806;41494;741316;114269;98831;87917;51304;28764;381085;118866;103400;85733;39502;12730;360231;1978;42
43;Haute-Loire;60262;50510;48735;30783;15582;205872;29252;24109;24436;16960;10366;105123;31010;26401;24299;13823;5216;100749;1978;43
44;Loire-Atlantique;329803;269600;212170;102256;45152;958981;160940;134791;108811;58651;32123;495316;168863;134809;103359;43605;13029;463665;1978;44
45;Loiret;161038;146962;110184;61129;28686;507999;78901;71685;55081;33020;18525;257212;82137;75277;55103;28109;10161;250787;1978;45
46;Lot;40868;36005;37296;26009;12142;152320;19834;17647;18748;13916;7853;77998;21034;18358;18548;12093;4289;74322;1978;46
47;Lot-et-Garonne;83699;73335;72294;44775;20780;294883;40919;36282;36688;23774;13391;151054;42780;37053;35606;21001;7389;143829;1978;47
48;Lozère;21158;18693;16961;11831;5853;74496;10308;8711;8174;6333;3768;37294;10850;9982;8787;5498;2085;37202;1978;48
49;Maine-et-Loire;232158;176416;134680;70448;34206;647908;114143;87578;68835;39243;22910;332709;118015;88838;65845;31205;11296;315199;1978;49
50;Manche;152542;114184;108799;58966;22848;457339;74754;55527;55102;33500;16626;235509;77788;58657;53697;25466;6222;221830;1978;50
51;Marne;181938;161523;111523;54625;25308;534917;89259;78503;55565;30687;16657;270671;92679;83020;55958;23938;8651;264246;1978;51
52;Haute-Marne;72378;56619;46063;24965;11518;211543;35137;26918;22762;13508;7648;105973;37241;29701;23301;11457;3870;105570;1978;52
53;Mayenne;90805;68752;60022;32812;13505;265896;44380;34170;30252;18513;9498;136813;46425;34582;29770;14299;4007;129083;1978;53
54;Meurthe-et-Moselle;238508;213727;161722;74641;31480;720078;117079;103316;81035;42443;21195;365068;121429;110411;80687;32198;10285;355010;1978;54
55;Meuse;67306;53242;45177;25124;11715;202564;32597;25329;22496;14016;7740;102178;34709;27913;22681;11108;3975;100386;1978;55
56;Morbihan;191340;146117;134164;75251;27683;574555;93058;70414;67883;42926;19300;293581;98282;75703;66281;32325;8383;280974;1978;56
57;Moselle;351149;294975;231074;94364;34321;1005883;171529;141308;113873;52653;22610;501973;179620;153667;117201;41711;11711;503910;1978;57
58;Nièvre;69335;58675;55791;38992;20474;243267;33643;28288;27921;21201;13255;124308;35692;30387;27870;17791;7219;118959;1978;58
59;Nord;885293;711195;548094;254636;111758;2510976;433700;347447;277515;147895;76108;1282665;451593;363748;270579;106741;35650;1228311;1978;59
60;Oise;220658;188094;130304;60197;28850;628103;107533;89855;63384;33108;19077;312957;113125;98239;66920;27089;9773;315146;1978;60
61;Orne;98916;76011;67575;36013;15905;294420;48353;37123;33913;20061;11040;150490;50563;38888;33662;15952;4865;143930;1978;61
62;Pas-de-Calais;498095;374440;317568;155010;61262;1406375;243782;183200;162592;89700;41767;721041;254313;191240;154976;65310;19495;685334;1978;62
63;Puy-de-Dôme;176002;169289;137520;70281;32607;585699;86161;82076;68649;39074;21993;297953;89841;87213;68871;31207;10614;287746;1978;63
64;Pyrénées-Atlantiques;161562;138554;129438;77943;35976;543473;79249;69292;65728;43084;24007;281360;82313;69262;63710;34859;11969;262113;1978;64
65;Hautes-Pyrénées;63749;57582;57095;33964;14912;227302;30973;28536;28918;18352;9930;116709;32776;29046;28177;15612;4982;110593;1978;65
66;Pyrénées-Orientales;85529;72087;79379;53940;22996;313931;41587;36661;41137;28921;14553;162859;43942;35426;38242;25019;8443;151072;1978;66
67;Bas-Rhin;288154;267429;196095;101974;41085;894737;141836;128134;100742;59562;27453;457727;146318;139295;95353;42412;13632;437010;1978;67
68;Haut-Rhin;206383;189919;144369;69705;30215;640591;100783;90472;72957;41160;20664;326036;105600;99447;71412;28545;9551;314555;1978;68
69;Rhône;453586;437560;327610;148790;66358;1433904;222368;215474;164585;86376;46071;734874;231218;222086;163025;62414;20287;699030;1978;69
70;Haute-Saône;74843;59387;48724;29522;13637;226113;36311;28208;24285;16391;9051;114246;38532;31179;24439;13131;4586;111867;1978;70
71;Saône-et-Loire;177036;146507;132743;76972;37523;570781;86324;70895;66338;42357;24713;290627;90712;75612;66405;34615;12810;280154;1978;71
72;Sarthe;169597;131491;108167;59954;27479;496688;82482;64857;54918;33083;18607;253947;87115;66634;53249;26871;8872;242741;1978;72
73;Savoie;98511;90206;71825;36053;15880;312475;48141;43532;35522;19773;10495;157463;50370;46674;36303;16280;5385;155012;1978;73
74;Haute-Savoie;150868;147883;101804;46673;18671;465899;73556;71860;50628;25848;12415;234307;77312;76023;51176;20825;6256;231592;1978;74
75;Paris;440725;773609;544489;330993;159828;2249644;219255;383953;292083;202507;112075;1209873;221470;389656;252406;128486;47753;1039771;1978;75
76;Seine-Maritime;400092;343181;258287;125465;53647;1180672;196003;168330;130818;70835;36778;602764;204089;174851;127469;54630;16869;577908;1978;76
77;Seine-et-Marne;276859;246244;170199;76474;37382;807158;135336;121118;83055;42294;24642;406445;141523;125126;87144;34180;12740;400713;1978;77
78;Yvelines;384250;363381;256670;82765;39413;1126479;187252;179462;125478;46607;27278;566077;196998;183919;131192;36158;12135;560402;1978;78
79;Deux-Sèvres;110382;85998;76491;44863;21330;339064;53619;42095;38169;23687;13619;171189;56763;43903;38322;21176;7711;167875;1978;79
80;Somme;186167;147930;114403;62983;29764;541247;91580;72427;57581;34931;19404;275923;94587;75503;56822;28052;10360;265324;1978;80
81;Tarn;96106;82947;85091;49982;24665;338791;46425;41191;43051;26999;15847;173513;49681;41756;42040;22983;8818;165278;1978;81
82;Tarn-et-Garonne;53971;45910;44986;28637;13049;186553;26243;22533;22774;15302;8334;95186;27728;23377;22212;13335;4715;91367;1978;82
83;Var;180976;175243;159605;101861;41456;659141;87474;84951;81096;55452;27369;336342;93502;90292;78509;46409;14087;322799;1978;83
84;Vaucluse;123124;113296;94525;51571;22581;405097;59822;54941;47638;28198;14759;205358;63302;58355;46887;23373;7822;199739;1978;84
85;Vendée;156318;119149;101758;60248;26314;463787;76284;58040;51232;33026;17660;236242;80034;61109;50526;27222;8654;227545;1978;85
86;Vienne;113829;97238;80027;48668;23441;363203;55957;47814;40048;26001;15049;184869;57872;49424;39979;22667;8392;178334;1978;86
87;Haute-Vienne;92916;92192;85654;55321;27717;353800;45597;45382;43262;30247;18150;182638;47319;46810;42392;25074;9567;171162;1978;87
88;Vosges;132020;106534;87582;49877;21273;397286;64431;51029;44405;28591;14662;203118;67589;55505;43177;21286;6611;194168;1978;88
89;Yonne;91101;77261;65532;46528;23930;304352;44341;36682;32494;25119;15159;153795;46760;40579;33038;21409;8771;150557;1978;89
90;Territoire de Belfort;42577;38407;29173;13580;6109;129846;20592;18165;14458;7810;4126;65151;21985;20242;14715;5770;1983;64695;1978;90
91;Essonne;329154;307258;210586;66607;34164;947769;160413;152366;102296;37359;23349;475783;168741;154892;108290;29248;10815;471986;1978;91
92;Hauts-de-Seine;375357;459542;362760;150028;68556;1416243;185120;224650;182909;87579;47924;728182;190237;234892;179851;62449;20632;688061;1978;92
93;Seine-Saint-Denis;419755;421494;318089;111441;48977;1319756;204502;204086;156805;63760;33603;662756;215253;217408;161284;47681;15374;657000;1978;93
94;Val-de-Marne;357514;387747;292686;111214;55499;1204660;176006;190695;148297;63913;38813;617724;181508;197052;144389;47301;16686;586936;1978;94
95;Val-d'Oise;297971;277552;197784;65995;32223;871525;145479;137433;97532;37269;21995;439708;152492;140119;100252;28726;10228;431817;1978;95
2A;Corse-du-Sud;26971;29723;24977;15861;6801;104333;13152;12901;12094;8569;4601;51317;13819;16822;12883;7292;2200;53016;1978;201
2B;Haute-Corse;32911;37551;30654;18525;8381;128022;15879;14914;14650;9848;5485;60776;17032;22637;16004;8677;2896;67246;1978;202
01;Ain;123830;110580;84889;47456;20452;387207;60301;52422;41144;25955;13426;193248;63529;58158;43745;21501;7026;193959;1977;1
02;Aisne;184614;142829;115538;63134;27820;533935;89969;68745;57543;35045;17995;269297;94645;74084;57995;28089;9825;264638;1977;2
03;Allier;107327;90449;89907;60632;27833;376148;52442;44170;45291;33106;18304;193313;54885;46279;44616;27526;9529;182835;1977;3
04;Alpes-de-Haute-Provence;33275;28963;26692;17375;7640;113945;16066;13914;13058;9076;4893;57007;17209;15049;13634;8299;2747;56938;1977;4
05;Hautes-Alpes;29358;27084;23031;14031;5929;99433;14182;13062;11184;7380;3829;49637;15176;14022;11847;6651;2100;49796;1977;5
06;Alpes-Maritimes;198656;210953;199050;153012;70940;832611;96945;105131;105176;87277;46042;440571;101711;105822;93874;65735;24898;392040;1977;6
07;Ardèche;78188;64550;60198;39233;17807;259976;37950;31304;29783;21601;11955;132593;40238;33246;30415;17632;5852;127383;1977;7
08;Ardennes;109785;81397;66211;35237;14839;307469;53608;38639;32695;19377;9770;154089;56177;42758;33516;15860;5069;153380;1977;8
09;Ariège;35637;30656;33526;25136;12286;137241;17317;14684;16680;13225;7639;69545;18320;15972;16846;11911;4647;67696;1977;9
10;Aube;91822;79137;61313;36854;17083;286209;44718;38305;30800;20281;11117;145221;47104;40832;30513;16573;5966;140988;1977;10
11;Aude;73524;61735;68186;48225;22938;274608;35331;30357;34870;25824;14578;140960;38193;31378;33316;22401;8360;133648;1977;11
12;Aveyron;78086;65632;66867;47425;20574;278584;38222;31793;33441;25322;13323;142101;39864;33839;33426;22103;7251;136483;1977;12
13;Bouches-du-Rhône;497554;475724;392215;205484;85225;1656202;242996;232957;196915;114475;57104;844447;254558;242767;195300;91009;28121;811755;1977;13
14;Calvados;199622;162165;120419;61501;24601;568308;97719;80271;61563;34927;17478;291958;101903;81894;58856;26574;7123;276350;1977;14
15;Cantal;50488;39908;38561;25810;10892;165659;24663;18937;18899;13781;7199;83479;25825;20971;19662;12029;3693;82180;1977;15
16;Charente;103807;84777;78398;49276;22014;338272;50805;41730;39310;26722;14532;173099;53002;43047;39088;22554;7482;165173;1977;16
17;Charente-Maritime;156168;124392;114966;74036;32359;501921;76217;61133;58359;39712;21242;256663;79951;63259;56607;34324;11117;245258;1977;17
18;Cher;95237;81560;70816;47917;21821;317351;46778;38938;35123;26038;14241;161118;48459;42622;35693;21879;7580;156233;1977;18
19;Corrèze;64288;57018;58979;42062;18681;241028;31174;27636;29751;22721;12153;123435;33114;29382;29228;19341;6528;117593;1977;19
21;Côte-d'Or;151218;133389;97548;53817;24336;460308;74383;65320;48976;29335;16189;234203;76835;68069;48572;24482;8147;226105;1977;21
22;Côtes-d'Armor;168678;127424;123574;80106;29567;529349;81865;61562;62581;45260;21030;272298;86813;65862;60993;34846;8537;257051;1977;22
23;Creuse;35986;29661;35456;29012;14512;144627;17563;13885;17441;15600;9460;73949;18423;15776;18015;13412;5052;70678;1977;23
24;Dordogne;102307;85710;92909;65234;28118;374278;49721;42045;46802;34763;18530;191861;52586;43665;46107;30471;9588;182417;1977;24
25;Doubs;167102;144159;97718;46071;17477;472527;82287;68850;48523;25705;11758;237123;84815;75309;49195;20366;5719;235404;1977;25
26;Drôme;117236;99898;82699;47852;20876;368561;56975;49099;41561;26223;13825;187683;60261;50799;41138;21629;7051;180878;1977;26
27;Eure;151111;121305;91204;49061;20378;433059;73992;58657;45149;26754;13779;218331;77119;62648;46055;22307;6599;214728;1977;27
28;Eure-et-Loir;114349;94850;71877;42626;18326;342028;55373;45749;35494;22717;11720;171053;58976;49101;36383;19909;6606;170975;1977;28
29;Finistère;256901;201931;189436;118406;43596;810270;125479;97832;97144;67504;29762;417721;131422;104099;92292;50902;13834;392549;1977;29
30;Gard;148390;129950;121529;71706;32008;503583;72369;63617;61539;39228;21390;258143;76021;66333;59990;32478;10618;245440;1977;30
31;Haute-Garonne;231742;235543;182031;98114;42206;789636;113224;118036;92980;53509;27862;405611;118518;117507;89051;44605;14344;384025;1977;31
32;Gers;48145;40602;43632;29907;13096;175382;23456;19697;21360;15338;8329;88180;24689;20905;22272;14569;4767;87202;1977;32
33;Gironde;322182;301649;247666;141102;66447;1079046;158032;150826;127153;79315;45624;560950;164150;150823;120513;61787;20823;518096;1977;33
34;Hérault;190847;179149;153096;95915;43968;662975;93372;89763;79177;52611;28966;343889;97475;89386;73919;43304;15002;319086;1977;34
35;Ille-et-Vilaine;243590;200164;155713;84739;30608;714814;119733;99754;79791;48597;21951;369826;123857;100410;75922;36142;8657;344988;1977;35
36;Indre;72033;58950;56651;40693;19062;247389;35173;28190;28283;21701;12334;125681;36860;30760;28368;18992;6728;121708;1977;36
37;Indre-et-Loire;158610;134391;103179;61613;28317;486110;78035;66963;52267;33413;18796;249474;80575;67428;50912;28200;9521;236636;1977;37
38;Isère;288228;265333;193005;94491;38953;880010;140535;129061;95486;53068;26304;444454;147693;136272;97519;41423;12649;435556;1977;38
39;Jura;77678;61733;53514;33090;14066;240081;37800;29685;26884;17889;9291;121549;39878;32048;26630;15201;4775;118532;1977;39
40;Landes;85367;70997;69162;45316;19936;290778;41509;34946;34518;24581;13381;148935;43858;36051;34644;20735;6555;141843;1977;40
41;Loir-et-Cher;89910;72597;62191;42577;19959;287234;43786;35306;31023;22873;13026;146014;46124;37291;31168;19704;6933;141220;1977;41
42;Loire;235012;200858;171334;94272;40070;741546;115177;97836;86707;53261;27883;380864;119835;103022;84627;41011;12187;360682;1977;42
43;Haute-Loire;60898;49611;47671;32366;15121;205667;29602;23664;23939;17757;10134;105096;31296;25947;23732;14609;4987;100571;1977;43
44;Loire-Atlantique;330155;264071;207081;105321;43765;950393;161288;131968;106070;60468;31229;491023;168867;132103;101011;44853;12536;459370;1977;44
45;Loiret;160219;143632;107020;62898;27641;501410;78344;69922;53467;33889;18012;253634;81875;73710;53553;29009;9629;247776;1977;45
46;Lot;41366;35259;36410;27020;11673;151728;20123;17248;18283;14410;7643;77707;21243;18011;18127;12610;4030;74021;1977;46
47;Lot-et-Garonne;84839;71940;71086;46160;20116;294141;41583;35495;36055;24508;13021;150662;43256;36445;35031;21652;7095;143479;1977;47
48;Lozère;21467;18418;16687;12334;5695;74601;10437;8608;8047;6545;3717;37354;11030;9810;8640;5789;1978;37247;1977;48
49;Maine-et-Loire;231800;172480;131222;72842;33148;641492;113914;85710;67046;40525;22361;329556;117886;86770;64176;32317;10787;311936;1977;49
50;Manche;154559;111843;106605;60629;21976;455612;75835;54516;53968;34470;16080;234869;78724;57327;52637;26159;5896;220743;1977;50
51;Marne;183089;159703;109222;56636;24436;533086;89874;77397;54366;31769;16107;269513;93215;82306;54856;24867;8329;263573;1977;51
52;Haute-Marne;73485;56014;45134;26041;11070;211744;35713;26528;22339;14035;7412;106027;37772;29486;22795;12006;3658;105717;1977;52
53;Mayenne;91554;67310;58641;33948;12976;264429;44784;33480;29532;19096;9218;136110;46770;33830;29109;14852;3758;128319;1977;53
54;Meurthe-et-Moselle;241431;212479;158627;77698;30364;720599;118709;102084;79480;44024;20465;364762;122722;110395;79147;33674;9899;355837;1977;54
55;Meuse;68478;52553;44412;26226;11448;203117;33176;24998;22087;14575;7568;102404;35302;27555;22325;11651;3880;100713;1977;55
56;Morbihan;192863;142935;131135;77301;26665;570899;93813;69032;66160;44042;18698;291745;99050;73903;64975;33259;7967;279154;1977;56
57;Moselle;357434;291440;225917;97828;33029;1005648;174759;138928;111227;54437;21707;501058;182675;152512;114690;43391;11322;504590;1977;57
58;Nièvre;70616;57907;54968;40546;19883;243920;34281;27813;27546;21942;12954;124536;36335;30094;27422;18604;6929;119384;1977;58
59;Nord;892599;702702;536899;269107;108800;2510107;437412;342389;271537;155488;74298;1281124;455187;360313;265362;113619;34502;1228983;1977;59
60;Oise;219928;183745;126564;62194;27849;620280;107101;87296;61595;34160;18489;308641;112827;96449;64969;28034;9360;311639;1977;60
61;Orne;100345;74967;66177;37172;15393;294054;49082;36613;33217;20668;10749;150329;51263;38354;32960;16504;4644;143725;1977;61
62;Pas-de-Calais;504152;367902;312963;160983;59182;1405182;246902;179999;160054;92684;40480;720119;257250;187903;152909;68299;18702;685063;1977;62
63;Puy-de-Dôme;177199;166952;134818;73194;31562;583725;86703;80891;67195;40607;21408;296804;90496;86061;67623;32587;10154;286921;1977;63
64;Pyrénées-Atlantiques;163159;135898;126912;79904;34509;540382;80093;68022;64361;44064;23161;279701;83066;67876;62551;35840;11348;260681;1977;64
65;Hautes-Pyrénées;64786;56596;56424;35082;14362;227250;31475;28088;28507;18939;9649;116658;33311;28508;27917;16143;4713;110592;1977;65
66;Pyrénées-Orientales;84957;69648;77528;54558;22185;308876;41314;35502;40103;29207;14103;160229;43643;34146;37425;25351;8082;148647;1977;66
67;Bas-Rhin;290434;262928;190745;106657;39346;890110;142823;125543;98272;62079;26240;454957;147611;137385;92473;44578;13106;435153;1977;67
68;Haut-Rhin;208303;186969;140841;73176;29192;638481;101825;88587;71364;42986;20014;324776;106478;98382;69477;30190;9178;313705;1977;68
69;Rhône;455860;435749;322003;153758;64167;1431537;223374;213591;161749;89255;44714;732683;232486;222158;160254;64503;19453;698854;1977;69
70;Haute-Saône;75211;58032;47584;30757;13223;224807;36522;27415;23759;17032;8836;113564;38689;30617;23825;13725;4387;111243;1977;70
71;Saône-et-Loire;179200;144565;130238;80039;36342;570384;87423;69802;65090;43842;24127;290284;91777;74763;65148;36197;12215;280100;1977;71
72;Sarthe;171569;129093;105774;61748;26486;494670;83484;63699;53689;34107;18018;252997;88085;65394;52085;27641;8468;241673;1977;72
73;Savoie;98756;88315;70354;37076;15269;309770;48254;42548;34715;20312;10111;155940;50502;45767;35639;16764;5158;153830;1977;73
74;Haute-Savoie;150013;144785;98957;47617;17878;459250;73127;70108;49201;26283;11915;230634;76886;74677;49756;21334;5963;228616;1977;74
75;Paris;442615;773235;546070;349127;156066;2267113;220209;381834;294412;212984;109740;1219179;222406;391401;251658;136143;46326;1047934;1977;75
76;Seine-Maritime;404278;338305;254306;129181;51639;1177709;198192;165599;128730;72806;35557;600884;206086;172706;125576;56375;16082;576825;1977;76
77;Seine-et-Marne;271693;238554;163436;78646;35772;788101;132766;116887;79759;43397;23663;396472;138927;121667;83677;35249;12109;391629;1977;77
78;Yvelines;381001;357830;247740;84985;37879;1109435;185636;176019;121192;47765;26335;556947;195365;181811;126548;37220;11544;552488;1977;78
79;Deux-Sèvres;111545;84380;74897;46538;20592;337952;54294;41223;37352;24567;13224;170660;57251;43157;37545;21971;7368;167292;1977;79
80;Somme;187895;145573;112446;65526;28809;540249;92520;71207;56533;36292;18830;275382;95375;74366;55913;29234;9979;264867;1977;80
81;Tarn;97346;81756;83566;52165;23688;338521;47097;40583;42205;28197;15296;173378;50249;41173;41361;23968;8392;165143;1977;81
82;Tarn-et-Garonne;54442;44779;44036;29596;12588;185441;26462;22000;22252;15801;8084;94599;27980;22779;21784;13795;4504;90842;1977;82
83;Var;180050;169816;155261;102534;39638;647299;87048;81984;78796;55811;26250;329889;93002;87832;76465;46723;13388;317410;1977;83
84;Vaucluse;122953;110467;92144;52788;21667;400019;59812;53406;46456;28818;14232;202724;63141;57061;45688;23970;7435;197295;1977;84
85;Vendée;156802;116176;98764;62292;25211;459245;76553;56512;49697;34152;17079;233993;80249;59664;49067;28140;8132;225252;1977;85
86;Vienne;114549;95329;78287;50373;22575;361113;56336;46863;39130;26829;14647;183805;58213;48466;39157;23544;7928;177308;1977;86
87;Haute-Vienne;93788;90784;84405;57535;26804;353316;46047;44567;42564;31427;17691;182296;47741;46217;41841;26108;9113;171020;1977;87
88;Vosges;133784;105466;85790;51977;20479;397496;65371;50392;43437;29804;14163;203167;68413;55074;42353;22173;6316;194329;1977;88
89;Yonne;91582;75741;63963;48393;23033;302712;44671;35741;31756;26022;14700;152890;46911;40000;32207;22371;8333;149822;1977;89
90;Territoire de Belfort;42690;37967;28594;14098;5864;129213;20633;17864;14158;8095;3976;64726;22057;20103;14436;6003;1888;64487;1977;90
91;Essonne;328752;304601;202921;68384;32835;937493;160221;150821;98583;38235;22511;470371;168531;153780;104338;30149;10324;467122;1977;91
92;Hauts-de-Seine;379923;460017;360581;156068;66475;1423064;187172;223971;181767;90906;46627;730443;192751;236046;178814;65162;19848;692621;1977;92
93;Seine-Saint-Denis;422602;418904;314528;115910;47178;1319122;205782;202081;154748;66191;32413;661215;216820;216823;159780;49719;14765;657907;1977;93
94;Val-de-Marne;361228;387167;289346;115615;53857;1207213;177908;189983;146503;66157;37887;618438;183320;197184;142843;49458;15970;588775;1977;94
95;Val-d'Oise;296326;272059;192269;68280;30757;859691;144853;134243;94723;38508;21052;433379;151473;137816;97546;29772;9705;426312;1977;95
2A;Corse-du-Sud;26650;29292;24803;16025;6570;103340;12959;12464;12033;8673;4429;50558;13691;16828;12770;7352;2141;52782;1977;201
2B;Haute-Corse;32481;37472;30174;18818;8154;127099;15644;14543;14485;10023;5269;59964;16837;22929;15689;8795;2885;67135;1977;202
01;Ain;122612;107766;82110;49288;19550;381326;59647;50825;39800;26885;12922;190079;62965;56941;42310;22403;6628;191247;1976;1
02;Aisne;187288;140637;113284;65871;27190;534270;91444;67423;56434;36400;17626;269327;95844;73214;56850;29471;9564;264943;1976;2
03;Allier;109220;89475;88409;63329;27212;377645;53409;43696;44468;34440;18027;194040;55811;45779;43941;28889;9185;183605;1976;3
04;Alpes-de-Haute-Provence;33348;28475;25889;17884;7379;112975;16086;13643;12669;9350;4728;56476;17262;14832;13220;8534;2651;56499;1976;4
05;Hautes-Alpes;29350;26341;22567;14378;5713;98349;14176;12650;10956;7567;3702;49051;15174;13691;11611;6811;2011;49298;1976;5
06;Alpes-Maritimes;198120;206887;194247;155850;68432;823536;96548;102680;102733;88739;44476;435176;101572;104207;91514;67111;23956;388360;1976;6
07;Ardèche;78603;63101;58685;40930;17241;258560;38252;30532;29048;22521;11616;131969;40351;32569;29637;18409;5625;126591;1976;7
08;Ardennes;111481;80629;64981;36975;14429;308495;54374;38205;31993;20229;9560;154361;57107;42424;32988;16746;4869;154134;1976;8
09;Ariège;36214;30182;32860;26302;11987;137545;17581;14494;16304;13775;7529;69683;18633;15688;16556;12527;4458;67862;1976;9
10;Aube;92604;78119;60167;38301;16498;285689;45129;37743;30233;21028;10771;144904;47475;40376;29934;17273;5727;140785;1976;10
11;Aude;74076;60227;66924;50255;22239;273721;35630;29700;34193;26838;14304;140665;38446;30527;32731;23417;7935;133056;1976;11
12;Aveyron;79175;64821;65382;49383;19908;278669;38722;31417;32691;26319;12991;142140;40453;33404;32691;23064;6917;136529;1976;12
13;Bouches-du-Rhône;498110;467982;384871;210191;82652;1643806;243078;228576;193281;116800;55560;837295;255032;239406;191590;93391;27092;806511;1976;13
14;Calvados;200917;158850;117632;63453;23642;564494;98446;78455;60064;35926;16974;289865;102471;80395;57568;27527;6668;274629;1976;14
15;Cantal;51500;39288;37994;26855;10669;166306;25206;18597;18623;14246;7122;83794;26294;20691;19371;12609;3547;82512;1976;15
16;Charente;105119;83525;76683;51300;21225;337852;51452;40994;38426;27797;14098;172767;53667;42531;38257;23503;7127;165085;1976;16
17;Charente-Maritime;158299;121901;112052;76321;31483;500056;77303;59883;56764;40857;20825;255632;80996;62018;55288;35464;10658;244424;1976;17
18;Cher;96167;80560;69118;49854;21325;317024;47083;38479;34289;26947;14020;160818;49084;42081;34829;22907;7305;156206;1976;18
19;Corrèze;65125;56006;57880;43753;17980;240744;31527;27111;29225;23517;11812;123192;33598;28895;28655;20236;6168;117552;1976;19
21;Côte-d'Or;152138;131420;95294;55713;23615;458180;74787;64078;47779;30325;15809;232778;77351;67342;47515;25388;7806;225402;1976;21
22;Côtes-d'Armor;170346;125331;120682;82844;28405;527608;82711;60583;60970;46767;20373;271404;87635;64748;59712;36077;8032;256204;1976;22
23;Creuse;36750;29355;34829;30493;14203;145630;18008;13699;17111;16342;9362;74522;18742;15656;17718;14151;4841;71108;1976;23
24;Dordogne;103728;84375;90882;67710;27176;373871;50422;41341;45731;35981;18094;191569;53306;43034;45151;31729;9082;182302;1976;24
25;Doubs;168595;143149;95412;47454;16771;471381;83019;67917;47370;26391;11359;236056;85576;75232;48042;21063;5412;235325;1976;25
26;Drôme;117531;97444;80669;49357;20150;365151;57015;47890;40496;26984;13445;185830;60516;49554;40173;22373;6705;179321;1976;26
27;Eure;150933;117979;88545;50539;19743;427739;73921;56877;43822;27521;13450;215591;77012;61102;44723;23018;6293;212148;1976;27
28;Eure-et-Loir;114375;92471;69891;43989;17646;338372;55371;44403;34496;23367;11393;169030;59004;48068;35395;20622;6253;169342;1976;28
29;Finistère;259128;197893;185715;122621;42089;807446;126675;95928;95211;69657;28901;416372;132453;101965;90504;52964;13188;391074;1976;29
30;Gard;149079;126516;118620;74024;31040;499279;72791;61811;60001;40508;20858;255969;76288;64705;58619;33516;10182;243310;1976;30
31;Haute-Garonne;232473;231212;177770;100626;41042;783123;113703;115602;90903;54755;27266;402229;118770;115610;86867;45871;13776;380894;1976;31
32;Gers;49015;40238;42601;31089;12653;175596;23917;19480;20802;15917;8138;88254;25098;20758;21799;15172;4515;87342;1976;32
33;Gironde;322301;294227;242452;145774;64926;1069680;158121;146866;124432;81893;44796;556108;164180;147361;118020;63881;20130;513572;1976;33
34;Hérault;189962;174535;149385;98414;42553;654849;92962;87330;77175;54115;28099;339681;97000;87205;72210;44299;14454;315168;1976;34
35;Ille-et-Vilaine;243684;196072;151488;87787;29601;708632;119990;97655;77552;50322;21383;366902;123694;98417;73936;37465;8218;341730;1976;35
36;Indre;73357;58253;55603;42337;18525;248075;35669;27952;27723;22520;12061;125925;37688;30301;27880;19817;6464;122150;1976;36
37;Indre-et-Loire;159424;131685;100289;63445;27369;482212;78413;65532;50820;34374;18283;247422;81011;66153;49469;29071;9086;234790;1976;37
38;Isère;286795;259986;187688;97154;37731;869354;139928;125885;92981;54383;25511;438688;146867;134101;94707;42771;12220;430666;1976;38
39;Jura;78438;60787;52373;34545;13509;239652;38124;29109;26326;18664;8983;121206;40314;31678;26047;15881;4526;118446;1976;39
40;Landes;86163;69930;67226;46971;19277;289567;41979;34423;33534;25386;13023;148345;44184;35507;33692;21585;6254;141222;1976;40
41;Loir-et-Cher;90544;71285;60313;44086;19229;285457;44102;34641;30013;23670;12631;145057;46442;36644;30300;20416;6598;140400;1976;41
42;Loire;236812;199731;168440;98354;38747;742084;116072;97114;85054;55503;27084;380827;120740;102617;83386;42851;11663;361257;1976;42
43;Haute-Loire;61630;48841;46531;34026;14743;205771;30016;23297;23291;18678;9939;105221;31614;25544;23240;15348;4804;100550;1976;43
44;Loire-Atlantique;330436;258855;201340;109065;42449;942145;161496;129291;103033;62648;30381;486849;168940;129564;98307;46417;12068;455296;1976;44
45;Loiret;159884;140381;103672;64733;26840;495510;78121;68189;51806;34757;17656;250529;81763;72192;51866;29976;9184;244981;1976;45
46;Lot;41941;34515;35475;28058;11270;151259;20458;16820;17816;14931;7460;77485;21483;17695;17659;13127;3810;73774;1976;46
47;Lot-et-Garonne;85895;70821;69636;47751;19476;293579;42112;34861;35294;25386;12641;150294;43783;35960;34342;22365;6835;143285;1976;47
48;Lozère;21816;18058;16472;12832;5575;74753;10576;8486;7909;6797;3678;37446;11240;9572;8563;6035;1897;37307;1976;48
49;Maine-et-Loire;231954;168410;127613;75760;32140;635877;114078;83731;65188;42074;21852;326923;117876;84679;62425;33686;10288;308954;1976;49
50;Manche;156287;109856;104185;62521;21162;454011;76721;53641;52718;35529;15655;234264;79566;56215;51467;26992;5507;219747;1976;50
51;Marne;184656;157788;106818;58611;23826;531699;90587;76173;53201;32720;15786;268467;94069;81615;53617;25891;8040;263232;1976;51
52;Haute-Marne;74844;55180;44243;27013;10819;212099;36385;26080;21876;14557;7265;106163;38459;29100;22367;12456;3554;105936;1976;52
53;Mayenne;92038;66225;57216;35271;12516;263266;45067;33003;28791;19788;8968;135617;46971;33222;28425;15483;3548;127649;1976;53
54;Meurthe-et-Moselle;245083;210700;155715;80768;29423;721689;120697;100713;77904;45543;19878;364735;124386;109987;77811;35225;9545;356954;1976;54
55;Meuse;69547;51934;43634;27399;11194;203708;33779;24604;21739;15160;7389;102671;35768;27330;21895;12239;3805;101037;1976;55
56;Morbihan;194126;140048;127633;79832;25710;567349;94446;67679;64304;45427;18135;289991;99680;72369;63329;34405;7575;277358;1976;56
57;Moselle;363909;288333;220844;101137;31853;1006076;178088;136772;108644;56153;20820;500477;185821;151561;112200;44984;11033;505599;1976;57
58;Nièvre;71970;57192;54045;42306;19367;244880;34922;27412;27082;22771;12726;124913;37048;29780;26963;19535;6641;119967;1976;58
59;Nord;901029;693594;525453;284656;106243;2510975;441869;336856;265351;163732;72618;1280426;459160;356738;260102;120924;33625;1230549;1976;59
60;Oise;219243;179464;122723;64569;27008;613007;106924;84766;59717;35305;18061;304773;112319;94698;63006;29264;8947;308234;1976;60
61;Orne;101907;73865;64788;38668;14821;294049;49847;36092;32502;21490;10402;150333;52060;37773;32286;17178;4419;143716;1976;61
62;Pas-de-Calais;510811;361682;307918;167566;57464;1405441;250159;176909;157304;95938;39381;719691;260652;184773;150614;71628;18083;685750;1976;62
63;Puy-de-Dôme;178892;164254;131793;76589;30565;582093;87606;79380;65670;42377;20857;295890;91286;84874;66123;34212;9708;286203;1976;63
64;Pyrénées-Atlantiques;164611;133686;123826;82261;33175;537559;80778;67021;62670;45315;22351;278135;83833;66665;61156;36946;10824;259424;1976;64
65;Hautes-Pyrénées;65783;55810;55448;36316;13993;227350;31958;27668;27943;19620;9462;116651;33825;28142;27505;16696;4531;110699;1976;65
66;Pyrénées-Orientales;84169;67453;75339;55375;21389;303725;40962;34386;38905;29639;13669;157561;43207;33067;36434;25736;7720;146164;1976;66
67;Bas-Rhin;293475;257566;186142;111362;37670;886215;144386;122413;96178;64475;25157;452609;149089;135153;89964;46887;12513;433606;1976;67
68;Haut-Rhin;210243;184624;137212;76615;28128;636822;102852;87036;69694;44832;19321;323735;107391;97588;67518;31783;8807;313087;1976;68
69;Rhône;458833;433284;315861;159996;61920;1429894;224808;211437;158552;92736;43306;730839;234025;221847;157309;67260;18614;699055;1976;69
70;Haute-Saône;75530;56842;46273;32095;12900;223640;36759;26642;23156;17732;8662;112951;38771;30200;23117;14363;4238;110689;1976;70
71;Saône-et-Loire;181131;142806;127724;83612;35132;570405;88498;68768;63745;45668;23509;290188;92633;74038;63979;37944;11623;280217;1976;71
72;Sarthe;173084;126885;103442;63889;25500;492800;84340;62659;52395;35317;17498;252209;88744;64226;51047;28572;8002;240591;1976;72
73;Savoie;99172;86636;68525;38350;14671;307354;48472;41651;33733;20964;9765;154585;50700;44985;34792;17386;4906;152769;1976;73
74;Haute-Savoie;149163;141896;95774;48884;17048;452765;72689;68492;47622;26888;11389;227080;76474;73404;48152;21996;5659;225685;1976;74
75;Paris;448512;769816;545939;369456;152825;2286548;223016;378600;295424;224773;107815;1229628;225496;391216;250515;144683;45010;1056920;1976;75
76;Seine-Maritime;408862;333587;249727;133580;49892;1175648;200414;162979;126428;75002;34528;599351;208448;170608;123299;58578;15364;576297;1976;76
77;Seine-et-Marne;266488;231087;156574;81190;34286;769625;130221;112775;76447;44630;22787;386860;136267;118312;80127;36560;11499;382765;1976;77
78;Yvelines;378696;352031;238729;87495;36633;1093584;184414;172526;116713;49183;25517;548353;194282;179505;122016;38312;11116;545231;1976;78
79;Deux-Sèvres;112760;82999;72929;48325;20092;337105;54916;40490;36372;25488;12999;170265;57844;42509;36557;22837;7093;166840;1976;79
80;Somme;189668;143166;110150;68384;28126;539494;93300;69950;55382;37692;18488;274812;96368;73216;54768;30692;9638;264682;1976;80
81;Tarn;98572;80738;81668;54452;22873;338303;47787;40041;41144;29445;14841;173258;50785;40697;40524;25007;8032;165045;1976;81
82;Tarn-et-Garonne;54794;43769;43051;30678;12155;184447;26598;21496;21732;16383;7842;94051;28196;22273;21319;14295;4313;90396;1976;82
83;Var;179000;164925;150418;103280;37982;635605;86549;79346;76319;56169;25229;323612;92451;85579;74099;47111;12753;311993;1976;83
84;Vaucluse;122670;107918;89402;54132;20814;394936;59619;52070;45024;29498;13775;199986;63051;55848;44378;24634;7039;194950;1976;84
85;Vendée;157318;113351;95629;64268;24346;454912;76840;55215;48027;35285;16625;231992;80478;58136;47602;28983;7721;222920;1976;85
86;Vienne;115661;93363;76337;52099;21915;359375;56861;45936;38078;27700;14331;182906;58800;47427;38259;24399;7584;176469;1976;86
87;Haute-Vienne;94658;89246;82915;60004;25930;352753;46406;43709;41799;32720;17261;181895;48252;45537;41116;27284;8669;170858;1976;87
88;Vosges;135584;104272;84225;53958;19859;397898;66231;49650;42674;30844;13806;203205;69353;54622;41551;23114;6053;194693;1976;88
89;Yonne;92100;74338;62247;50320;22293;301298;44915;34998;30850;26961;14380;152104;47185;39340;31397;23359;7913;149194;1976;89
90;Territoire de Belfort;43037;37376;28024;14613;5661;128711;20726;17538;13877;8381;3836;64358;22311;19838;14147;6232;1825;64353;1976;90
91;Essonne;328213;302685;194846;70713;31612;928069;160010;149503;94665;39363;21747;465288;168203;153182;100181;31350;9865;462781;1976;91
92;Hauts-de-Seine;385732;460137;357007;163532;64118;1430526;190115;222396;180332;94798;45256;732897;195617;237741;176675;68734;18862;697629;1976;92
93;Seine-Saint-Denis;425978;416837;309860;121322;45700;1319697;206980;200060;152725;69095;31361;660221;218998;216777;157135;52227;14339;659476;1976;93
94;Val-de-Marne;365512;386771;285216;120551;52345;1210395;180263;189054;144387;68774;36957;619435;185249;197717;140829;51777;15388;590960;1976;94
95;Val-d'Oise;294883;267373;186497;70684;29597;849034;144191;131580;91837;39774;20292;427674;150692;135793;94660;30910;9305;421360;1976;95
2A;Corse-du-Sud;26468;28844;24345;16126;6567;102350;12742;12070;11798;8741;4416;49767;13726;16774;12547;7385;2151;52583;1976;201
2B;Haute-Corse;32054;37628;29673;18736;8169;126260;15309;14342;14258;9997;5250;59156;16745;23286;15415;8739;2919;67104;1976;202
01;Ain;121326;105393;80174;50440;18944;376277;59068;49420;38800;27475;12572;187335;62258;55973;41374;22965;6372;188942;1975;1
02;Aisne;189403;138789;111665;67810;26772;534439;92539;66416;55527;37301;17438;269221;96864;72373;56138;30509;9334;265218;1975;2
03;Allier;110715;88944;87630;65152;26731;379172;54212;43305;44075;35311;17804;194707;56503;45639;43555;29841;8927;184465;1975;3
04;Alpes-de-Haute-Provence;33382;28024;25479;18096;7187;112168;16121;13362;12443;9473;4621;56020;17261;14662;13036;8623;2566;56148;1975;4
05;Hautes-Alpes;29358;25633;22261;14607;5548;97407;14166;12297;10788;7665;3623;48539;15192;13336;11473;6942;1925;48868;1975;5
06;Alpes-Maritimes;197624;203840;191754;156743;65877;815838;96521;100450;101558;89240;42759;430528;101103;103390;90196;67503;23118;385310;1975;6
07;Ardèche;78835;61923;57910;41938;16813;257419;38421;29933;28740;23007;11336;131437;40414;31990;29170;18931;5477;125982;1975;7
08;Ardennes;113152;80149;64037;38213;14253;309804;55124;37830;31494;20808;9502;154758;58028;42319;32543;17405;4751;155046;1975;8
09;Ariège;36789;29820;32673;27061;11750;138093;17834;14374;16141;14158;7429;69936;18955;15446;16532;12903;4321;68157;1975;9
10;Aube;93256;77161;59206;39402;16037;285062;45506;37177;29772;21512;10548;144515;47750;39984;29434;17890;5489;140547;1975;10
11;Aude;74269;59132;66494;51217;21803;272915;35758;29274;33916;27320;14133;140401;38511;29858;32578;23897;7670;132514;1975;11
12;Aveyron;80108;64215;64673;50387;19461;278844;39178;31126;32306;26773;12812;142195;40930;33089;32367;23614;6649;136649;1975;12
13;Bouches-du-Rhône;498687;461172;379815;212023;80285;1631982;243237;224600;190742;117618;54114;830311;255450;236572;189073;94405;26171;801671;1975;13
14;Calvados;201930;156051;115317;64596;22984;560878;99019;77045;58656;36557;16602;287879;102911;79006;56661;28039;6382;272999;1975;14
15;Cantal;52254;38935;37733;27456;10449;166827;25636;18443;18443;14529;7028;84079;26618;20492;19290;12927;3421;82748;1975;15
16;Charente;106304;82492;75695;52303;20747;337541;52021;40476;37855;28287;13860;172499;54283;42016;37840;24016;6887;165042;1975;16
17;Charente-Maritime;159736;120052;110162;77386;30861;498197;78091;58949;55672;41433;20498;254643;81645;61103;54490;35953;10363;243554;1975;17
18;Cher;96819;79607;67958;51242;20905;316531;47241;38067;33668;27643;13836;160455;49578;41540;34290;23599;7069;156076;1975;18
19;Corrèze;65736;55397;57414;44578;17594;240719;31849;26783;28889;23859;11693;123073;33887;28614;28525;20719;5901;117646;1975;19
21;Côte-d'Or;152744;129532;93736;56806;23116;455934;75133;62899;46920;30767;15579;231298;77611;66633;46816;26039;7537;224636;1975;21
22;Côtes-d'Armor;171225;123884;118924;84317;27582;525932;83165;59825;60011;47523;19938;270462;88060;64059;58913;36794;7644;255470;1975;22
23;Creuse;37336;29157;34721;31477;13957;146648;18281;13676;16992;16831;9276;75056;19055;15481;17729;14646;4681;71592;1975;23
24;Dordogne;104758;83379;90130;68923;26519;373709;50862;40857;45278;36599;17815;191411;53896;42522;44852;32324;8704;182298;1975;24
25;Doubs;169941;142505;93656;48392;16193;470687;83802;67211;46391;26834;11055;235293;86139;75294;47265;21558;5138;235394;1975;25
26;Drôme;117450;95717;78976;50268;19565;361976;56968;46964;39669;27434;13082;184117;60482;48753;39307;22834;6483;177859;1975;26
27;Eure;150442;115061;86536;51537;19143;422719;73683;55318;42788;28038;13101;212928;76759;59743;43748;23499;6042;209791;1975;27
28;Eure-et-Loir;114101;90619;68291;44800;17120;334931;55245;43326;33706;23662;11148;167087;58856;47293;34585;21138;5972;167844;1975;28
29;Finistère;260202;194883;183601;124761;41033;804480;127289;94600;94074;70670;28207;414840;132913;100283;89527;54091;12826;389640;1975;29
30;Gard;149043;123704;116715;75219;30220;494901;72734;60304;58994;41147;20415;253594;76309;63400;57721;34072;9805;241307;1975;30
31;Haute-Garonne;232570;227477;175178;101889;39905;777019;114009;113517;89456;55444;26672;399098;118561;113960;85722;46445;13233;377921;1975;31
32;Gers;49622;39862;42233;31562;12404;175683;24253;19247;20569;16123;8073;88265;25369;20615;21664;15439;4331;87418;1975;32
33;Gironde;322031;287901;239378;148563;63822;1061695;158024;143634;122681;83464;44184;551987;164007;144267;116697;65099;19638;509708;1975;33
34;Hérault;189455;170698;146891;99614;41369;648027;92745;85464;75672;54828;27471;336180;96710;85234;71219;44786;13898;311847;1975;34
35;Ille-et-Vilaine;242665;192374;148859;89194;28936;702028;119545;95958;76067;51071;21034;363675;123120;96416;72792;38123;7902;338353;1975;35
36;Indre;74486;57839;55047;43433;18123;248928;36084;27842;27363;23059;11878;126226;38402;29997;27684;20374;6245;122702;1975;36
37;Indre-et-Loire;159991;129112;98213;64300;26770;478386;78594;64208;49719;34813;17957;245291;81397;64904;48494;29487;8813;233095;1975;37
38;Isère;285686;254694;183930;98810;36593;859713;139416;122842;91114;55286;24772;433430;146270;131852;92816;43524;11821;426283;1975;38
39;Jura;78776;60164;51661;35444;13144;239189;38304;28780;25899;19123;8795;120901;40472;31384;25762;16321;4349;118288;1975;39
40;Landes;86747;69123;66152;47767;18771;288560;42264;34020;32919;25788;12755;147746;44483;35103;33233;21979;6016;140814;1975;40
41;Loir-et-Cher;90903;70171;59018;44954;18708;283754;44332;34086;29325;24075;12384;144202;46571;36085;29693;20879;6324;139552;1975;41
42;Loire;238284;199132;166717;101111;37764;743008;116887;96595;83904;57045;26497;380928;121397;102537;82813;44066;11267;362080;1975;42
43;Haute-Loire;62124;48235;45955;35142;14419;205875;30295;22955;23007;19217;9834;105308;31829;25280;22948;15925;4585;100567;1975;43
44;Loire-Atlantique;330125;253938;197702;110691;41610;934066;161466;126833;101107;63428;29915;482749;168659;127105;96595;47263;11695;451317;1975;44
45;Loiret;159056;137626;100915;65830;26277;489704;77853;66584;50366;35296;17431;247530;81203;71042;50549;30534;8846;242174;1975;45
46;Lot;42293;33984;35153;28507;10988;150925;20564;16610;17639;15152;7309;77274;21729;17374;17514;13355;3679;73651;1975;46
47;Lot-et-Garonne;86677;70042;68860;48341;19088;293008;42487;34483;34818;25691;12451;149930;44190;35559;34042;22650;6637;143078;1975;47
48;Lozère;22101;17741;16432;13122;5536;74932;10754;8339;7891;6906;3690;37580;11347;9402;8541;6216;1846;37352;1975;48
49;Maine-et-Loire;231299;164702;125159;77123;31510;629793;113737;81944;63862;42797;21577;323917;117562;82758;61297;34326;9933;305876;1975;49
50;Manche;157424;108078;102407;63793;20533;452235;77198;53051;51747;36251;15308;233555;80226;55027;50660;27542;5225;218680;1975;50
51;Marne;185956;155775;104993;60063;23333;530120;91295;74978;52221;33323;15604;267421;94661;80797;52772;26740;7729;262699;1975;51
52;Haute-Marne;75943;54722;43631;27674;10694;212664;36951;25820;21552;14860;7198;106381;38992;28902;22079;12814;3496;106283;1975;52
53;Mayenne;92082;65473;56190;36007;12201;261953;45166;32603;28226;20210;8798;135003;46916;32870;27964;15797;3403;126950;1975;53
54;Meurthe-et-Moselle;248294;209541;153401;83022;28744;723002;122403;99733;76566;46602;19464;364768;125891;109808;76835;36420;9280;358234;1975;54
55;Meuse;70538;51317;43037;28308;11101;204301;34342;24218;21425;15573;7353;102911;36196;27099;21612;12735;3748;101390;1975;55
56;Morbihan;194284;137967;125726;80896;25066;563939;94508;66831;63152;45983;17779;288253;99776;71136;62574;34913;7287;275686;1975;56
57;Moselle;369706;285466;217769;102809;31017;1006767;181051;134710;107011;56859;20272;499903;188655;150756;110758;45950;10745;506864;1975;57
58;Nièvre;73028;56735;53417;43502;18984;245666;35464;27093;26756;23300;12602;125215;37564;29642;26661;20202;6382;120451;1975;58
59;Nord;907224;685592;519103;295226;104447;2511592;445199;332061;261942;168856;71639;1279697;462025;353531;257161;126370;32808;1231895;1975;59
60;Oise;218006;175662;119508;66292;26344;605812;106424;82456;58126;36119;17737;300862;111582;93206;61382;30173;8607;304950;1975;60
61;Orne;102911;73151;63716;39661;14384;293823;50353;35770;31869;22044;10154;150190;52558;37381;31847;17617;4230;143633;1975;61
62;Pas-de-Calais;515294;356535;304216;172702;56122;1404869;252527;174381;155098;98359;38507;718872;262767;182154;149118;74343;17615;685997;1975;62
63;Puy-de-Dôme;179585;162332;129753;78723;29725;580118;88084;78290;64451;43511;20442;294778;91501;84042;65302;35212;9283;285340;1975;63
64;Pyrénées-Atlantiques;165470;132164;122067;83227;32133;535061;81199;66197;61743;45733;21772;276644;84271;65967;60324;37494;10361;258417;1975;64
65;Hautes-Pyrénées;66688;55175;55043;36865;13735;227506;32444;27332;27671;19920;9328;116695;34244;27843;27372;16945;4407;110811;1975;65
66;Pyrénées-Orientales;83423;65784;74197;55528;20769;299701;40645;33557;38214;29685;13354;155455;42778;32227;35983;25843;7415;144246;1975;66
67;Bas-Rhin;295873;252985;182862;114014;36440;882174;145632;119857;94745;65676;24276;450186;150241;133128;88117;48338;12164;431988;1975;67
68;Haut-Rhin;211846;182154;134658;79061;27192;634911;103652;85378;68542;46149;18640;322361;108194;96776;66116;32912;8552;312550;1975;68
69;Rhône;462087;431570;310785;164659;59945;1429046;226761;209457;155756;95275;42182;729431;235326;222113;155029;69384;17763;699615;1975;69
70;Haute-Saône;75564;55909;45338;32965;12677;222453;36833;26102;22636;18191;8577;112339;38731;29807;22702;14774;4100;110114;1975;70
71;Saône-et-Loire;182510;141372;125961;86022;34351;570216;89276;67950;62636;46895;23147;289904;93234;73422;63325;39127;11204;280312;1975;71
72;Sarthe;173980;124984;101575;65032;24912;490483;84911;61743;51420;35974;17177;251225;89069;63241;50155;29058;7735;239258;1975;72
73;Savoie;98998;85353;67472;39057;14180;305060;48382;40938;33147;21294;9497;153258;50616;44415;34325;17763;4683;151802;1975;73
74;Haute-Savoie;148246;139236;93560;49443;16403;446888;72286;66931;46405;27136;10994;223752;75960;72305;47155;22307;5409;223136;1975;74
75;Paris;458722;762672;550947;386087;150646;2309074;228224;373373;298929;234097;106626;1241249;230498;389299;252018;151990;44020;1067825;1975;75
76;Seine-Maritime;412590;329013;246263;136481;48582;1172929;202414;160566;124396;76428;33804;597608;210176;168447;121867;60053;14778;575321;1975;76
77;Seine-et-Marne;261396;224147;151438;82871;33337;753189;127777;108951;73906;45368;22250;378252;133619;115196;77532;37503;11087;374937;1975;77
78;Yvelines;376058;346981;230577;89114;35565;1078295;183099;169329;112795;50043;24771;540037;192959;177652;117782;39071;10794;538258;1975;78
79;Deux-Sèvres;113349;81961;71645;49388;19696;336039;55218;40002;35729;25947;12880;169776;58131;41959;35916;23441;6816;166263;1975;79
80;Somme;191111;140848;108339;70701;27580;538579;93983;68759;54466;38818;18203;274229;97128;72089;53873;31883;9377;264350;1975;80
81;Tarn;99571;79984;80813;55746;22206;338320;48263;39686;40628;30075;14516;173168;51308;40298;40185;25671;7690;165152;1975;81
82;Tarn-et-Garonne;54987;43003;42497;31227;11885;183599;26733;21097;21425;16674;7709;93638;28254;21906;21072;14553;4176;89961;1975;82
83;Var;177906;161265;147474;102459;36721;625825;85984;77280;74746;55675;24506;318191;91922;83985;72728;46784;12215;307634;1975;83
84;Vaucluse;122131;105930;87483;54485;20231;390260;59302;51044;44002;29602;13455;197405;62829;54886;43481;24883;6776;192855;1975;84
85;Vendée;157381;111003;93494;64995;23723;450596;77028;54064;46967;35618;16353;230030;80353;56939;46527;29377;7370;220566;1975;85
86;Vienne;116272;91610;75059;53141;21368;357450;57160;45036;37400;28176;14116;181888;59112;46574;37659;24965;7252;175562;1975;86
87;Haute-Vienne;95600;88075;81975;61375;25430;352455;46907;42990;41264;33412;17075;181648;48693;45085;40711;27963;8355;170807;1975;87
88;Vosges;137125;103337;82930;55758;19249;398399;67011;49037;41990;31810;13461;203309;70114;54300;40940;23948;5788;195090;1975;88
89;Yonne;92321;73023;61242;51466;21880;299932;44999;34248;30344;27422;14243;151256;47322;38775;30898;24044;7637;148676;1975;89
90;Territoire de Belfort;43203;37061;27561;14937;5518;128280;20861;17217;13690;8535;3751;64054;22342;19844;13871;6402;1767;64226;1975;90
91;Essonne;327410;300427;188033;71921;30786;918577;159738;148167;91123;39896;21272;460196;167672;152260;96910;32025;9514;458381;1975;91
92;Hauts-de-Seine;393070;459849;355374;169242;62521;1440056;193688;221075;179528;97858;44301;736450;199382;238774;175846;71384;18220;703606;1975;92
93;Seine-Saint-Denis;430126;415769;305681;125445;44444;1321465;209114;198049;150860;71166;30550;659739;221012;217720;154821;54279;13894;661726;1975;93
94;Val-de-Marne;369928;386828;282023;124410;51523;1214712;182951;188089;142594;70968;36369;620971;186977;198739;139429;53442;15154;593741;1975;94
95;Val-d'Oise;293014;262872;181391;72473;28545;838295;143406;128978;89246;40735;19546;421911;149608;133894;92145;31738;8999;416384;1975;95
2A;Corse-du-Sud;26285;28470;24259;16033;6449;101496;12592;11690;11741;8736;4339;49098;13693;16780;12518;7297;2110;52398;1975;201
2B;Haute-Corse;31733;37729;29082;19032;7919;125495;15075;14121;13966;10158;5079;58399;16658;23608;15116;8874;2840;67096;1975;202
